double cf L2
3
[0.88, 0.84, 0.92, 0.88, 0.81, 0.83, 0.54, 0.85, 0.93, 0.75, 0.77, 0.92, 0.86, 0.86, 0.92, 0.84, 0.83, 0.87, 0.88, 0.89, 0.85, 0.85, 0.87, 0.9, 0.86, 0.9, 0.85, 0.76, 0.83, 0.88, 0.88, 0.85, 0.87, 0.83, 0.9, 0.9, 0.91, 0.23, 0.84, 0.88, 0.83, 0.83, 0.83, 0.91, 0.77, 0.87, 0.58, 0.88, 0.9, 0.88, 0.84, 0.46, 0.91, 0.9, 0.83, 0.9, 0.88, 0.89, 0.81, 0.83, 0.85, 0.85, 0.93, 0.83, 0.9, 0.81, 0.9, 0.83, 0.83, 0.89, 0.88, 0.89, 0.84, 0.88, 0.85, 0.92, 0.89, 0.86, 0.91, 0.83, 0.83, 0.83, 0.9, 0.83, 0.83, 0.91, 0.89, 0.86, 0.9, 0.89, 0.85, 0.86, 0.83, 0.91, 0.84, 0.83, 0.94, 0.88, 0.89, 0.83]
0.847 0.093
after non-converenge runs
0.864 0.038
5
[0.84, 0.95, 0.9, 0.89, 0.83, 0.9, 0.84, 0.9, 0.83, 0.83, 0.9, 0.91, 0.9, 0.94, 0.9, 0.91, 0.96, 0.9, 0.92, 0.9, 0.84, 0.89, 0.94, 0.94, 0.89, 0.86, 0.9, 0.88, 0.89, 0.89, 0.91, 0.89, 0.85, 0.93, 0.87, 0.86, 0.93, 0.87, 0.89, 0.91, 0.93, 0.94, 0.89, 0.94, 0.89, 0.93, 0.91, 0.88, 0.87, 0.93, 0.84, 0.84, 0.88, 0.84, 0.91, 0.85, 0.92, 0.94, 0.89, 0.94, 0.92, 0.93, 0.84, 0.89, 0.91, 0.89, 0.92, 0.92, 0.91, 0.92, 0.83, 0.85, 0.83, 0.9, 0.91, 0.84, 0.87, 0.92, 0.98, 0.91, 0.9, 0.77, 0.94, 0.88, 0.85, 0.91, 0.88, 0.88, 0.89, 0.89, 0.85, 0.88, 0.93, 0.85, 0.87, 0.88, 0.9, 0.83, 0.83, 0.9]
0.89 0.037
10
[0.95, 0.94, 0.88, 0.96, 0.89, 0.94, 0.95, 0.93, 0.91, 0.92, 0.92, 0.91, 0.83, 0.91, 0.89, 0.89, 0.93, 0.9, 0.95, 0.88, 0.9, 0.89, 0.96, 0.95, 0.98, 0.98, 0.91, 0.94, 0.88, 0.85, 0.93, 0.92, 0.89, 0.94, 0.88, 0.92, 0.96, 0.97, 0.92, 0.94, 0.9, 0.83, 0.94, 0.94, 0.9, 0.89, 0.93, 0.94, 0.94, 0.91, 0.9, 0.84, 0.89, 0.89, 0.96, 0.96, 0.91, 0.87, 0.96, 0.86, 0.91, 0.85, 0.94, 0.92, 0.96, 0.94, 0.97, 0.91, 0.98, 0.96, 0.89, 0.96, 0.91, 0.89, 0.88, 0.97, 0.91, 0.54, 0.87, 0.83, 0.96, 0.87, 0.87, 0.9, 0.84, 0.89, 0.93, 0.95, 0.85, 0.91, 0.92, 0.96, 0.93, 0.83, 0.9, 0.92, 0.9, 0.87, 0.93, 0.94]
0.91 0.053
remove non-convergence runs
0.914 0.038
20
[0.94, 0.93, 0.26, 1.0, 0.93, 0.44, 0.99, 0.96, 0.98, 0.97, 0.92, 0.96, 0.97, 0.84, 0.91, 0.93, 0.98, 0.91, 0.96, 0.96, 0.91, 0.99, 0.99, 0.92, 0.96, 0.94, 0.93, 0.87, 0.98, 0.89, 0.94, 0.91, 0.9, 0.98, 0.9, 0.83, 0.98, 0.88, 0.89, 0.94, 0.91, 0.99, 0.97, 0.97, 0.92, 0.95, 0.96, 0.94, 0.97, 0.93, 0.96, 0.92, 0.95, 0.99, 0.89, 0.93, 0.95, 0.85, 0.95, 0.95, 0.93, 0.96, 0.97, 0.98, 0.91, 0.94, 0.88, 0.94, 0.92, 0.96, 0.91, 0.9, 0.97, 0.93, 0.94, 0.98, 0.98, 0.89, 0.96, 0.93, 0.94, 0.98, 0.95, 0.94, 0.95, 0.93, 0.97, 0.99, 0.91, 0.89, 0.89, 0.93, 0.91, 0.93, 0.9, 0.94, 0.98, 0.98, 0.93, 0.99]
0.927 0.091
after non-convergence runs
0.939 0.036
40
[0.97, 0.99, 0.99, 0.98, 0.46, 0.99, 0.8, 0.98, 0.98, 1.0, 1.0, 0.92, 0.93, 0.98, 0.92, 1.0, 0.99, 0.96, 0.94, 0.92, 0.96, 0.93, 0.99, 0.25, 0.93, 0.95, 0.99, 0.93, 0.97, 0.95, 0.91, 0.99, 0.94, 0.99, 0.99, 0.98, 1.0, 0.91, 0.97, 0.99, 1.0, 0.92, 1.0, 0.94, 1.0, 0.46, 0.98, 0.91, 0.99, 0.98, 0.99, 0.91, 0.91, 1.0, 0.99, 0.97, 1.0, 0.95, 0.99, 0.92, 0.99, 0.99, 0.93, 0.97, 0.99, 0.98, 0.96, 0.94, 0.99, 0.98, 0.99, 0.91, 0.98, 0.94, 0.99, 0.94, 0.99, 0.97, 0.96, 0.97, 1.0, 1.0, 1.0, 0.87, 0.95, 0.99, 0.92, 0.98, 0.99, 0.94, 0.99, 0.86, 1.0, 0.99, 1.0, 0.96, 0.99, 0.99, 0.98, 0.91]
0.947 0.106
after non-convergence runs
0.964 0.036
80
[1.0, 1.0, 1.0, 1.0, 0.99, 0.95, 0.98, 1.0, 1.0, 0.97, 0.99, 0.92, 0.89, 0.99, 0.99, 0.91, 0.99, 0.9, 1.0, 0.99, 1.0, 1.0, 1.0, 0.95, 1.0, 0.92, 1.0, 1.0, 1.0, 0.99, 0.99, 0.98, 0.98, 0.91, 0.99, 1.0, 1.0, 1.0, 0.98, 0.99, 1.0, 0.93, 0.93, 1.0, 0.99, 1.0, 0.85, 0.99, 0.99, 0.99, 1.0, 0.46, 0.99, 0.96, 0.99, 1.0, 1.0, 0.99, 0.99, 1.0, 1.0, 1.0, 1.0, 0.99, 0.94, 0.99, 0.9, 1.0, 1.0, 0.94, 1.0, 0.99, 0.99, 0.99, 0.99, 0.99, 0.93, 1.0, 0.85, 0.99, 0.92, 1.0, 0.99, 1.0, 0.98, 0.99, 0.95, 1.0, 0.98, 0.99, 0.91, 1.0, 0.92, 0.99, 1.0, 0.91, 0.99, 1.0, 1.0, 0.99]
0.972 0.062
after non-convergence runs
0.977 0.034
160
[1.0, 1.0, 0.99, 1.0, 1.0, 1.0, 0.99, 1.0, 0.91, 1.0, 1.0, 1.0, 1.0, 1.0, 1.0, 1.0, 1.0, 1.0, 1.0, 1.0, 1.0, 1.0, 1.0, 0.99, 1.0, 0.99, 1.0, 1.0, 1.0, 1.0, 1.0, 1.0, 0.99, 1.0, 0.99, 0.99, 1.0, 1.0, 1.0, 0.99, 1.0, 1.0, 0.99, 1.0, 0.97, 1.0, 1.0, 1.0, 1.0, 1.0, 1.0, 0.96, 0.99, 1.0, 0.99, 0.99, 1.0, 1.0, 0.99, 1.0, 1.0, 1.0, 1.0, 0.99, 1.0, 1.0, 1.0, 1.0, 0.91, 0.92, 1.0, 1.0, 1.0, 0.99, 1.0, 0.99, 1.0, 0.99, 0.98, 1.0, 1.0, 1.0, 1.0, 0.99, 1.0, 1.0, 0.99, 1.0, 1.0, 0.98, 1.0, 1.0, 1.0, 0.99, 0.99, 0.91, 1.0, 0.97, 0.9, 1.0]
0.992 0.02
320
[1.0, 1.0, 1.0, 0.99, 1.0, 1.0, 1.0, 1.0, 1.0, 0.99, 1.0, 1.0, 1.0, 1.0, 0.91, 1.0, 1.0, 1.0, 1.0, 0.98, 1.0, 0.91, 0.46, 1.0, 1.0, 1.0, 1.0, 1.0, 1.0, 0.99, 1.0, 1.0, 1.0, 1.0, 1.0, 1.0, 1.0, 1.0, 1.0, 0.99, 1.0, 1.0, 0.99, 1.0, 1.0, 1.0, 1.0, 1.0, 1.0, 1.0, 1.0, 1.0, 1.0, 1.0, 1.0, 1.0, 0.99, 1.0, 1.0, 1.0, 1.0, 1.0, 1.0, 1.0, 1.0, 1.0, 1.0, 1.0, 1.0, 1.0, 1.0, 0.99, 1.0, 0.99, 1.0, 1.0, 1.0, 1.0, 1.0, 1.0, 1.0, 1.0, 1.0, 1.0, 1.0, 1.0, 1.0, 1.0, 1.0, 1.0, 0.92, 1.0, 1.0, 1.0, 1.0, 0.99, 1.0, 1.0, 1.0, 0.98]
0.991 0.055
after non-convergence runs
0.996 0.015

double CF L1
3
[0.91, 0.85, 0.86, 0.81, 0.86, 0.86, 0.86, 0.86, 0.9, 0.88, 0.91, 0.94, 0.83, 0.85, 0.84, 0.9, 0.83, 0.54, 0.87, 0.87, 0.87, 0.85, 0.87, 0.83, 0.91, 0.85, 0.83, 0.9, 0.88, 0.88, 0.9, 0.84, 0.76, 0.84, 0.89, 0.85, 0.88, 0.86, 0.85, 0.83, 0.84, 0.89, 0.76, 0.86, 0.91, 0.9, 0.9, 0.88, 0.84, 0.85, 0.92, 0.84, 0.46, 0.84, 0.83, 0.83, 0.88, 0.83, 0.9, 0.83, 0.92, 0.83, 0.74, 0.7, 0.83, 0.84, 0.91, 0.89, 0.87, 0.84, 0.94, 0.83, 0.85, 0.83, 0.83, 0.78, 0.9, 0.87, 0.83, 0.9, 0.86, 0.87, 0.91, 0.91, 0.83, 0.91, 0.92, 0.84, 0.9, 0.78, 0.83, 0.88, 0.84, 0.84, 0.83, 0.54, 0.94, 0.86, 0.76, 0.83]
0.848 0.073
remove non-convergence runs
0.852 0.006
5
[0.83, 0.96, 0.84, 0.86, 0.83, 0.89, 0.87, 0.83, 0.9, 0.89, 0.94, 0.87, 0.87, 0.89, 0.88, 0.92, 0.91, 0.92, 0.85, 0.87, 0.81, 0.87, 0.86, 0.91, 0.89, 0.89, 0.94, 0.89, 0.9, 0.83, 0.93, 0.79, 0.83, 0.93, 0.85, 0.85, 0.46, 0.86, 0.85, 0.83, 0.9, 0.91, 0.9, 0.87, 0.84, 0.54, 0.86, 0.87, 0.88, 0.87, 0.88, 0.88, 0.89, 0.85, 0.88, 0.88, 0.85, 0.88, 0.87, 0.89, 0.95, 0.91, 0.84, 0.89, 0.94, 0.87, 0.92, 0.74, 0.78, 0.9, 0.9, 0.93, 0.88, 0.9, 0.95, 0.88, 0.83, 0.85, 0.83, 0.86, 0.89, 0.46, 0.87, 0.89, 0.9, 0.9, 0.87, 0.87, 0.88, 0.89, 0.85, 0.92, 0.91, 0.89, 0.84, 0.91, 0.91, 0.9, 0.9, 0.84]
0.866 0.076
remove non-convergence run
0.880 0.037
10
[0.91, 0.98, 0.9, 0.92, 0.9, 0.87, 0.9, 0.91, 0.86, 0.88, 0.87, 0.94, 0.88, 0.96, 0.9, 0.87, 0.84, 0.85, 0.88, 0.95, 0.91, 0.89, 0.9, 0.94, 0.85, 0.91, 0.89, 0.94, 0.86, 0.98, 0.84, 0.96, 0.98, 0.88, 0.89, 0.86, 0.93, 0.86, 0.91, 0.91, 0.84, 0.87, 0.94, 0.89, 0.91, 0.91, 0.89, 0.87, 0.9, 0.86, 0.9, 0.89, 0.93, 0.9, 0.9, 0.93, 0.93, 0.89, 0.7, 0.87, 0.89, 0.97, 0.93, 0.91, 0.94, 0.89, 0.94, 0.84, 0.84, 0.88, 0.85, 0.91, 0.88, 0.94, 0.9, 0.87, 0.91, 0.91, 0.92, 0.84, 0.91, 0.89, 0.85, 0.92, 0.95, 0.95, 0.87, 0.89, 0.89, 0.95, 0.84, 0.92, 0.89, 0.59, 0.92, 0.85, 0.92, 0.85, 0.94, 0.87]
0.894 0.05
after non-convergence run
0.897 0.04
20
[0.94, 0.92, 0.92, 0.92, 0.94, 0.93, 0.9, 0.92, 0.87, 0.96, 0.93, 0.85, 0.92, 0.94, 0.9, 0.92, 0.91, 0.96, 0.94, 0.89, 0.94, 0.88, 0.94, 0.92, 0.89, 0.95, 0.91, 0.9, 0.88, 0.93, 0.91, 0.96, 0.92, 0.91, 0.89, 0.91, 0.99, 0.93, 0.94, 0.89, 0.91, 0.94, 0.92, 0.87, 0.91, 0.92, 0.91, 0.97, 0.9, 0.87, 0.93, 0.92, 0.94, 0.91, 0.95, 0.92, 0.97, 0.92, 0.9, 0.93, 0.87, 0.97, 0.94, 0.93, 0.95, 0.85, 0.87, 0.94, 0.92, 0.99, 0.9, 0.93, 0.96, 0.93, 0.97, 0.96, 0.92, 0.91, 0.87, 0.88, 0.94, 0.89, 0.91, 0.91, 0.96, 0.9, 0.91, 0.9, 0.91, 0.95, 0.96, 0.94, 0.93, 0.89, 0.97, 0.92, 0.92, 0.86, 0.92, 0.91]
0.92 0.029
remove non-convergence run
0.920 0.029
40
[0.94, 0.91, 0.94, 0.87, 0.9, 0.89, 0.89, 0.97, 0.95, 0.96, 1.0, 0.97, 0.99, 0.92, 1.0, 0.94, 0.91, 0.99, 0.87, 0.93, 0.98, 0.99, 0.91, 0.92, 0.96, 0.98, 0.94, 0.99, 0.91, 0.91, 0.99, 0.98, 0.92, 0.96, 0.91, 0.97, 0.91, 0.93, 0.87, 0.46, 0.92, 0.99, 0.92, 0.9, 0.93, 0.99, 0.91, 0.89, 0.98, 0.99, 0.91, 0.95, 0.93, 0.9, 0.96, 0.93, 0.98, 0.94, 0.95, 0.99, 0.9, 0.98, 0.92, 0.94, 0.94, 0.93, 0.94, 0.98, 0.91, 0.99, 0.97, 0.93, 0.94, 0.94, 0.89, 0.93, 0.85, 0.93, 0.85, 0.92, 0.98, 0.92, 0.91, 0.99, 0.98, 0.98, 0.87, 0.92, 0.91, 0.99, 0.99, 0.89, 0.89, 0.87, 0.98, 0.99, 0.97, 0.91, 0.88, 0.99]
0.934 0.061
after non-convergence runs
0.939 0.039
80
[0.94, 0.99, 1.0, 0.92, 0.97, 0.92, 0.99, 0.97, 1.0, 0.99, 0.92, 0.98, 1.0, 0.92, 0.46, 0.99, 0.44, 0.99, 1.0, 0.99, 0.93, 0.9, 1.0, 0.93, 1.0, 1.0, 0.98, 0.99, 0.99, 0.93, 0.98, 0.93, 0.99, 0.99, 0.92, 0.97, 0.93, 0.93, 0.99, 0.99, 0.99, 0.99, 0.96, 0.92, 1.0, 0.92, 0.91, 0.99, 0.96, 0.99, 0.92, 0.99, 0.93, 0.99, 0.91, 0.9, 0.94, 0.89, 0.92, 0.99, 0.92, 0.99, 0.92, 0.96, 0.98, 1.0, 0.99, 0.94, 0.91, 0.91, 0.99, 0.98, 0.99, 0.94, 0.92, 0.92, 0.99, 0.99, 0.92, 0.99, 0.99, 1.0, 0.98, 0.99, 1.0, 0.99, 1.0, 0.99, 1.0, 0.99, 0.91, 0.96, 0.91, 0.99, 0.99, 1.0, 0.95, 0.93, 1.0, 0.98]
0.954 0.079
after non-convergence runs
0.964 0.034
160
[1.0, 0.99, 1.0, 0.99, 1.0, 1.0, 0.99, 0.91, 1.0, 0.91, 0.99, 1.0, 1.0, 0.98, 0.99, 0.94, 0.99, 0.98, 0.97, 0.92, 0.99, 0.97, 0.99, 0.99, 0.99, 0.99, 1.0, 1.0, 1.0, 0.99, 0.99, 1.0, 1.0, 0.99, 0.99, 1.0, 0.99, 0.91, 0.99, 0.92, 0.96, 1.0, 0.99, 0.85, 1.0, 0.99, 1.0, 1.0, 1.0, 1.0, 0.99, 0.99, 0.99, 0.99, 0.93, 0.92, 0.98, 0.99, 0.46, 1.0, 0.94, 0.99, 1.0, 0.99, 0.98, 0.99, 0.97, 1.0, 0.46, 0.99, 1.0, 0.99, 1.0, 0.98, 1.0, 0.98, 1.0, 1.0, 1.0, 0.46, 1.0, 0.98, 0.99, 0.92, 1.0, 0.89, 0.9, 1.0, 0.98, 0.99, 1.0, 0.99, 0.99, 0.99, 0.99, 0.94, 0.87, 1.0, 0.99, 1.0]
0.964 0.094
remove non-convergence runs
0.98 0.032
320
[1.0, 0.99, 1.0, 1.0, 1.0, 1.0, 0.99, 0.85, 0.94, 1.0, 0.99, 1.0, 1.0, 1.0, 1.0, 1.0, 0.99, 1.0, 1.0, 0.99, 1.0, 1.0, 0.99, 0.91, 1.0, 1.0, 1.0, 1.0, 1.0, 0.99, 0.99, 1.0, 0.46, 1.0, 1.0, 0.99, 0.99, 0.99, 0.98, 0.99, 1.0, 1.0, 1.0, 0.99, 0.99, 0.99, 1.0, 1.0, 1.0, 1.0, 0.99, 1.0, 1.0, 1.0, 1.0, 1.0, 0.99, 0.99, 1.0, 0.99, 0.99, 0.99, 1.0, 0.99, 1.0, 1.0, 1.0, 0.99, 1.0, 0.98, 1.0, 1.0, 0.99, 0.99, 0.99, 0.83, 1.0, 1.0, 1.0, 1.0, 0.99, 1.0, 1.0, 1.0, 0.97, 1.0, 1.0, 0.99, 1.0, 1.0, 1.0, 1.0, 0.99, 0.99, 0.99, 0.93, 1.0, 1.0, 0.99, 1.0]
0.985 0.059
remove non-convergence runs
0.991 0.025

double CF MAD
3
[0.89, 0.83, 0.95, 0.85, 0.86, 0.83, 0.85, 0.8, 0.85, 0.87, 0.9, 0.88, 0.84, 0.84, 0.85, 0.76, 0.8, 0.83, 0.84, 0.83, 0.9, 0.92, 0.83, 0.84, 0.92, 0.84, 0.86, 0.92, 0.88, 0.77, 0.91, 0.65, 0.85, 0.88, 0.92, 0.83, 0.83, 0.85, 0.88, 0.89, 0.83, 0.85, 0.88, 0.82, 0.83, 0.83, 0.84, 0.75, 0.84, 0.89, 0.83, 0.92, 0.76, 0.83, 0.95, 0.9, 0.88, 0.83, 0.91, 0.83, 0.85, 0.83, 0.85, 0.83, 0.47, 0.88, 0.93, 0.86, 0.81, 0.85, 0.72, 0.9, 0.93, 0.74, 0.95, 0.88, 0.84, 0.95, 0.86, 0.96, 0.84, 0.83, 0.92, 0.88, 0.83, 0.85, 0.91, 0.85, 0.87, 0.83, 0.92, 0.85, 0.94, 0.86, 0.89, 0.88, 0.84, 0.85, 0.84, 0.88]
0.854 0.064
remove non-convergence runs
0.858 0.051
5
[0.85, 0.9, 0.96, 0.91, 0.87, 0.86, 0.96, 0.78, 0.91, 0.87, 0.83, 0.96, 0.92, 0.9, 0.94, 0.88, 0.9, 0.91, 0.84, 0.86, 0.76, 0.92, 0.89, 0.94, 0.84, 0.96, 0.92, 0.88, 0.91, 0.87, 0.94, 0.86, 0.84, 0.91, 0.85, 0.84, 0.89, 0.9, 0.91, 0.92, 0.89, 0.91, 0.91, 0.89, 0.91, 0.93, 0.84, 0.93, 0.92, 0.46, 0.89, 0.87, 0.9, 0.88, 0.93, 0.89, 0.94, 0.87, 0.83, 0.87, 0.65, 0.93, 0.85, 0.93, 0.9, 0.84, 0.93, 0.88, 0.91, 0.83, 0.86, 0.88, 0.86, 0.83, 0.83, 0.84, 0.88, 0.92, 0.91, 0.83, 0.87, 0.89, 0.92, 0.88, 0.83, 0.91, 0.81, 0.83, 0.88, 0.89, 0.84, 0.93, 0.88, 0.89, 0.93, 0.83, 0.88, 0.92, 0.91, 0.83]
0.879 0.062
remove non-convergence runs
0.883 0.046
10
[0.87, 0.96, 0.84, 0.93, 0.93, 0.89, 0.92, 0.87, 0.96, 0.9, 0.92, 0.9, 0.9, 0.93, 0.88, 0.93, 0.91, 0.9, 0.9, 0.91, 0.9, 0.85, 0.94, 0.92, 0.85, 0.89, 0.98, 0.98, 0.98, 0.83, 0.89, 0.96, 0.95, 0.92, 0.9, 0.86, 0.91, 0.94, 0.95, 0.86, 0.84, 0.91, 0.91, 0.93, 0.9, 0.93, 0.97, 0.9, 0.96, 0.91, 0.83, 0.89, 0.92, 0.84, 0.92, 0.94, 0.9, 0.89, 0.9, 0.9, 0.88, 0.89, 0.83, 0.94, 0.92, 0.86, 0.97, 0.93, 0.89, 0.92, 0.89, 0.9, 0.96, 0.89, 0.91, 0.86, 0.88, 0.87, 0.88, 0.91, 0.91, 0.86, 0.93, 0.95, 0.87, 0.9, 0.88, 0.9, 0.89, 0.97, 0.91, 0.94, 0.88, 0.95, 0.92, 0.86, 0.89, 0.92, 0.92, 0.9]
0.906 0.035
20
[0.91, 0.91, 0.93, 0.99, 0.91, 0.95, 0.9, 0.91, 0.95, 0.9, 0.95, 0.91, 0.93, 0.91, 0.92, 0.95, 0.9, 0.97, 0.9, 0.91, 0.99, 0.9, 0.91, 0.89, 0.89, 0.9, 0.92, 0.93, 0.89, 0.91, 0.93, 0.92, 0.97, 0.84, 0.96, 0.9, 0.92, 0.92, 0.87, 0.87, 0.92, 0.89, 0.98, 0.91, 0.94, 0.46, 0.96, 0.93, 0.98, 0.9, 0.88, 0.86, 0.97, 0.91, 0.89, 0.98, 0.99, 0.91, 0.98, 0.97, 0.84, 0.92, 0.95, 0.98, 0.89, 0.9, 0.94, 0.93, 0.98, 0.94, 0.98, 0.94, 0.93, 0.93, 0.91, 0.94, 0.98, 0.93, 0.99, 0.91, 0.92, 0.94, 0.9, 0.92, 0.91, 0.94, 0.91, 0.84, 0.89, 0.91, 0.92, 0.92, 0.92, 0.92, 0.91, 0.98, 0.93, 0.93, 0.95, 0.91]
0.92 0.057
remove non-convergence runs
0.925 0.0334
40
[0.91, 0.92, 0.92, 0.98, 0.98, 0.99, 0.98, 0.92, 0.88, 0.99, 0.94, 1.0, 0.98, 0.95, 0.96, 1.0, 0.94, 0.85, 0.98, 0.96, 0.86, 0.98, 0.9, 0.9, 0.98, 0.92, 0.99, 0.91, 0.78, 0.95, 0.94, 0.96, 0.91, 0.9, 0.88, 0.91, 0.91, 0.99, 0.87, 0.97, 0.91, 0.92, 0.92, 0.92, 0.99, 0.93, 0.99, 0.75, 0.96, 0.88, 0.99, 0.92, 0.98, 0.92, 0.9, 0.92, 0.94, 0.98, 0.93, 0.97, 0.91, 0.96, 0.96, 0.91, 0.99, 0.99, 0.89, 0.99, 0.97, 0.99, 0.97, 0.88, 0.98, 0.98, 0.95, 0.98, 0.98, 0.97, 0.91, 0.98, 0.92, 0.91, 0.98, 0.96, 0.97, 0.96, 0.89, 0.99, 0.91, 0.92, 0.87, 0.82, 0.99, 0.91, 0.92, 0.99, 0.99, 0.93, 0.99, 0.92]
0.939 0.047
80
[0.91, 1.0, 1.0, 0.98, 0.99, 0.98, 0.99, 1.0, 0.92, 0.98, 0.99, 0.99, 0.95, 0.97, 0.99, 0.96, 0.96, 0.99, 0.91, 0.99, 0.9, 0.99, 0.96, 0.99, 0.98, 0.99, 0.99, 0.96, 0.98, 0.9, 1.0, 0.93, 0.92, 0.94, 0.95, 0.94, 0.92, 0.99, 0.88, 0.92, 0.93, 1.0, 0.99, 0.95, 0.93, 0.99, 0.96, 0.94, 0.92, 1.0, 0.96, 0.99, 0.91, 1.0, 0.89, 0.99, 1.0, 0.96, 0.99, 0.92, 0.99, 0.99, 0.9, 0.93, 1.0, 0.99, 0.99, 0.99, 0.99, 0.99, 0.92, 0.98, 1.0, 0.99, 0.99, 0.99, 0.97, 0.93, 0.99, 0.92, 0.99, 0.98, 0.97, 0.97, 0.95, 1.0, 0.99, 0.94, 0.99, 0.98, 0.99, 0.99, 0.99, 0.98, 0.99, 0.99, 0.72, 1.0, 0.88, 0.93]
0.964 0.041
160
[0.99, 0.46, 0.98, 0.99, 0.46, 0.99, 0.91, 0.95, 0.99, 0.93, 0.99, 0.99, 0.99, 0.99, 0.93, 0.99, 0.94, 0.99, 0.99, 1.0, 1.0, 0.99, 1.0, 0.46, 1.0, 0.99, 0.99, 1.0, 0.99, 0.91, 1.0, 0.99, 0.99, 0.96, 1.0, 0.92, 0.9, 0.99, 0.89, 0.98, 1.0, 1.0, 1.0, 0.91, 1.0, 1.0, 0.99, 0.99, 1.0, 1.0, 1.0, 0.98, 0.97, 0.99, 1.0, 0.46, 1.0, 0.95, 1.0, 1.0, 0.89, 0.99, 0.99, 0.87, 0.98, 1.0, 1.0, 1.0, 0.99, 0.99, 0.98, 0.99, 0.94, 1.0, 0.99, 0.99, 0.99, 0.99, 0.99, 0.9, 1.0, 0.99, 1.0, 0.99, 1.0, 0.98, 0.99, 0.99, 1.0, 1.0, 0.99, 1.0, 0.99, 0.91, 0.99, 0.98, 0.91, 1.0, 1.0, 0.99]
0.958 0.106
remove non-convergence runs
0.979 0.032
320
[0.88, 1.0, 1.0, 1.0, 1.0, 1.0, 0.99, 0.99, 1.0, 1.0, 0.99, 0.99, 1.0, 1.0, 1.0, 1.0, 1.0, 1.0, 1.0, 0.99, 1.0, 1.0, 1.0, 0.92, 1.0, 0.98, 1.0, 0.46, 0.99, 1.0, 0.99, 1.0, 1.0, 1.0, 1.0, 1.0, 0.51, 1.0, 0.99, 0.92, 1.0, 1.0, 1.0, 0.91, 0.99, 0.92, 1.0, 0.99, 1.0, 1.0, 1.0, 0.99, 1.0, 1.0, 1.0, 1.0, 1.0, 1.0, 1.0, 1.0, 0.98, 0.99, 0.99, 1.0, 0.99, 1.0, 1.0, 0.98, 1.0, 0.99, 1.0, 0.99, 0.98, 0.99, 1.0, 0.98, 0.98, 1.0, 0.98, 0.99, 1.0, 1.0, 0.98, 1.0, 0.46, 1.0, 1.0, 0.99, 1.0, 1.0, 1.0, 0.99, 1.0, 1.0, 1.0, 1.0, 0.32, 1.0, 0.99, 0.91]
0.968 0.111
remove non-convergence runs
0.991 0.022
