double CF (x, 20, 10, 1)
3
[0.921, 0.869, 0.915, 0.876, 0.898, 0.887, 0.884, 0.898, 0.916, 0.905, 0.876, 0.905, 0.927, 0.905, 0.895, 0.874, 0.902, 0.883, 0.928, 0.854, 0.898, 0.897, 0.906, 0.899, 0.871, 0.882, 0.878, 0.898, 0.896, 0.92, 0.931, 0.885, 0.895, 0.863, 0.91, 0.83, 0.865, 0.902, 0.9, 0.889, 0.895, 0.888, 0.874, 0.856, 0.907, 0.916, 0.902, 0.917, 0.896, 0.887, 0.903, 0.913, 0.872, 0.892, 0.908, 0.871, 0.875, 0.937, 0.86, 0.894, 0.87, 0.922, 0.909, 0.874, 0.888, 0.911, 0.888, 0.85, 0.898, 0.888, 0.94, 0.881, 0.883, 0.908, 0.862, 0.853, 0.931, 0.859, 0.926, 0.883, 0.884, 0.856, 0.856, 0.924, 0.872, 0.901, 0.898, 0.92, 0.914, 0.861, 0.887, 0.911, 0.844, 0.893, 0.911, 0.861, 0.863, 0.877, 0.871, 0.873]
0.891 0.023
5
[0.925, 0.92, 0.906, 0.917, 0.88, 0.918, 0.903, 0.9, 0.889, 0.923, 0.926, 0.904, 0.886, 0.876, 0.931, 0.919, 0.913, 0.928, 0.888, 0.899, 0.921, 0.858, 0.898, 0.881, 0.919, 0.878, 0.878, 0.917, 0.931, 0.912, 0.912, 0.929, 0.905, 0.904, 0.882, 0.877, 0.891, 0.922, 0.857, 0.923, 0.905, 0.903, 0.925, 0.884, 0.876, 0.904, 0.929, 0.926, 0.883, 0.906, 0.912, 0.934, 0.857, 0.905, 0.889, 0.895, 0.921, 0.905, 0.931, 0.863, 0.933, 0.923, 0.897, 0.935, 0.915, 0.875, 0.896, 0.916, 0.919, 0.935, 0.926, 0.924, 0.911, 0.89, 0.885, 0.878, 0.89, 0.923, 0.902, 0.895, 0.9, 0.907, 0.849, 0.896, 0.925, 0.922, 0.907, 0.925, 0.9, 0.887, 0.931, 0.937, 0.883, 0.899, 0.886, 0.891, 0.916, 0.926, 0.918, 0.885]
0.905 0.02
10
[0.922, 0.931, 0.944, 0.915, 0.929, 0.936, 0.9, 0.934, 0.912, 0.889, 0.932, 0.909, 0.93, 0.918, 0.934, 0.924, 0.923, 0.932, 0.92, 0.908, 0.904, 0.902, 0.923, 0.925, 0.891, 0.904, 0.909, 0.934, 0.906, 0.925, 0.91, 0.913, 0.915, 0.917, 0.95, 0.894, 0.913, 0.929, 0.921, 0.918, 0.927, 0.927, 0.907, 0.904, 0.94, 0.935, 0.913, 0.908, 0.911, 0.924, 0.919, 0.945, 0.914, 0.94, 0.925, 0.895, 0.93, 0.902, 0.945, 0.926, 0.928, 0.905, 0.907, 0.897, 0.921, 0.927, 0.932, 0.934, 0.912, 0.9, 0.919, 0.908, 0.929, 0.921, 0.937, 0.949, 0.889, 0.904, 0.938, 0.897, 0.923, 0.931, 0.935, 0.93, 0.904, 0.923, 0.926, 0.902, 0.887, 0.911, 0.917, 0.921, 0.871, 0.927, 0.906, 0.909, 0.919, 0.889, 0.938, 0.93]
0.918 0.015
20
[0.932, 0.943, 0.94, 0.927, 0.934, 0.943, 0.945, 0.944, 0.939, 0.929, 0.939, 0.941, 0.924, 0.905, 0.936, 0.935, 0.934, 0.926, 0.92, 0.909, 0.92, 0.941, 0.932, 0.94, 0.9, 0.946, 0.943, 0.95, 0.943, 0.931, 0.927, 0.938, 0.917, 0.948, 0.927, 0.93, 0.927, 0.935, 0.947, 0.941, 0.927, 0.923, 0.93, 0.934, 0.914, 0.95, 0.939, 0.929, 0.907, 0.925, 0.931, 0.912, 0.904, 0.92, 0.927, 0.959, 0.94, 0.911, 0.919, 0.913, 0.946, 0.917, 0.95, 0.933, 0.928, 0.923, 0.933, 0.953, 0.906, 0.899, 0.939, 0.916, 0.933, 0.935, 0.927, 0.938, 0.94, 0.929, 0.937, 0.937, 0.938, 0.915, 0.939, 0.945, 0.941, 0.942, 0.922, 0.942, 0.927, 0.924, 0.941, 0.941, 0.907, 0.92, 0.938, 0.953, 0.938, 0.914, 0.93, 0.935]
0.931 0.013
40
[0.952, 0.926, 0.959, 0.956, 0.931, 0.953, 0.941, 0.952, 0.961, 0.931, 0.92, 0.947, 0.939, 0.95, 0.948, 0.936, 0.945, 0.935, 0.959, 0.939, 0.956, 0.942, 0.958, 0.956, 0.944, 0.94, 0.937, 0.948, 0.935, 0.959, 0.938, 0.944, 0.949, 0.939, 0.947, 0.95, 0.947, 0.941, 0.946, 0.952, 0.948, 0.948, 0.943, 0.946, 0.939, 0.948, 0.959, 0.939, 0.952, 0.943, 0.942, 0.941, 0.942, 0.933, 0.94, 0.931, 0.944, 0.928, 0.947, 0.945, 0.949, 0.939, 0.966, 0.952, 0.942, 0.958, 0.932, 0.934, 0.953, 0.948, 0.942, 0.94, 0.951, 0.951, 0.932, 0.946, 0.958, 0.956, 0.95, 0.966, 0.939, 0.94, 0.951, 0.948, 0.946, 0.956, 0.945, 0.91, 0.94, 0.951, 0.931, 0.952, 0.943, 0.947, 0.948, 0.954, 0.946, 0.937, 0.95, 0.95]
0.945 0.009
80
[0.952, 0.948, 0.957, 0.961, 0.949, 0.951, 0.951, 0.95, 0.955, 0.949, 0.963, 0.951, 0.953, 0.953, 0.963, 0.951, 0.945, 0.948, 0.974, 0.928, 0.957, 0.954, 0.958, 0.956, 0.962, 0.958, 0.954, 0.958, 0.942, 0.958, 0.953, 0.952, 0.958, 0.961, 0.964, 0.94, 0.946, 0.945, 0.958, 0.945, 0.954, 0.959, 0.953, 0.936, 0.958, 0.969, 0.948, 0.96, 0.948, 0.95, 0.955, 0.954, 0.951, 0.945, 0.968, 0.943, 0.955, 0.948, 0.968, 0.953, 0.956, 0.941, 0.958, 0.958, 0.964, 0.959, 0.945, 0.951, 0.962, 0.962, 0.957, 0.951, 0.953, 0.96, 0.961, 0.929, 0.945, 0.948, 0.936, 0.956, 0.954, 0.942, 0.953, 0.953, 0.96, 0.948, 0.944, 0.952, 0.942, 0.942, 0.946, 0.932, 0.95, 0.954, 0.928, 0.966, 0.941, 0.942, 0.958, 0.953]
0.952 0.009
160
[0.952, 0.967, 0.965, 0.957, 0.96, 0.953, 0.964, 0.964, 0.959, 0.965, 0.954, 0.929, 0.952, 0.96, 0.953, 0.95, 0.957, 0.95, 0.953, 0.958, 0.961, 0.917, 0.957, 0.953, 0.932, 0.954, 0.946, 0.962, 0.921, 0.958, 0.961, 0.948, 0.964, 0.934, 0.958, 0.964, 0.96, 0.965, 0.968, 0.959, 0.964, 0.957, 0.952, 0.948, 0.952, 0.963, 0.958, 0.953, 0.957, 0.962, 0.958, 0.961, 0.949, 0.958, 0.94, 0.958, 0.941, 0.962, 0.967, 0.946, 0.956, 0.949, 0.959, 0.964, 0.961, 0.96, 0.961, 0.955, 0.97, 0.944, 0.967, 0.957, 0.953, 0.95, 0.942, 0.964, 0.953, 0.955, 0.96, 0.95, 0.962, 0.959, 0.966, 0.963, 0.953, 0.955, 0.962, 0.961, 0.884, 0.96, 0.943, 0.935, 0.953, 0.96, 0.954, 0.965, 0.951, 0.957, 0.956, 0.958]
0.955 0.012
320
[0.955, 0.952, 0.954, 0.96, 0.96, 0.959, 0.948, 0.95, 0.931, 0.941, 0.954, 0.957, 0.929, 0.955, 0.966, 0.951, 0.945, 0.96, 0.968, 0.959, 0.956, 0.964, 0.949, 0.963, 0.955, 0.97, 0.961, 0.967, 0.955, 0.959, 0.974, 0.959, 0.919, 0.953, 0.946, 0.954, 0.951, 0.96, 0.971, 0.941, 0.954, 0.959, 0.954, 0.952, 0.972, 0.959, 0.959, 0.962, 0.94, 0.934, 0.963, 0.951, 0.961, 0.952, 0.953, 0.961, 0.959, 0.958, 0.953, 0.962, 0.962, 0.969, 0.963, 0.929, 0.962, 0.964, 0.964, 0.961, 0.951, 0.95, 0.948, 0.955, 0.967, 0.954, 0.929, 0.961, 0.947, 0.943, 0.944, 0.959, 0.96, 0.964, 0.96, 0.96, 0.942, 0.949, 0.946, 0.947, 0.958, 0.953, 0.947, 0.962, 0.966, 0.942, 0.932, 0.959, 0.95, 0.961, 0.961, 0.932]
0.954 0.01
640
[0.961, 0.95, 0.961, 0.969, 0.961, 0.959, 0.953, 0.92, 0.938, 0.948, 0.96, 0.968, 0.966, 0.956, 0.958, 0.971, 0.953, 0.954, 0.956, 0.964, 0.954, 0.958, 0.96, 0.947, 0.955, 0.961, 0.949, 0.965, 0.962, 0.953, 0.95, 0.955, 0.924, 0.957, 0.956, 0.937, 0.944, 0.934, 0.957, 0.959, 0.954, 0.968, 0.953, 0.901, 0.934, 0.948, 0.949, 0.957, 0.947, 0.963, 0.968, 0.939, 0.964, 0.922, 0.887, 0.958, 0.955, 0.956, 0.937, 0.943, 0.956, 0.941, 0.963, 0.948, 0.952, 0.961, 0.96, 0.957, 0.91, 0.935, 0.941, 0.895, 0.954, 0.953, 0.941, 0.955, 0.966, 0.961, 0.964, 0.947, 0.942, 0.953, 0.95, 0.955, 0.908, 0.919, 0.905, 0.967, 0.952, 0.963, 0.945, 0.962, 0.913, 0.938, 0.938, 0.921, 0.952, 0.954, 0.943, 0.951]
0.949 0.017

double CF (x, 20, 5, 1)
3
[0.878, 0.876, 0.927, 0.901, 0.868, 0.495, 0.86, 0.892, 0.897, 0.883, 0.909, 0.859, 0.885, 0.876, 0.876, 0.842, 0.853, 0.918, 0.898, 0.856, 0.899, 0.852, 0.91, 0.856, 0.903, 0.914, 0.883, 0.9, 0.904, 0.869, 0.856, 0.887, 0.907, 0.836, 0.885, 0.854, 0.86, 0.888, 0.913, 0.867, 0.888, 0.889, 0.851, 0.899, 0.869, 0.896, 0.929, 0.92, 0.88, 0.849, 0.898, 0.903, 0.902, 0.834, 0.847, 0.905, 0.868, 0.882, 0.908, 0.915, 0.877, 0.877, 0.915, 0.86, 0.898, 0.863, 0.917, 0.871, 0.869, 0.904, 0.889, 0.855, 0.904, 0.905, 0.883, 0.893, 0.89, 0.867, 0.864, 0.921, 0.849, 0.893, 0.897, 0.87, 0.913, 0.9, 0.889, 0.89, 0.888, 0.901, 0.897, 0.846, 0.882, 0.914, 0.927, 0.916, 0.902, 0.913, 0.921, 0.9]
0.883 0.045
5
[0.924, 0.858, 0.91, 0.877, 0.902, 0.913, 0.859, 0.876, 0.846, 0.92, 0.901, 0.91, 0.892, 0.917, 0.866, 0.881, 0.887, 0.897, 0.895, 0.922, 0.898, 0.885, 0.873, 0.859, 0.922, 0.891, 0.868, 0.932, 0.905, 0.911, 0.893, 0.882, 0.914, 0.925, 0.861, 0.923, 0.811, 0.889, 0.903, 0.651, 0.92, 0.871, 0.916, 0.894, 0.914, 0.889, 0.913, 0.934, 0.889, 0.913, 0.868, 0.902, 0.926, 0.913, 0.912, 0.919, 0.905, 0.905, 0.897, 0.92, 0.888, 0.847, 0.902, 0.92, 0.898, 0.877, 0.897, 0.878, 0.916, 0.878, 0.914, 0.897, 0.864, 0.926, 0.882, 0.912, 0.925, 0.921, 0.918, 0.923, 0.87, 0.887, 0.912, 0.916, 0.865, 0.922, 0.93, 0.883, 0.872, 0.914, 0.93, 0.879, 0.919, 0.879, 0.903, 0.916, 0.857, 0.909, 0.884, 0.914]
0.895 0.034
10
[0.873, 0.932, 0.913, 0.93, 0.932, 0.935, 0.925, 0.92, 0.934, 0.919, 0.876, 0.92, 0.93, 0.936, 0.912, 0.913, 0.913, 0.926, 0.928, 0.93, 0.924, 0.916, 0.931, 0.94, 0.939, 0.949, 0.933, 0.922, 0.924, 0.901, 0.897, 0.939, 0.89, 0.896, 0.9, 0.914, 0.913, 0.905, 0.908, 0.919, 0.884, 0.923, 0.9, 0.92, 0.925, 0.904, 0.876, 0.936, 0.943, 0.924, 0.938, 0.91, 0.915, 0.934, 0.911, 0.934, 0.897, 0.9, 0.925, 0.932, 0.92, 0.909, 0.92, 0.922, 0.908, 0.933, 0.931, 0.898, 0.893, 0.884, 0.923, 0.902, 0.917, 0.874, 0.938, 0.913, 0.912, 0.917, 0.932, 0.947, 0.943, 0.912, 0.941, 0.866, 0.916, 0.918, 0.92, 0.896, 0.908, 0.91, 0.911, 0.932, 0.935, 0.915, 0.94, 0.948, 0.881, 0.906, 0.903, 0.92]
0.917 0.018
20
[0.952, 0.949, 0.935, 0.951, 0.904, 0.921, 0.916, 0.927, 0.927, 0.851, 0.954, 0.962, 0.926, 0.929, 0.94, 0.932, 0.916, 0.955, 0.938, 0.946, 0.892, 0.915, 0.914, 0.942, 0.943, 0.937, 0.943, 0.939, 0.939, 0.935, 0.946, 0.934, 0.925, 0.931, 0.941, 0.948, 0.918, 0.96, 0.938, 0.934, 0.919, 0.916, 0.937, 0.944, 0.903, 0.913, 0.919, 0.941, 0.945, 0.914, 0.918, 0.923, 0.946, 0.94, 0.932, 0.924, 0.937, 0.934, 0.936, 0.942, 0.891, 0.935, 0.931, 0.932, 0.921, 0.948, 0.926, 0.95, 0.919, 0.932, 0.918, 0.94, 0.935, 0.906, 0.923, 0.942, 0.916, 0.94, 0.901, 0.921, 0.936, 0.936, 0.932, 0.953, 0.927, 0.94, 0.882, 0.95, 0.936, 0.919, 0.948, 0.918, 0.909, 0.926, 0.942, 0.924, 0.936, 0.934, 0.919, 0.943]
0.93 0.017
40
[0.941, 0.958, 0.964, 0.916, 0.958, 0.957, 0.952, 0.863, 0.94, 0.942, 0.94, 0.955, 0.878, 0.936, 0.935, 0.93, 0.939, 0.93, 0.947, 0.921, 0.954, 0.941, 0.957, 0.936, 0.95, 0.941, 0.93, 0.948, 0.937, 0.943, 0.956, 0.941, 0.933, 0.948, 0.943, 0.915, 0.95, 0.945, 0.859, 0.95, 0.963, 0.955, 0.94, 0.946, 0.942, 0.946, 0.921, 0.941, 0.935, 0.947, 0.95, 0.938, 0.93, 0.953, 0.946, 0.583, 0.941, 0.962, 0.944, 0.904, 0.946, 0.925, 0.94, 0.917, 0.945, 0.935, 0.945, 0.918, 0.929, 0.962, 0.937, 0.942, 0.941, 0.951, 0.922, 0.938, 0.947, 0.95, 0.95, 0.958, 0.934, 0.943, 0.955, 0.895, 0.943, 0.939, 0.942, 0.953, 0.941, 0.952, 0.965, 0.947, 0.926, 0.924, 0.952, 0.955, 0.94, 0.94, 0.957, 0.941]
0.936 0.04
80
[0.951, 0.961, 0.95, 0.937, 0.956, 0.938, 0.949, 0.924, 0.946, 0.958, 0.969, 0.951, 0.964, 0.945, 0.949, 0.955, 0.966, 0.968, 0.964, 0.953, 0.958, 0.937, 0.947, 0.948, 0.964, 0.938, 0.966, 0.956, 0.954, 0.963, 0.936, 0.958, 0.947, 0.966, 0.963, 0.912, 0.939, 0.95, 0.962, 0.956, 0.94, 0.949, 0.962, 0.954, 0.944, 0.938, 0.952, 0.945, 0.937, 0.956, 0.959, 0.931, 0.964, 0.965, 0.945, 0.964, 0.942, 0.944, 0.958, 0.951, 0.955, 0.962, 0.957, 0.956, 0.925, 0.951, 0.955, 0.952, 0.961, 0.951, 0.969, 0.959, 0.947, 0.957, 0.936, 0.943, 0.945, 0.946, 0.953, 0.915, 0.956, 0.957, 0.963, 0.431, 0.957, 0.951, 0.955, 0.969, 0.957, 0.969, 0.961, 0.947, 0.951, 0.959, 0.951, 0.96, 0.959, 0.945, 0.962, 0.967]
0.947 0.053
160
[0.963, 0.946, 0.952, 0.957, 0.948, 0.965, 0.942, 0.956, 0.952, 0.964, 0.962, 0.928, 0.95, 0.95, 0.953, 0.963, 0.955, 0.962, 0.968, 0.952, 0.963, 0.954, 0.947, 0.952, 0.951, 0.954, 0.942, 0.96, 0.955, 0.945, 0.954, 0.964, 0.962, 0.962, 0.97, 0.913, 0.956, 0.954, 0.953, 0.946, 0.871, 0.957, 0.957, 0.905, 0.958, 0.95, 0.949, 0.966, 0.95, 0.965, 0.958, 0.95, 0.967, 0.957, 0.925, 0.956, 0.954, 0.967, 0.943, 0.962, 0.958, 0.951, 0.964, 0.966, 0.965, 0.96, 0.931, 0.95, 0.959, 0.95, 0.957, 0.954, 0.962, 0.948, 0.963, 0.959, 0.969, 0.946, 0.959, 0.952, 0.957, 0.966, 0.957, 0.963, 0.951, 0.948, 0.966, 0.95, 0.943, 0.963, 0.957, 0.956, 0.959, 0.95, 0.955, 0.955, 0.965, 0.967, 0.92, 0.949]
0.953 0.014
320
[0.955, 0.97, 0.957, 0.963, 0.966, 0.966, 0.961, 0.963, 0.954, 0.958, 0.926, 0.959, 0.954, 0.954, 0.938, 0.967, 0.967, 0.962, 0.966, 0.962, 0.952, 0.969, 0.94, 0.959, 0.954, 0.964, 0.903, 0.958, 0.963, 0.927, 0.88, 0.967, 0.89, 0.958, 0.951, 0.959, 0.97, 0.957, 0.949, 0.963, 0.904, 0.961, 0.956, 0.942, 0.95, 0.971, 0.963, 0.946, 0.953, 0.958, 0.964, 0.958, 0.962, 0.962, 0.95, 0.905, 0.956, 0.959, 0.948, 0.952, 0.962, 0.946, 0.944, 0.966, 0.918, 0.967, 0.962, 0.959, 0.96, 0.956, 0.954, 0.968, 0.936, 0.967, 0.969, 0.953, 0.968, 0.968, 0.952, 0.958, 0.959, 0.955, 0.965, 0.962, 0.954, 0.957, 0.956, 0.95, 0.937, 0.93, 0.947, 0.958, 0.957, 0.961, 0.959, 0.952, 0.962, 0.942, 0.932, 0.954]
0.953 0.017


double CF (X, 20, 15,  1)
3
[0.915, 0.89, 0.871, 0.834, 0.889, 0.909, 0.896, 0.93, 0.933, 0.876, 0.876, 0.884, 0.912, 0.927, 0.898, 0.904, 0.92, 0.877, 0.903, 0.834, 0.888, 0.868, 0.854, 0.872, 0.857, 0.871, 0.883, 0.887, 0.88, 0.878, 0.945, 0.865, 0.859, 0.88, 0.875, 0.902, 0.885, 0.898, 0.889, 0.908, 0.887, 0.904, 0.936, 0.887, 0.866, 0.852, 0.881, 0.885, 0.9, 0.868, 0.87, 0.907, 0.893, 0.884, 0.905, 0.926, 0.901, 0.929, 0.863, 0.877, 0.872, 0.884, 0.891, 0.882, 0.899, 0.887, 0.916, 0.893, 0.929, 0.861, 0.892, 0.884, 0.852, 0.939, 0.904, 0.888, 0.88, 0.934, 0.887, 0.892, 0.831, 0.903, 0.888, 0.851, 0.939, 0.865, 0.896, 0.884, 0.87, 0.93, 0.937, 0.898, 0.877, 0.896, 0.923, 0.901, 0.86, 0.919, 0.921, 0.901]
0.891 0.025
5
[0.908, 0.886, 0.912, 0.91, 0.881, 0.905, 0.895, 0.91, 0.92, 0.938, 0.939, 0.906, 0.901, 0.902, 0.872, 0.895, 0.921, 0.918, 0.886, 0.905, 0.877, 0.926, 0.892, 0.946, 0.9, 0.898, 0.913, 0.921, 0.916, 0.872, 0.921, 0.923, 0.861, 0.895, 0.916, 0.895, 0.896, 0.915, 0.919, 0.889, 0.895, 0.864, 0.927, 0.927, 0.903, 0.888, 0.914, 0.854, 0.911, 0.903, 0.895, 0.915, 0.892, 0.902, 0.935, 0.885, 0.915, 0.914, 0.924, 0.916, 0.907, 0.904, 0.863, 0.889, 0.923, 0.897, 0.876, 0.921, 0.862, 0.915, 0.902, 0.912, 0.923, 0.885, 0.924, 0.917, 0.925, 0.927, 0.881, 0.86, 0.901, 0.888, 0.853, 0.917, 0.885, 0.875, 0.87, 0.884, 0.904, 0.909, 0.888, 0.869, 0.911, 0.93, 0.897, 0.941, 0.905, 0.907, 0.91, 0.877]
0.902 0.02
10
[0.913, 0.909, 0.924, 0.934, 0.918, 0.904, 0.904, 0.926, 0.917, 0.924, 0.914, 0.883, 0.898, 0.917, 0.92, 0.931, 0.919, 0.934, 0.891, 0.91, 0.897, 0.936, 0.94, 0.935, 0.916, 0.921, 0.915, 0.908, 0.909, 0.897, 0.933, 0.921, 0.93, 0.942, 0.917, 0.913, 0.911, 0.916, 0.92, 0.904, 0.905, 0.878, 0.876, 0.915, 0.914, 0.913, 0.921, 0.913, 0.9, 0.906, 0.907, 0.908, 0.907, 0.929, 0.931, 0.904, 0.888, 0.937, 0.922, 0.927, 0.914, 0.916, 0.894, 0.921, 0.929, 0.93, 0.935, 0.91, 0.925, 0.919, 0.912, 0.933, 0.936, 0.902, 0.926, 0.937, 0.932, 0.897, 0.932, 0.911, 0.927, 0.942, 0.916, 0.934, 0.937, 0.93, 0.959, 0.918, 0.889, 0.948, 0.875, 0.909, 0.885, 0.925, 0.907, 0.918, 0.909, 0.916, 0.91, 0.918]
0.917 0.016
20
[0.922, 0.916, 0.912, 0.908, 0.92, 0.951, 0.911, 0.956, 0.923, 0.933, 0.949, 0.935, 0.928, 0.918, 0.945, 0.931, 0.942, 0.932, 0.938, 0.913, 0.927, 0.938, 0.954, 0.941, 0.928, 0.934, 0.94, 0.894, 0.924, 0.948, 0.929, 0.948, 0.936, 0.93, 0.93, 0.93, 0.929, 0.941, 0.953, 0.939, 0.944, 0.909, 0.929, 0.93, 0.941, 0.904, 0.944, 0.929, 0.941, 0.931, 0.948, 0.939, 0.932, 0.915, 0.94, 0.917, 0.924, 0.918, 0.939, 0.942, 0.934, 0.931, 0.95, 0.941, 0.942, 0.918, 0.916, 0.924, 0.932, 0.95, 0.929, 0.943, 0.943, 0.936, 0.947, 0.932, 0.925, 0.938, 0.917, 0.922, 0.938, 0.928, 0.946, 0.933, 0.92, 0.934, 0.939, 0.935, 0.931, 0.926, 0.946, 0.945, 0.927, 0.927, 0.914, 0.926, 0.915, 0.927, 0.937, 0.932]
0.932 0.012
40
[0.95, 0.923, 0.936, 0.937, 0.935, 0.958, 0.942, 0.943, 0.955, 0.954, 0.928, 0.94, 0.95, 0.947, 0.937, 0.957, 0.949, 0.952, 0.95, 0.945, 0.95, 0.941, 0.944, 0.939, 0.944, 0.942, 0.952, 0.937, 0.941, 0.936, 0.927, 0.954, 0.944, 0.935, 0.917, 0.927, 0.939, 0.943, 0.939, 0.939, 0.963, 0.953, 0.938, 0.943, 0.945, 0.938, 0.945, 0.95, 0.94, 0.948, 0.935, 0.944, 0.94, 0.947, 0.933, 0.924, 0.951, 0.94, 0.934, 0.954, 0.944, 0.962, 0.926, 0.95, 0.957, 0.937, 0.94, 0.938, 0.938, 0.935, 0.955, 0.953, 0.916, 0.956, 0.952, 0.94, 0.95, 0.919, 0.959, 0.942, 0.931, 0.945, 0.935, 0.957, 0.943, 0.949, 0.939, 0.942, 0.936, 0.935, 0.961, 0.92, 0.936, 0.929, 0.96, 0.953, 0.94, 0.956, 0.938, 0.943]
0.943 0.01
80
[0.954, 0.925, 0.946, 0.953, 0.953, 0.962, 0.953, 0.949, 0.955, 0.95, 0.945, 0.95, 0.952, 0.956, 0.963, 0.954, 0.95, 0.949, 0.951, 0.946, 0.96, 0.958, 0.961, 0.939, 0.953, 0.963, 0.952, 0.948, 0.953, 0.949, 0.957, 0.95, 0.954, 0.916, 0.959, 0.958, 0.961, 0.958, 0.947, 0.947, 0.971, 0.945, 0.938, 0.941, 0.954, 0.968, 0.955, 0.959, 0.947, 0.948, 0.941, 0.95, 0.941, 0.941, 0.96, 0.961, 0.956, 0.966, 0.968, 0.956, 0.959, 0.961, 0.952, 0.953, 0.941, 0.941, 0.957, 0.934, 0.947, 0.961, 0.953, 0.944, 0.952, 0.949, 0.945, 0.962, 0.938, 0.951, 0.948, 0.958, 0.949, 0.96, 0.949, 0.966, 0.947, 0.953, 0.954, 0.956, 0.945, 0.965, 0.955, 0.957, 0.948, 0.954, 0.947, 0.955, 0.951, 0.941, 0.95, 0.94]
0.952 0.009
160
[0.958, 0.942, 0.957, 0.962, 0.952, 0.948, 0.968, 0.959, 0.957, 0.959, 0.952, 0.952, 0.964, 0.948, 0.959, 0.958, 0.961, 0.961, 0.955, 0.951, 0.951, 0.963, 0.956, 0.951, 0.949, 0.948, 0.953, 0.947, 0.969, 0.954, 0.96, 0.954, 0.958, 0.97, 0.955, 0.968, 0.951, 0.942, 0.952, 0.965, 0.961, 0.95, 0.961, 0.958, 0.928, 0.953, 0.939, 0.956, 0.959, 0.948, 0.95, 0.953, 0.935, 0.967, 0.952, 0.957, 0.964, 0.951, 0.945, 0.947, 0.949, 0.95, 0.947, 0.945, 0.955, 0.963, 0.961, 0.961, 0.97, 0.966, 0.964, 0.957, 0.958, 0.962, 0.955, 0.961, 0.955, 0.954, 0.947, 0.939, 0.951, 0.95, 0.966, 0.955, 0.955, 0.955, 0.972, 0.927, 0.955, 0.959, 0.952, 0.961, 0.961, 0.955, 0.965, 0.95, 0.958, 0.962, 0.959, 0.959]
0.955 0.008
320
[0.96, 0.96, 0.963, 0.958, 0.951, 0.941, 0.959, 0.96, 0.943, 0.959, 0.963, 0.951, 0.941, 0.955, 0.956, 0.944, 0.963, 0.962, 0.96, 0.942, 0.94, 0.951, 0.962, 0.942, 0.955, 0.937, 0.951, 0.953, 0.954, 0.971, 0.955, 0.947, 0.928, 0.959, 0.94, 0.962, 0.962, 0.963, 0.957, 0.945, 0.962, 0.963, 0.957, 0.959, 0.941, 0.952, 0.958, 0.957, 0.955, 0.969, 0.954, 0.955, 0.959, 0.963, 0.949, 0.958, 0.956, 0.951, 0.952, 0.952, 0.956, 0.913, 0.968, 0.957, 0.948, 0.94, 0.954, 0.951, 0.951, 0.925, 0.957, 0.966, 0.94, 0.948, 0.953, 0.961, 0.948, 0.965, 0.963, 0.901, 0.955, 0.965, 0.957, 0.912, 0.954, 0.951, 0.958, 0.95, 0.944, 0.965, 0.96, 0.946, 0.95, 0.947, 0.95, 0.955, 0.948, 0.963, 0.95, 0.937]
0.952 0.011

double CF (X, 20, 10, 10, 1)
3
[0.934, 0.876, 0.9, 0.909, 0.892, 0.865, 0.876, 0.883, 0.922, 0.913, 0.9, 0.902, 0.932, 0.904, 0.913, 0.888, 0.878, 0.888, 0.924, 0.892, 0.895, 0.929, 0.918, 0.87, 0.884, 0.873, 0.908, 0.881, 0.921, 0.866, 0.891, 0.88, 0.93, 0.883, 0.88, 0.898, 0.858, 0.872, 0.91, 0.894, 0.877, 0.872, 0.896, 0.894, 0.935, 0.909, 0.889, 0.851, 0.912, 0.891, 0.91, 0.86, 0.862, 0.843, 0.875, 0.871, 0.921, 0.884, 0.887, 0.882, 0.921, 0.858, 0.937, 0.916, 0.905, 0.924, 0.864, 0.898, 0.926, 0.905, 0.893, 0.918, 0.876, 0.909, 0.907, 0.891, 0.887, 0.868, 0.897, 0.892, 0.9, 0.919, 0.919, 0.919, 0.924, 0.893, 0.914, 0.913, 0.91, 0.897, 0.934, 0.902, 0.922, 0.871, 0.909, 0.892, 0.896, 0.877, 0.935, 0.895]
0.897 0.021
5
[0.947, 0.865, 0.889, 0.894, 0.843, 0.881, 0.878, 0.874, 0.885, 0.911, 0.902, 0.931, 0.899, 0.916, 0.87, 0.919, 0.902, 0.928, 0.935, 0.887, 0.908, 0.912, 0.94, 0.86, 0.915, 0.916, 0.899, 0.916, 0.929, 0.868, 0.925, 0.921, 0.922, 0.937, 0.92, 0.905, 0.914, 0.925, 0.897, 0.916, 0.868, 0.874, 0.919, 0.923, 0.932, 0.908, 0.881, 0.882, 0.92, 0.93, 0.9, 0.904, 0.916, 0.917, 0.937, 0.894, 0.872, 0.895, 0.886, 0.891, 0.933, 0.909, 0.887, 0.866, 0.891, 0.845, 0.857, 0.922, 0.886, 0.932, 0.931, 0.908, 0.904, 0.92, 0.906, 0.915, 0.865, 0.91, 0.898, 0.909, 0.887, 0.926, 0.913, 0.894, 0.904, 0.91, 0.913, 0.916, 0.882, 0.852, 0.912, 0.896, 0.917, 0.927, 0.868, 0.923, 0.864, 0.887, 0.913, 0.946]
0.903 0.023
10
[0.904, 0.936, 0.914, 0.903, 0.91, 0.929, 0.915, 0.932, 0.928, 0.947, 0.905, 0.912, 0.926, 0.91, 0.952, 0.917, 0.908, 0.929, 0.931, 0.902, 0.9, 0.921, 0.9, 0.92, 0.943, 0.93, 0.945, 0.913, 0.892, 0.933, 0.891, 0.931, 0.934, 0.905, 0.921, 0.923, 0.916, 0.924, 0.914, 0.94, 0.878, 0.901, 0.9, 0.926, 0.899, 0.927, 0.948, 0.906, 0.925, 0.943, 0.915, 0.921, 0.939, 0.91, 0.915, 0.922, 0.897, 0.919, 0.934, 0.915, 0.938, 0.912, 0.911, 0.939, 0.896, 0.929, 0.919, 0.908, 0.913, 0.929, 0.933, 0.934, 0.914, 0.935, 0.918, 0.926, 0.925, 0.921, 0.9, 0.902, 0.939, 0.925, 0.947, 0.927, 0.931, 0.917, 0.917, 0.932, 0.93, 0.909, 0.903, 0.92, 0.908, 0.915, 0.916, 0.925, 0.924, 0.904, 0.93, 0.94]
0.92 0.014
20
[0.943, 0.945, 0.936, 0.929, 0.928, 0.923, 0.944, 0.928, 0.93, 0.93, 0.92, 0.921, 0.92, 0.927, 0.937, 0.945, 0.908, 0.92, 0.935, 0.963, 0.935, 0.926, 0.929, 0.925, 0.926, 0.935, 0.924, 0.931, 0.944, 0.928, 0.94, 0.931, 0.94, 0.902, 0.91, 0.914, 0.936, 0.929, 0.935, 0.946, 0.939, 0.931, 0.919, 0.943, 0.939, 0.9, 0.891, 0.934, 0.928, 0.95, 0.927, 0.922, 0.932, 0.942, 0.923, 0.918, 0.944, 0.924, 0.949, 0.928, 0.919, 0.888, 0.928, 0.931, 0.939, 0.915, 0.934, 0.947, 0.931, 0.949, 0.911, 0.929, 0.945, 0.935, 0.949, 0.932, 0.935, 0.939, 0.925, 0.89, 0.924, 0.91, 0.938, 0.941, 0.942, 0.933, 0.943, 0.93, 0.937, 0.917, 0.931, 0.91, 0.937, 0.914, 0.918, 0.936, 0.874, 0.926, 0.93, 0.927]
0.929 0.014
40
[0.923, 0.939, 0.922, 0.937, 0.955, 0.933, 0.946, 0.942, 0.939, 0.945, 0.956, 0.964, 0.947, 0.957, 0.952, 0.965, 0.952, 0.932, 0.95, 0.943, 0.952, 0.938, 0.938, 0.945, 0.948, 0.931, 0.937, 0.945, 0.94, 0.937, 0.925, 0.929, 0.952, 0.95, 0.956, 0.936, 0.944, 0.937, 0.938, 0.952, 0.952, 0.905, 0.931, 0.94, 0.942, 0.943, 0.921, 0.94, 0.943, 0.936, 0.949, 0.954, 0.923, 0.925, 0.949, 0.946, 0.946, 0.938, 0.948, 0.955, 0.957, 0.956, 0.947, 0.927, 0.933, 0.94, 0.929, 0.962, 0.951, 0.956, 0.933, 0.938, 0.946, 0.926, 0.929, 0.944, 0.907, 0.964, 0.945, 0.935, 0.953, 0.929, 0.951, 0.937, 0.943, 0.952, 0.953, 0.944, 0.937, 0.943, 0.956, 0.959, 0.944, 0.932, 0.929, 0.948, 0.948, 0.935, 0.949, 0.941]
0.942 0.011
80
[0.96, 0.943, 0.953, 0.95, 0.953, 0.938, 0.935, 0.966, 0.954, 0.933, 0.956, 0.947, 0.95, 0.95, 0.929, 0.926, 0.927, 0.946, 0.936, 0.949, 0.941, 0.944, 0.959, 0.951, 0.96, 0.962, 0.946, 0.946, 0.96, 0.928, 0.947, 0.962, 0.964, 0.949, 0.966, 0.939, 0.947, 0.963, 0.932, 0.959, 0.949, 0.939, 0.947, 0.929, 0.946, 0.942, 0.954, 0.943, 0.967, 0.936, 0.94, 0.937, 0.959, 0.937, 0.945, 0.949, 0.949, 0.963, 0.947, 0.946, 0.962, 0.948, 0.933, 0.962, 0.96, 0.956, 0.942, 0.93, 0.965, 0.943, 0.968, 0.954, 0.948, 0.926, 0.938, 0.939, 0.961, 0.923, 0.954, 0.959, 0.933, 0.952, 0.946, 0.934, 0.966, 0.935, 0.945, 0.953, 0.939, 0.941, 0.956, 0.95, 0.952, 0.91, 0.954, 0.936, 0.952, 0.965, 0.958, 0.952]
0.948 0.012
160
[0.966, 0.946, 0.956, 0.955, 0.954, 0.925, 0.947, 0.942, 0.954, 0.948, 0.969, 0.952, 0.958, 0.956, 0.956, 0.961, 0.95, 0.934, 0.957, 0.955, 0.959, 0.958, 0.96, 0.958, 0.956, 0.955, 0.943, 0.962, 0.953, 0.951, 0.943, 0.958, 0.96, 0.952, 0.951, 0.954, 0.939, 0.963, 0.955, 0.952, 0.953, 0.957, 0.948, 0.947, 0.957, 0.963, 0.962, 0.954, 0.958, 0.933, 0.926, 0.948, 0.955, 0.932, 0.953, 0.96, 0.973, 0.956, 0.958, 0.955, 0.908, 0.95, 0.956, 0.959, 0.951, 0.957, 0.948, 0.956, 0.925, 0.943, 0.963, 0.941, 0.948, 0.94, 0.966, 0.943, 0.954, 0.957, 0.954, 0.943, 0.96, 0.956, 0.948, 0.955, 0.954, 0.953, 0.958, 0.966, 0.937, 0.945, 0.941, 0.938, 0.948, 0.951, 0.948, 0.959, 0.966, 0.953, 0.95, 0.964]
0.952 0.01
320
[0.951, 0.959, 0.936, 0.956, 0.968, 0.957, 0.954, 0.936, 0.959, 0.958, 0.93, 0.955, 0.96, 0.948, 0.954, 0.947, 0.959, 0.957, 0.959, 0.958, 0.953, 0.952, 0.96, 0.964, 0.961, 0.958, 0.947, 0.952, 0.944, 0.958, 0.958, 0.961, 0.95, 0.953, 0.955, 0.953, 0.946, 0.934, 0.929, 0.952, 0.952, 0.957, 0.931, 0.943, 0.951, 0.952, 0.954, 0.945, 0.936, 0.964, 0.953, 0.947, 0.951, 0.974, 0.953, 0.948, 0.938, 0.949, 0.951, 0.915, 0.964, 0.956, 0.966, 0.927, 0.971, 0.949, 0.95, 0.945, 0.959, 0.956, 0.953, 0.952, 0.958, 0.949, 0.971, 0.947, 0.963, 0.963, 0.943, 0.96, 0.954, 0.956, 0.958, 0.956, 0.957, 0.96, 0.949, 0.959, 0.957, 0.964, 0.961, 0.962, 0.947, 0.948, 0.919, 0.947, 0.97, 0.96, 0.944, 0.948]
0.952 0.01
