double cf (0.6, 0.4)
3
[0.97, 0.98, 0.94, 0.93, 0.99, 0.97, 0.96, 0.98, 0.98, 0.98, 0.96, 0.97, 0.97, 0.97, 0.97, 0.96, 0.99, 0.96, 0.98, 0.96, 0.93, 0.99, 0.98, 0.93, 0.97, 0.96, 0.95, 0.96, 0.98, 0.99, 0.94, 0.98, 0.99, 0.99, 0.99, 0.9, 0.98, 0.99, 0.96, 0.94, 0.97, 0.99, 0.92, 0.98, 0.97, 0.99, 0.93, 0.95, 0.98, 0.98, 0.96, 0.98, 0.99, 0.99, 0.94, 0.99, 0.9, 0.97, 0.97, 0.96, 0.89, 0.96, 0.98, 0.99, 0.92, 0.97, 0.98, 0.95, 0.99, 0.99, 0.98, 0.98, 0.91, 0.99, 0.98, 0.98, 0.99, 0.93, 0.96, 0.99, 0.94, 0.94, 0.96, 0.99, 0.95, 0.92, 0.99, 0.94, 0.98, 0.98, 0.99, 0.92, 0.97, 0.97, 0.97, 0.99, 0.97, 0.95, 0.98, 0.98]
0.966 0.024
5
[0.98, 0.98, 0.97, 0.93, 0.98, 0.98, 0.97, 0.92, 0.99, 0.97, 0.93, 0.98, 0.97, 0.99, 0.99, 0.99, 0.98, 0.98, 0.99, 0.98, 0.98, 0.98, 0.99, 0.98, 0.98, 0.85, 0.92, 1.0, 0.97, 0.93, 0.98, 0.89, 0.97, 0.99, 0.99, 0.95, 0.93, 0.97, 0.99, 0.98, 0.95, 0.96, 0.99, 0.99, 0.97, 0.99, 0.98, 0.93, 0.96, 0.98, 0.97, 0.98, 0.96, 0.99, 0.98, 0.98, 0.99, 0.97, 0.99, 0.95, 0.96, 0.99, 0.98, 0.99, 0.98, 0.89, 0.95, 0.99, 0.93, 0.99, 0.99, 0.96, 0.97, 0.93, 0.97, 0.98, 0.99, 0.95, 0.97, 0.96, 0.97, 0.99, 0.96, 0.98, 0.98, 0.96, 0.99, 0.98, 0.95, 0.89, 0.94, 0.98, 0.97, 0.91, 0.98, 0.98, 0.97, 0.96, 0.96, 0.98]
0.967 0.026
10
[0.99, 0.99, 0.99, 0.97, 0.97, 0.98, 0.99, 0.93, 0.99, 0.99, 0.99, 0.98, 0.98, 0.98, 0.98, 0.98, 0.98, 0.98, 0.98, 0.99, 0.98, 0.98, 0.98, 0.98, 0.98, 0.98, 0.99, 0.98, 0.97, 0.98, 0.98, 0.98, 0.98, 0.97, 0.98, 0.98, 0.97, 0.97, 0.97, 0.99, 0.98, 0.99, 0.98, 0.98, 0.99, 0.94, 0.98, 0.98, 0.98, 0.99, 0.99, 0.98, 1.0, 0.98, 0.99, 0.99, 0.97, 0.98, 0.99, 0.97, 0.99, 0.98, 0.98, 0.99, 0.99, 0.97, 0.99, 0.98, 0.98, 0.98, 0.98, 0.99, 0.99, 0.98, 0.98, 0.99, 0.98, 0.99, 0.98, 0.99, 0.96, 0.97, 0.97, 0.98, 0.97, 0.99, 0.98, 0.98, 0.98, 0.98, 0.97, 0.98, 0.99, 0.98, 0.98, 0.99, 0.95, 0.98, 0.96, 0.99]
0.98 0.01
20
[0.99, 0.98, 0.97, 0.97, 0.99, 0.98, 0.98, 0.96, 0.98, 0.98, 0.99, 0.98, 0.95, 0.97, 0.98, 0.98, 0.99, 0.97, 0.99, 0.97, 0.98, 0.98, 0.99, 0.98, 0.99, 0.97, 0.98, 0.98, 0.98, 0.99, 0.98, 0.98, 0.98, 0.98, 0.99, 0.99, 0.98, 0.98, 0.98, 0.98, 0.99, 0.95, 0.99, 0.99, 0.99, 0.99, 0.98, 0.98, 0.98, 0.98, 0.98, 0.97, 0.97, 0.97, 0.99, 0.99, 0.99, 0.96, 0.98, 0.99, 0.98, 0.98, 0.98, 0.99, 0.97, 0.99, 0.98, 0.99, 0.99, 0.99, 0.98, 0.99, 0.97, 0.97, 0.98, 0.98, 0.96, 0.98, 0.98, 0.99, 0.98, 0.98, 0.99, 0.98, 0.99, 0.99, 0.99, 0.99, 0.99, 0.99, 0.98, 0.98, 0.98, 0.98, 0.99, 0.98, 0.97, 0.98, 0.97, 0.98]
0.981 0.009
40
[1.0, 1.0, 1.0, 0.99, 0.99, 0.99, 1.0, 0.99, 0.99, 1.0, 0.99, 1.0, 1.0, 0.99, 1.0, 0.99, 0.99, 0.99, 1.0, 0.99, 0.99, 0.99, 0.98, 1.0, 0.99, 0.99, 0.99, 1.0, 0.99, 1.0, 0.99, 0.99, 0.99, 0.99, 0.99, 1.0, 0.99, 0.99, 0.99, 0.99, 0.99, 1.0, 1.0, 1.0, 0.99, 1.0, 0.99, 0.99, 1.0, 0.99, 0.99, 0.99, 0.99, 1.0, 1.0, 0.99, 1.0, 0.99, 1.0, 1.0, 0.99, 0.99, 0.99, 0.99, 1.0, 1.0, 0.99, 1.0, 0.99, 0.99, 1.0, 0.99, 0.99, 0.99, 0.99, 1.0, 0.99, 0.99, 0.99, 1.0, 0.99, 1.0, 0.99, 0.99, 1.0, 1.0, 0.99, 0.99, 0.99, 0.99, 0.99, 0.99, 1.0, 1.0, 0.99, 1.0, 0.99, 0.99, 0.99, 0.99]
0.993 0.005
80
[0.99, 1.0, 1.0, 1.0, 1.0, 1.0, 1.0, 0.99, 1.0, 1.0, 1.0, 1.0, 1.0, 1.0, 1.0, 0.99, 1.0, 1.0, 1.0, 1.0, 0.99, 1.0, 0.99, 0.99, 1.0, 1.0, 1.0, 0.99, 1.0, 1.0, 0.99, 1.0, 1.0, 1.0, 1.0, 1.0, 1.0, 1.0, 1.0, 1.0, 1.0, 0.99, 1.0, 1.0, 0.99, 1.0, 1.0, 0.99, 1.0, 1.0, 1.0, 1.0, 1.0, 0.99, 1.0, 0.99, 1.0, 1.0, 0.99, 1.0, 1.0, 1.0, 1.0, 1.0, 1.0, 1.0, 1.0, 1.0, 1.0, 1.0, 0.99, 0.99, 1.0, 1.0, 1.0, 1.0, 1.0, 1.0, 1.0, 0.99, 0.99, 1.0, 1.0, 1.0, 0.99, 1.0, 1.0, 1.0, 1.0, 1.0, 1.0, 0.99, 1.0, 0.99, 1.0, 1.0, 0.99, 1.0, 1.0, 0.99]
0.998 0.004
160
[1.0, 1.0, 1.0, 1.0, 1.0, 1.0, 1.0, 0.99, 1.0, 1.0, 1.0, 1.0, 1.0, 1.0, 1.0, 1.0, 1.0, 1.0, 1.0, 1.0, 1.0, 1.0, 1.0, 0.99, 1.0, 1.0, 1.0, 1.0, 1.0, 1.0, 1.0, 1.0, 1.0, 1.0, 1.0, 1.0, 1.0, 1.0, 1.0, 1.0, 1.0, 1.0, 1.0, 1.0, 1.0, 1.0, 1.0, 0.99, 1.0, 1.0, 1.0, 1.0, 1.0, 1.0, 1.0, 1.0, 1.0, 1.0, 1.0, 1.0, 1.0, 1.0, 1.0, 1.0, 1.0, 1.0, 1.0, 1.0, 1.0, 1.0, 1.0, 1.0, 1.0, 1.0, 1.0, 1.0, 1.0, 1.0, 1.0, 1.0, 1.0, 1.0, 1.0, 1.0, 1.0, 1.0, 1.0, 1.0, 1.0, 1.0, 1.0, 1.0, 1.0, 1.0, 1.0, 1.0, 1.0, 1.0, 1.0, 1.0]
1.0 0.002
320
[1.0, 1.0, 1.0, 1.0, 1.0, 1.0, 1.0, 1.0, 1.0, 1.0, 1.0, 1.0, 1.0, 1.0, 1.0, 1.0, 1.0, 1.0, 1.0, 1.0, 1.0, 1.0, 1.0, 1.0, 1.0, 1.0, 1.0, 1.0, 1.0, 1.0, 1.0, 0.99, 1.0, 1.0, 1.0, 1.0, 1.0, 1.0, 1.0, 1.0, 1.0, 0.99, 1.0, 1.0, 1.0, 1.0, 1.0, 1.0, 1.0, 1.0, 1.0, 1.0, 1.0, 1.0, 1.0, 1.0, 1.0, 1.0, 1.0, 1.0, 1.0, 1.0, 1.0, 1.0, 1.0, 1.0, 1.0, 1.0, 1.0, 1.0, 1.0, 1.0, 1.0, 1.0, 1.0, 1.0, 1.0, 1.0, 1.0, 1.0, 1.0, 1.0, 1.0, 1.0, 1.0, 1.0, 1.0, 1.0, 1.0, 1.0, 1.0, 1.0, 1.0, 1.0, 1.0, 1.0, 1.0, 1.0, 1.0, 1.0]
1.0 0.001

double cf (0.7,0.3)
3
[0.94, 0.96, 0.95, 0.84, 0.97, 0.95, 0.98, 0.92, 0.94, 0.96, 0.99, 0.93, 0.97, 0.98, 0.98, 0.92, 0.98, 0.99, 0.99, 0.99, 0.81, 0.95, 0.96, 0.88, 0.9, 0.98, 0.95, 0.97, 0.94, 0.98, 0.8, 0.98, 0.89, 0.96, 0.97, 0.96, 0.98, 0.95, 0.97, 0.99, 0.95, 0.9, 0.97, 0.86, 0.89, 0.96, 0.96, 0.89, 0.97, 0.94, 0.95, 0.98, 0.98, 0.79, 0.95, 0.81, 0.96, 0.92, 0.98, 0.86, 0.95, 0.97, 0.97, 0.92, 0.97, 0.99, 0.93, 0.99, 0.97, 0.94, 0.98, 0.98, 0.86, 0.88, 0.98, 0.89, 0.95, 0.96, 0.97, 0.87, 0.97, 0.98, 0.98, 0.96, 0.98, 0.97, 0.92, 0.95, 0.96, 0.89, 0.95, 0.99, 0.9, 0.93, 0.98, 0.98, 0.96, 0.98, 0.97, 0.96]
0.944 0.045
5
[0.99, 0.99, 0.96, 0.98, 0.98, 0.95, 0.99, 0.98, 0.98, 0.94, 0.91, 0.93, 0.98, 0.98, 0.97, 0.98, 0.98, 0.94, 0.96, 0.95, 0.94, 0.8, 0.88, 0.97, 0.99, 0.95, 0.95, 0.96, 0.97, 0.97, 0.97, 0.97, 0.92, 0.95, 0.98, 0.98, 0.91, 0.98, 0.96, 0.97, 0.98, 0.96, 0.97, 0.98, 0.91, 0.98, 0.94, 0.97, 0.98, 0.97, 0.97, 0.97, 0.99, 0.95, 0.87, 0.98, 0.98, 0.98, 0.88, 0.9, 0.94, 0.97, 0.98, 0.99, 0.98, 0.84, 0.92, 0.95, 0.98, 0.94, 0.98, 0.97, 0.96, 0.95, 0.97, 0.95, 0.97, 0.87, 0.98, 0.89, 0.95, 0.94, 0.92, 0.97, 0.97, 0.98, 0.84, 0.98, 0.96, 0.98, 0.98, 0.92, 0.97, 0.97, 0.98, 0.96, 0.98, 0.98, 0.98, 0.98]
0.956 0.036
10
[0.98, 0.96, 0.97, 0.98, 0.98, 0.97, 0.92, 0.98, 0.99, 0.98, 0.98, 0.98, 0.93, 0.98, 0.93, 0.98, 0.96, 0.98, 0.95, 0.97, 0.98, 0.97, 0.98, 0.98, 0.98, 0.98, 0.99, 0.98, 0.98, 0.98, 0.98, 0.98, 0.98, 0.98, 0.98, 0.97, 0.98, 0.98, 0.91, 0.98, 0.97, 0.98, 0.98, 0.91, 0.97, 0.97, 0.91, 0.98, 0.99, 0.97, 0.98, 0.99, 0.97, 0.98, 0.98, 0.97, 0.99, 0.97, 0.97, 0.99, 0.98, 0.98, 0.97, 0.98, 0.99, 0.98, 0.98, 0.97, 0.97, 0.98, 0.98, 0.98, 0.98, 0.97, 0.98, 0.98, 0.95, 0.98, 0.98, 0.98, 0.97, 0.89, 0.96, 0.9, 0.98, 0.96, 0.98, 0.96, 0.97, 0.97, 0.98, 0.97, 0.98, 0.95, 0.98, 0.97, 0.98, 0.97, 0.98, 0.98]
0.971 0.019
20
[0.99, 0.98, 0.95, 0.98, 0.98, 0.98, 0.98, 0.98, 0.97, 0.96, 0.98, 0.98, 0.98, 0.98, 0.98, 0.98, 0.97, 0.97, 0.97, 0.98, 0.98, 0.99, 0.97, 0.98, 0.98, 0.98, 0.98, 0.99, 0.98, 0.98, 0.98, 0.96, 0.97, 0.97, 0.98, 0.98, 0.98, 0.98, 0.98, 0.98, 0.96, 0.98, 0.98, 0.98, 0.96, 0.98, 0.98, 0.99, 0.97, 0.98, 0.98, 0.98, 0.98, 0.98, 0.96, 0.98, 0.98, 0.98, 0.98, 0.98, 0.97, 0.96, 0.98, 0.98, 0.96, 0.98, 0.97, 0.98, 0.99, 0.98, 0.96, 0.98, 0.98, 0.95, 0.98, 0.98, 0.98, 0.98, 0.98, 0.97, 0.98, 0.98, 0.98, 0.97, 0.98, 0.99, 0.98, 0.98, 0.97, 0.98, 0.98, 0.88, 0.98, 0.98, 0.98, 0.98, 0.98, 0.96, 0.98, 0.98]
0.976 0.012
40
[0.99, 0.99, 0.99, 0.98, 0.99, 0.99, 0.99, 0.99, 0.99, 0.99, 0.99, 0.98, 0.99, 0.99, 0.98, 0.99, 0.99, 0.99, 0.99, 0.99, 0.99, 0.99, 0.99, 0.99, 0.99, 0.99, 0.99, 0.99, 0.99, 0.98, 0.99, 0.99, 0.99, 0.99, 0.99, 0.99, 0.98, 0.99, 0.99, 0.99, 0.99, 0.99, 0.98, 0.99, 0.99, 0.99, 0.99, 0.99, 0.99, 0.99, 0.99, 0.99, 0.99, 0.99, 0.99, 0.99, 0.99, 0.99, 0.99, 0.99, 0.99, 0.99, 0.98, 0.99, 0.99, 0.99, 0.99, 0.99, 0.98, 0.99, 0.99, 0.98, 0.99, 0.99, 0.98, 0.99, 0.99, 0.99, 0.99, 0.99, 0.99, 0.99, 0.99, 0.98, 0.98, 0.99, 0.99, 0.99, 0.99, 0.98, 0.98, 0.98, 0.99, 0.99, 0.99, 0.99, 0.99, 0.99, 0.98, 0.99]
0.988 0.004
80
[1.0, 0.99, 0.99, 0.99, 0.99, 0.99, 0.99, 0.99, 0.99, 0.99, 0.99, 0.99, 0.99, 0.99, 0.99, 0.99, 0.99, 0.99, 0.99, 0.99, 0.99, 0.99, 0.99, 0.99, 0.99, 0.99, 0.99, 0.99, 0.99, 0.99, 0.99, 0.99, 0.99, 0.99, 0.99, 0.99, 0.99, 0.99, 0.99, 0.99, 0.98, 0.99, 0.99, 0.99, 0.99, 0.99, 0.99, 0.99, 0.99, 0.99, 0.99, 0.99, 0.99, 0.99, 0.99, 0.99, 0.99, 0.99, 0.99, 0.99, 0.99, 0.99, 0.99, 0.99, 0.99, 0.99, 0.99, 0.99, 0.99, 0.99, 0.99, 0.99, 0.99, 0.99, 0.99, 0.99, 0.99, 0.99, 0.99, 0.99, 0.99, 0.99, 0.99, 0.99, 0.99, 0.99, 0.99, 0.99, 0.99, 0.99, 0.98, 0.99, 1.0, 0.99, 0.99, 0.99, 0.99, 0.99, 0.99, 0.99]
0.99 0.002
160
[0.99, 0.99, 0.99, 0.99, 0.99, 0.99, 0.99, 1.0, 0.99, 0.99, 0.99, 0.99, 0.99, 0.99, 1.0, 0.99, 0.99, 0.99, 0.99, 1.0, 0.99, 0.99, 0.99, 0.99, 0.99, 0.99, 0.99, 1.0, 0.99, 0.99, 1.0, 0.99, 0.99, 0.99, 0.99, 0.99, 0.99, 0.99, 0.99, 0.99, 0.99, 1.0, 0.99, 0.99, 0.99, 0.99, 0.99, 1.0, 0.99, 0.99, 0.99, 0.99, 0.99, 0.99, 0.99, 0.99, 0.99, 0.99, 0.99, 0.99, 0.99, 0.99, 0.99, 0.99, 0.99, 0.99, 0.99, 0.99, 0.99, 0.99, 0.99, 0.99, 0.99, 0.99, 0.99, 0.99, 0.99, 0.99, 1.0, 0.99, 0.99, 0.99, 0.99, 0.99, 0.99, 0.99, 0.99, 0.99, 0.99, 0.99, 0.99, 0.99, 0.99, 0.99, 0.99, 0.99, 0.99, 0.99, 0.99, 0.99]
0.991 0.003
320
[0.99, 1.0, 1.0, 1.0, 0.99, 0.99, 0.99, 1.0, 0.99, 0.99, 0.99, 0.99, 0.99, 1.0, 1.0, 0.99, 0.99, 1.0, 1.0, 1.0, 1.0, 1.0, 0.99, 1.0, 0.99, 0.99, 1.0, 1.0, 1.0, 0.99, 1.0, 1.0, 1.0, 1.0, 0.99, 0.99, 1.0, 1.0, 1.0, 0.99, 1.0, 1.0, 1.0, 0.99, 0.99, 1.0, 0.99, 0.99, 1.0, 1.0, 1.0, 0.99, 0.99, 0.99, 1.0, 1.0, 1.0, 1.0, 1.0, 1.0, 0.99, 1.0, 0.99, 1.0, 1.0, 1.0, 1.0, 0.99, 1.0, 0.99, 0.99, 1.0, 0.99, 1.0, 1.0, 0.99, 0.99, 0.99, 1.0, 0.99, 1.0, 1.0, 1.0, 0.99, 1.0, 1.0, 0.99, 1.0, 0.99, 0.99, 0.99, 1.0, 1.0, 0.99, 1.0, 0.99, 0.99, 1.0, 0.99, 1.0]
0.996 0.005

double cf (0.8, 0.2)
3
[0.95, 0.92, 0.91, 0.96, 0.9, 0.98, 0.88, 0.96, 0.99, 0.98, 0.95, 0.98, 0.97, 0.98, 0.86, 0.96, 0.97, 0.9, 0.98, 0.89, 0.98, 0.97, 0.95, 0.97, 0.97, 0.88, 0.92, 0.97, 0.98, 0.98, 0.91, 0.97, 0.98, 0.91, 0.82, 0.96, 0.93, 0.98, 0.98, 0.93, 0.9, 0.92, 0.95, 0.97, 0.94, 0.9, 0.89, 0.98, 0.98, 0.8, 0.96, 0.97, 0.89, 0.97, 0.96, 0.97, 0.89, 0.98, 0.87, 0.92, 0.87, 0.84, 0.88, 0.85, 0.95, 0.88, 0.94, 0.85, 0.87, 0.98, 0.98, 0.87, 0.9, 0.94, 0.98, 0.96, 0.93, 0.98, 0.9, 0.97, 0.96, 0.99, 0.88, 0.92, 0.91, 0.8, 0.95, 0.86, 0.97, 0.98, 0.95, 0.97, 0.91, 0.94, 0.92, 0.99, 0.88, 0.9, 0.93, 0.95]
0.933 0.046
5
[0.95, 0.95, 0.97, 0.97, 0.95, 0.95, 0.98, 0.86, 0.93, 0.98, 0.97, 0.93, 0.95, 0.92, 0.98, 0.96, 0.92, 0.96, 0.98, 0.51, 0.95, 0.9, 0.97, 0.97, 0.96, 0.97, 0.96, 0.9, 0.98, 0.91, 0.98, 0.96, 0.9, 0.96, 0.96, 0.96, 0.88, 0.97, 0.84, 0.98, 0.89, 0.97, 0.86, 0.92, 0.97, 0.97, 0.93, 0.97, 0.94, 0.98, 0.86, 0.98, 0.88, 0.95, 0.98, 0.95, 0.96, 0.97, 0.93, 0.91, 0.98, 0.91, 0.92, 0.98, 0.97, 0.88, 0.94, 0.82, 0.98, 0.98, 0.97, 0.96, 0.98, 0.98, 0.91, 0.85, 0.98, 0.85, 0.97, 0.97, 0.93, 0.98, 0.98, 0.93, 0.98, 0.97, 0.96, 0.98, 0.93, 0.92, 0.96, 0.94, 0.98, 0.9, 0.93, 0.96, 0.95, 0.97, 0.98, 0.95]
0.941 0.057
10
[0.98, 0.94, 0.97, 0.97, 0.96, 0.98, 0.98, 0.98, 0.97, 0.96, 0.98, 0.92, 0.96, 0.95, 0.98, 0.98, 0.94, 0.98, 0.98, 0.97, 0.97, 0.98, 0.97, 0.94, 0.98, 0.98, 0.94, 0.97, 0.99, 0.94, 0.96, 0.95, 0.93, 0.98, 0.97, 0.97, 0.98, 0.98, 0.98, 0.96, 0.86, 0.98, 0.95, 0.97, 0.93, 0.98, 0.9, 0.98, 0.97, 0.97, 0.97, 0.96, 0.97, 0.97, 0.96, 0.93, 0.95, 0.97, 0.98, 0.96, 0.97, 0.96, 0.98, 0.95, 0.98, 0.97, 0.97, 0.97, 0.98, 0.97, 0.95, 0.95, 0.96, 0.95, 0.95, 0.98, 0.96, 0.97, 0.98, 0.98, 0.89, 0.97, 0.96, 0.97, 0.88, 0.97, 0.98, 0.99, 0.96, 0.98, 0.98, 0.97, 0.96, 0.97, 0.96, 0.97, 0.98, 0.97, 0.97, 0.97]
0.963 0.022
20
[0.97, 0.97, 0.96, 0.98, 0.98, 0.95, 0.97, 0.99, 0.93, 0.97, 0.97, 0.97, 0.98, 0.97, 0.98, 0.97, 0.97, 0.98, 0.97, 0.96, 0.97, 0.95, 1.0, 0.96, 0.98, 0.95, 0.98, 0.98, 0.91, 0.96, 0.93, 0.95, 0.98, 0.98, 0.95, 0.97, 0.98, 0.96, 0.97, 0.97, 0.98, 0.95, 0.98, 0.97, 0.97, 0.97, 0.98, 0.97, 0.95, 0.97, 0.97, 0.97, 0.99, 0.97, 0.92, 0.98, 0.98, 0.98, 0.97, 0.95, 0.98, 0.98, 0.96, 0.94, 0.97, 0.98, 0.98, 0.97, 0.97, 0.98, 0.98, 0.97, 0.97, 0.98, 0.97, 0.94, 0.97, 0.98, 0.97, 0.91, 0.94, 0.97, 0.97, 0.97, 0.98, 0.92, 0.97, 0.97, 0.97, 0.98, 0.97, 0.98, 0.94, 0.98, 0.97, 0.98, 0.97, 0.96, 0.98, 0.97]
0.967 0.016
40
[0.98, 0.98, 0.98, 0.98, 0.98, 0.98, 0.98, 0.99, 0.98, 0.98, 0.98, 0.98, 0.98, 0.98, 0.98, 0.98, 0.99, 0.97, 0.98, 0.98, 0.98, 0.98, 0.98, 0.98, 0.98, 0.98, 0.98, 0.98, 0.98, 0.98, 0.99, 0.98, 0.98, 0.99, 0.99, 0.98, 0.98, 0.98, 0.98, 0.98, 0.99, 0.99, 0.98, 0.98, 0.98, 0.98, 0.98, 0.98, 0.98, 0.98, 0.98, 0.98, 0.98, 0.98, 0.98, 0.98, 0.98, 0.98, 0.98, 0.98, 0.98, 0.98, 0.98, 0.98, 0.98, 0.98, 0.98, 0.98, 0.98, 0.99, 0.98, 0.98, 0.98, 0.98, 0.99, 0.98, 0.98, 0.98, 0.98, 0.98, 0.98, 0.98, 0.98, 0.99, 0.98, 0.98, 0.98, 0.98, 0.98, 0.98, 0.99, 0.99, 0.97, 0.98, 0.99, 0.98, 0.98, 0.98, 0.99, 0.98]
0.981 0.004
80
[0.98, 0.97, 0.98, 0.99, 0.99, 0.98, 0.98, 0.98, 0.98, 0.98, 0.99, 0.99, 0.99, 0.98, 0.99, 0.98, 0.99, 0.99, 0.99, 0.98, 0.98, 0.98, 0.98, 0.96, 0.97, 0.99, 0.98, 0.98, 0.98, 0.98, 0.98, 0.98, 0.98, 0.98, 0.98, 0.98, 0.98, 0.98, 0.98, 0.98, 0.99, 0.99, 0.99, 0.98, 0.98, 0.98, 0.98, 0.98, 0.98, 0.98, 0.98, 0.98, 0.98, 0.98, 0.99, 0.98, 0.99, 0.99, 0.99, 0.98, 0.98, 0.99, 0.98, 0.98, 0.98, 0.99, 0.99, 0.98, 0.98, 0.98, 0.98, 0.98, 0.98, 0.99, 0.98, 0.98, 0.98, 0.98, 0.98, 0.98, 0.99, 0.99, 0.99, 0.98, 0.99, 0.99, 0.98, 0.98, 0.98, 0.98, 0.99, 0.99, 0.99, 0.99, 0.98, 0.98, 0.99, 0.98, 0.98, 0.98]
0.983 0.005
160
[0.98, 0.98, 0.99, 0.99, 0.99, 0.99, 0.99, 0.98, 0.98, 0.99, 0.98, 0.99, 0.99, 0.98, 0.99, 0.98, 0.98, 0.99, 0.99, 0.99, 0.98, 0.99, 0.99, 0.99, 0.99, 0.99, 0.98, 0.99, 0.99, 0.99, 0.98, 0.99, 0.99, 0.99, 0.99, 0.99, 0.99, 0.99, 0.99, 0.99, 0.99, 0.99, 0.99, 0.98, 0.99, 0.99, 0.99, 0.99, 0.98, 0.99, 0.99, 0.97, 0.99, 0.99, 0.99, 0.99, 0.98, 0.98, 0.99, 0.99, 0.99, 0.99, 0.99, 0.98, 0.99, 0.99, 0.98, 0.99, 0.99, 0.99, 0.98, 0.99, 0.98, 0.98, 0.99, 0.99, 0.98, 0.99, 0.99, 0.98, 0.99, 0.98, 0.98, 0.99, 0.99, 0.99, 0.99, 0.99, 0.98, 0.98, 0.99, 0.99, 0.99, 0.99, 0.99, 0.99, 0.99, 0.99, 0.99, 0.99]
0.987 0.005
320
[0.99, 0.99, 0.99, 0.99, 0.99, 0.99, 0.99, 0.99, 0.99, 0.99, 0.98, 0.99, 0.99, 0.99, 0.98, 0.99, 0.99, 0.99, 0.99, 1.0, 0.99, 0.99, 0.99, 0.97, 0.99, 0.99, 0.99, 0.99, 0.99, 0.99, 0.99, 0.99, 0.99, 0.99, 0.99, 0.99, 0.99, 0.99, 0.99, 0.99, 0.99, 0.99, 0.99, 0.99, 0.99, 0.99, 0.99, 0.99, 0.99, 0.99, 0.99, 0.99, 0.99, 0.99, 0.99, 0.99, 0.99, 0.99, 0.99, 0.99, 0.99, 0.99, 0.99, 0.99, 0.99, 0.99, 0.99, 0.99, 0.99, 0.99, 0.99, 0.99, 0.99, 0.99, 0.99, 0.99, 0.99, 0.99, 1.0, 0.99, 0.99, 0.99, 0.99, 0.98, 0.99, 0.99, 0.99, 0.99, 0.99, 0.99, 0.99, 0.99, 0.99, 0.99, 0.99, 0.99, 0.99, 0.99, 0.99, 0.99]
0.99 0.003

double cf (0.9, 0.1)
3
[0.98, 0.91, 0.83, 0.98, 0.96, 0.96, 0.98, 0.85, 0.95, 0.85, 0.97, 0.86, 0.96, 0.98, 0.96, 0.95, 0.96, 0.95, 0.89, 0.93, 0.92, 0.93, 0.81, 0.92, 0.93, 0.95, 0.86, 0.95, 0.97, 1.0, 0.95, 0.97, 0.93, 0.95, 0.94, 0.95, 0.96, 0.97, 0.94, 0.94, 0.96, 0.88, 0.98, 0.97, 0.81, 0.91, 0.96, 0.88, 0.92, 0.95, 0.98, 0.92, 0.91, 0.88, 0.93, 0.89, 0.99, 0.87, 0.86, 0.94, 0.83, 0.97, 0.89, 0.98, 0.93, 0.91, 0.98, 0.92, 0.98, 0.93, 0.98, 0.94, 0.98, 0.97, 0.91, 0.89, 0.86, 0.91, 0.94, 0.85, 0.95, 0.97, 0.97, 0.86, 0.98, 0.92, 0.99, 0.88, 0.99, 0.97, 0.98, 0.9, 0.92, 0.95, 0.97, 0.93, 0.93, 0.92, 0.97, 0.95]
0.932 0.044
5
[0.98, 0.92, 0.87, 0.95, 0.97, 0.97, 0.95, 0.95, 0.98, 0.93, 0.93, 0.93, 0.97, 0.83, 0.95, 0.97, 0.89, 0.91, 0.94, 0.86, 0.97, 0.85, 0.97, 0.99, 0.96, 0.96, 0.97, 0.97, 0.86, 0.93, 0.95, 0.91, 0.98, 0.97, 0.95, 0.99, 0.94, 0.97, 0.97, 0.95, 0.93, 0.97, 0.95, 0.96, 0.98, 0.97, 0.99, 0.9, 0.93, 0.94, 0.97, 0.88, 0.94, 0.89, 0.9, 0.93, 0.89, 0.95, 0.98, 0.94, 0.97, 0.94, 0.9, 0.87, 0.98, 0.93, 0.95, 0.97, 0.89, 0.95, 0.98, 0.99, 0.86, 0.91, 0.93, 0.95, 0.87, 0.93, 0.91, 0.98, 0.92, 0.95, 0.93, 0.95, 0.94, 0.94, 0.91, 0.93, 0.94, 0.83, 0.97, 0.88, 0.95, 0.97, 0.98, 0.97, 0.94, 0.97, 0.81, 0.97]
0.938 0.04
10
[0.92, 0.96, 0.93, 0.93, 0.97, 0.95, 0.92, 0.91, 0.96, 0.93, 0.96, 0.98, 0.95, 0.97, 0.93, 0.97, 0.98, 0.98, 0.94, 0.98, 0.96, 0.93, 0.97, 0.94, 0.97, 0.97, 0.97, 0.98, 0.95, 0.95, 0.97, 0.97, 0.97, 0.97, 0.97, 0.93, 0.95, 0.94, 0.97, 0.98, 0.98, 0.96, 0.97, 0.95, 0.98, 0.96, 0.82, 0.91, 0.98, 0.96, 0.96, 0.88, 0.98, 0.97, 0.97, 0.94, 0.91, 0.93, 0.91, 0.96, 0.98, 0.95, 0.86, 0.93, 0.93, 0.99, 0.94, 0.93, 0.98, 0.99, 0.98, 0.96, 0.93, 0.97, 0.98, 0.93, 0.93, 0.97, 0.96, 0.96, 0.96, 0.92, 0.97, 0.94, 0.93, 0.97, 0.94, 0.98, 0.95, 0.92, 0.91, 0.97, 0.99, 0.87, 0.94, 0.98, 0.97, 0.97, 0.97, 0.95]
0.952 0.029
20
[0.92, 0.9, 0.94, 0.97, 0.97, 0.97, 0.93, 0.96, 0.96, 0.95, 0.97, 0.98, 0.97, 0.96, 0.92, 0.97, 0.94, 0.98, 0.86, 0.97, 0.95, 0.97, 0.97, 0.96, 0.96, 0.95, 0.98, 0.99, 0.96, 0.97, 0.95, 0.97, 0.93, 0.96, 0.98, 0.91, 0.95, 0.92, 0.93, 0.97, 0.99, 0.98, 0.97, 0.94, 0.96, 0.97, 0.97, 0.95, 0.92, 0.91, 0.99, 0.96, 0.92, 0.96, 0.97, 0.98, 1.0, 0.97, 0.98, 0.93, 0.97, 0.92, 0.96, 0.96, 0.9, 0.95, 0.97, 0.94, 0.97, 0.96, 0.9, 0.96, 0.9, 0.98, 0.95, 0.94, 0.87, 0.97, 0.94, 0.91, 0.98, 0.77, 0.96, 0.95, 0.96, 0.97, 0.93, 0.97, 0.96, 0.9, 0.97, 0.95, 0.98, 0.9, 0.98, 0.96, 0.97, 0.97, 0.97, 0.96]
0.951 0.032
40
[0.97, 0.98, 0.98, 0.98, 0.96, 0.98, 0.98, 0.98, 0.97, 0.97, 0.97, 0.97, 0.98, 0.96, 0.95, 0.97, 0.98, 0.97, 0.97, 0.98, 0.98, 0.98, 0.98, 0.97, 0.99, 0.98, 0.98, 0.98, 0.98, 0.98, 0.97, 0.97, 0.98, 0.95, 0.97, 0.97, 0.96, 0.98, 0.98, 0.98, 0.94, 0.98, 0.98, 0.98, 0.98, 0.98, 0.98, 0.97, 0.99, 0.97, 0.97, 0.97, 0.98, 0.96, 0.98, 0.97, 0.98, 0.98, 0.97, 0.98, 0.98, 0.97, 0.99, 0.95, 0.97, 0.98, 0.98, 0.97, 0.98, 0.97, 0.97, 0.97, 0.98, 0.98, 0.97, 0.98, 0.98, 0.97, 0.97, 0.98, 0.93, 0.98, 0.97, 0.98, 0.98, 0.98, 0.98, 0.98, 0.98, 0.98, 0.96, 0.98, 0.98, 0.98, 0.98, 0.9, 0.98, 0.98, 0.98, 0.98]
0.974 0.012
80
[0.98, 0.98, 0.98, 0.96, 0.98, 0.98, 0.98, 0.98, 0.98, 0.98, 0.98, 0.94, 0.98, 0.98, 0.98, 0.98, 0.98, 0.98, 0.98, 0.98, 0.98, 0.98, 0.98, 0.98, 0.98, 0.98, 0.98, 0.98, 0.98, 0.99, 0.98, 0.98, 0.98, 0.98, 0.98, 0.98, 0.98, 0.98, 0.98, 0.98, 0.98, 0.98, 0.98, 0.98, 0.98, 0.98, 0.98, 0.98, 0.98, 0.98, 0.98, 0.98, 0.98, 0.98, 0.98, 0.98, 0.98, 0.98, 0.98, 0.98, 0.98, 0.98, 0.98, 0.98, 0.98, 0.98, 0.98, 0.98, 0.98, 0.98, 0.98, 0.99, 0.98, 0.98, 0.98, 0.98, 0.97, 0.98, 0.98, 0.98, 0.98, 0.98, 0.98, 0.98, 0.98, 0.98, 0.99, 0.98, 0.98, 0.97, 0.98, 0.98, 0.98, 0.98, 0.98, 0.98, 0.98, 0.98, 0.98, 0.97]
0.979 0.005
160
[0.98, 0.98, 0.98, 0.98, 0.98, 0.99, 0.98, 0.94, 0.98, 0.98, 0.98, 0.98, 0.98, 0.98, 0.98, 0.98, 0.98, 0.98, 0.99, 0.98, 0.98, 0.98, 0.98, 0.98, 0.98, 0.98, 0.98, 0.98, 0.98, 0.98, 0.98, 0.98, 0.98, 0.98, 0.98, 0.98, 0.99, 0.98, 0.98, 0.95, 0.98, 0.99, 0.98, 0.98, 0.98, 0.98, 0.98, 0.98, 0.98, 0.98, 0.98, 0.98, 0.98, 0.98, 0.98, 0.98, 0.98, 0.98, 0.98, 0.98, 0.99, 0.98, 0.98, 0.98, 0.98, 0.98, 0.98, 0.98, 0.98, 0.98, 0.98, 0.98, 0.98, 0.98, 0.98, 0.98, 0.99, 0.98, 0.98, 0.99, 0.98, 0.98, 0.98, 0.98, 0.98, 0.98, 0.98, 0.98, 0.98, 0.98, 0.98, 0.98, 0.98, 0.98, 0.98, 0.99, 0.98, 0.98, 0.94, 0.98]
0.98 0.007
320
[0.98, 0.98, 0.98, 0.98, 0.94, 0.98, 0.98, 1.0, 0.98, 0.98, 0.97, 0.98, 0.98, 0.98, 0.99, 0.98, 0.98, 0.98, 0.98, 0.98, 0.98, 0.98, 0.98, 0.98, 0.98, 0.98, 0.98, 0.98, 0.99, 0.99, 0.98, 0.95, 0.98, 0.98, 0.98, 0.98, 0.98, 0.98, 0.98, 0.98, 0.99, 0.98, 0.98, 0.98, 0.98, 0.98, 0.98, 0.98, 0.99, 0.99, 0.99, 0.98, 0.98, 0.98, 0.98, 0.98, 0.98, 0.98, 0.98, 0.98, 0.98, 0.98, 0.98, 0.98, 0.98, 0.98, 0.99, 0.98, 0.98, 0.98, 0.98, 0.98, 0.98, 0.98, 0.98, 0.99, 0.98, 0.98, 0.98, 0.98, 0.98, 0.98, 0.98, 0.99, 0.98, 0.98, 0.98, 0.98, 0.98, 0.98, 0.98, 0.96, 0.99, 0.98, 0.98, 0.98, 0.98, 0.98, 0.98, 0.98]
0.98 0.007
