prediction interface
3
[0.5, 0.5, 0.5, 0.6, 0.74, 0.69, 0.5, 0.63, 0.51, 0.69, 0.5, 0.5, 0.66, 0.5, 0.82, 0.7, 0.87, 0.51, 0.84, 0.72, 0.84, 0.85, 0.5, 0.78, 0.64, 0.73, 0.5, 0.52, 0.5, 0.5, 0.5, 0.55, 0.81, 0.76, 0.77, 0.5, 0.5, 0.59, 0.87, 0.5, 0.5, 0.89, 0.5, 0.51, 0.58, 0.49, 0.71, 0.86, 0.64, 0.79, 0.5, 0.69, 0.5, 0.79, 0.51, 0.85, 0.5, 0.5, 0.58, 0.71, 0.5, 0.5, 0.8, 0.83, 0.5, 0.5, 0.5, 0.49, 0.72, 0.83, 0.5, 0.59, 0.83, 0.5, 0.59, 0.75, 0.79, 0.64, 0.5, 0.78, 0.8, 0.5, 0.81, 0.66, 0.5, 0.51, 0.5, 0.7, 0.56, 0.68, 0.5, 0.71, 0.5, 0.49, 0.77, 0.5, 0.5, 0.73, 0.73, 0.5]
0.626 0.134
5
[0.5, 0.78, 0.81, 0.78, 0.7, 0.77, 0.66, 0.5, 0.83, 0.67, 0.77, 0.65, 0.66, 0.75, 0.67, 0.75, 0.66, 0.73, 0.5, 0.8, 0.79, 0.85, 0.78, 0.79, 0.79, 0.72, 0.63, 0.78, 0.71, 0.76, 0.5, 0.5, 0.6, 0.77, 0.76, 0.5, 0.63, 0.59, 0.83, 0.75, 0.8, 0.61, 0.5, 0.7, 0.76, 0.87, 0.69, 0.8, 0.75, 0.68, 0.64, 0.77, 0.65, 0.5, 0.5, 0.7, 0.71, 0.73, 0.5, 0.5, 0.8, 0.81, 0.69, 0.5, 0.79, 0.5, 0.5, 0.78, 0.81, 0.82, 0.75, 0.69, 0.6, 0.75, 0.67, 0.63, 0.81, 0.5, 0.7, 0.71, 0.76, 0.78, 0.79, 0.77, 0.5, 0.5, 0.51, 0.84, 0.64, 0.79, 0.71, 0.62, 0.5, 0.73, 0.76, 0.82, 0.5, 0.5, 0.81, 0.74]
0.687 0.113
10
[0.78, 0.7, 0.72, 0.71, 0.82, 0.83, 0.91, 0.78, 0.63, 0.81, 0.5, 0.5, 0.85, 0.71, 0.76, 0.8, 0.87, 0.84, 0.66, 0.91, 0.7, 0.68, 0.77, 0.67, 0.86, 0.8, 0.82, 0.82, 0.81, 0.88, 0.78, 0.73, 0.7, 0.83, 0.87, 0.86, 0.84, 0.69, 0.83, 0.79, 0.78, 0.55, 0.89, 0.84, 0.88, 0.5, 0.52, 0.82, 0.9, 0.84, 0.78, 0.87, 0.74, 0.82, 0.85, 0.84, 0.83, 0.91, 0.83, 0.73, 0.84, 0.9, 0.84, 0.83, 0.73, 0.82, 0.85, 0.69, 0.89, 0.87, 0.86, 0.81, 0.7, 0.85, 0.87, 0.85, 0.87, 0.69, 0.77, 0.82, 0.88, 0.86, 0.85, 0.81, 0.72, 0.85, 0.81, 0.84, 0.7, 0.85, 0.5, 0.5, 0.76, 0.76, 0.82, 0.5, 0.87, 0.87, 0.85, 0.78]
0.783 0.103
20
[0.84, 0.86, 0.85, 0.86, 0.89, 0.81, 0.87, 0.73, 0.88, 0.86, 0.57, 0.82, 0.83, 0.8, 0.89, 0.89, 0.87, 0.84, 0.88, 0.89, 0.83, 0.86, 0.9, 0.82, 0.87, 0.86, 0.89, 0.85, 0.86, 0.9, 0.69, 0.88, 0.89, 0.68, 0.75, 0.79, 0.76, 0.9, 0.86, 0.78, 0.8, 0.87, 0.56, 0.86, 0.88, 0.81, 0.9, 0.87, 0.86, 0.74, 0.9, 0.82, 0.85, 0.83, 0.88, 0.79, 0.93, 0.72, 0.79, 0.8, 0.84, 0.89, 0.77, 0.85, 0.87, 0.88, 0.9, 0.92, 0.6, 0.88, 0.85, 0.89, 0.9, 0.82, 0.87, 0.89, 0.72, 0.88, 0.83, 0.89, 0.8, 0.84, 0.87, 0.79, 0.83, 0.9, 0.84, 0.9, 0.85, 0.88, 0.72, 0.83, 0.88, 0.87, 0.82, 0.84, 0.89, 0.55, 0.86, 0.84]
0.834 0.074
40
[0.87, 0.91, 0.94, 0.92, 0.92, 0.91, 0.92, 0.93, 0.91, 0.88, 0.93, 0.9, 0.88, 0.91, 0.92, 0.93, 0.88, 0.93, 0.93, 0.91, 0.93, 0.85, 0.9, 0.89, 0.89, 0.91, 0.93, 0.92, 0.89, 0.93, 0.84, 0.85, 0.88, 0.88, 0.88, 0.89, 0.87, 0.86, 0.94, 0.92, 0.81, 0.93, 0.83, 0.87, 0.93, 0.79, 0.93, 0.82, 0.93, 0.94, 0.8, 0.79, 0.81, 0.93, 0.93, 0.91, 0.93, 0.88, 0.95, 0.92, 0.86, 0.94, 0.91, 0.89, 0.89, 0.9, 0.92, 0.94, 0.91, 0.92, 0.91, 0.91, 0.89, 0.92, 0.89, 0.92, 0.87, 0.91, 0.95, 0.93, 0.92, 0.93, 0.9, 0.92, 0.91, 0.92, 0.9, 0.92, 0.94, 0.9, 0.93, 0.87, 0.88, 0.92, 0.92, 0.88, 0.91, 0.9, 0.87, 0.9]
0.9 0.035
80
[0.94, 0.93, 0.94, 0.91, 0.94, 0.92, 0.93, 0.95, 0.94, 0.9, 0.94, 0.95, 0.93, 0.95, 0.94, 0.94, 0.94, 0.92, 0.92, 0.94, 0.93, 0.93, 0.92, 0.95, 0.94, 0.93, 0.94, 0.95, 0.94, 0.95, 0.92, 0.94, 0.91, 0.91, 0.93, 0.9, 0.95, 0.93, 0.94, 0.95, 0.92, 0.94, 0.93, 0.92, 0.94, 0.94, 0.9, 0.94, 0.94, 0.95, 0.91, 0.91, 0.92, 0.93, 0.94, 0.94, 0.93, 0.9, 0.94, 0.93, 0.95, 0.93, 0.95, 0.94, 0.93, 0.95, 0.89, 0.94, 0.92, 0.93, 0.95, 0.88, 0.94, 0.92, 0.96, 0.97, 0.92, 0.92, 0.94, 0.94, 0.93, 0.93, 0.96, 0.93, 0.94, 0.93, 0.95, 0.92, 0.91, 0.93, 0.87, 0.94, 0.94, 0.95, 0.95, 0.93, 0.92, 0.87, 0.95, 0.91]
0.931 0.018
160
[0.95, 0.94, 0.95, 0.95, 0.95, 0.96, 0.96, 0.91, 0.95, 0.95, 0.97, 0.94, 0.94, 0.94, 0.94, 0.95, 0.94, 0.93, 0.96, 0.95, 0.94, 0.95, 0.96, 0.93, 0.95, 0.95, 0.96, 0.97, 0.95, 0.96, 0.95, 0.95, 0.95, 0.95, 0.94, 0.95, 0.96, 0.95, 0.94, 0.94, 0.95, 0.96, 0.96, 0.95, 0.95, 0.96, 0.96, 0.97, 0.96, 0.96, 0.94, 0.94, 0.95, 0.95, 0.95, 0.94, 0.96, 0.95, 0.94, 0.96, 0.96, 0.96, 0.95, 0.96, 0.95, 0.95, 0.94, 0.95, 0.94, 0.95, 0.95, 0.97, 0.96, 0.95, 0.96, 0.94, 0.94, 0.94, 0.96, 0.94, 0.96, 0.96, 0.96, 0.95, 0.94, 0.94, 0.93, 0.96, 0.95, 0.95, 0.96, 0.95, 0.94, 0.96, 0.95, 0.97, 0.96, 0.95, 0.96, 0.96]
0.951 0.01
320
[0.97, 0.96, 0.96, 0.97, 0.95, 0.97, 0.97, 0.98, 0.97, 0.96, 0.97, 0.97, 0.97, 0.97, 0.96, 0.96, 0.97, 0.96, 0.98, 0.97, 0.95, 0.97, 0.97, 0.96, 0.96, 0.97, 0.97, 0.97, 0.97, 0.97, 0.96, 0.97, 0.98, 0.97, 0.96, 0.95, 0.97, 0.96, 0.97, 0.96, 0.96, 0.95, 0.96, 0.97, 0.96, 0.96, 0.97, 0.96, 0.96, 0.97, 0.96, 0.97, 0.97, 0.96, 0.95, 0.97, 0.97, 0.96, 0.97, 0.96, 0.97, 0.96, 0.97, 0.95, 0.97, 0.97, 0.96, 0.96, 0.97, 0.97, 0.97, 0.97, 0.97, 0.97, 0.96, 0.96, 0.97, 0.97, 0.95, 0.96, 0.96, 0.97, 0.96, 0.95, 0.96, 0.98, 0.96, 0.96, 0.96, 0.97, 0.96, 0.97, 0.96, 0.95, 0.97, 0.97, 0.97, 0.96, 0.97, 0.97]
0.965 0.007

prediction coreset
3
[0.41, 0.65, 0.72, 0.5, 0.78, 0.48, 0.68, 0.58, 0.68, 0.57, 0.47, 0.49, 0.62, 0.58, 0.6, 0.5, 0.48, 0.48, 0.7, 0.62, 0.74, 0.51, 0.56, 0.5, 0.56, 0.61, 0.57, 0.5, 0.49, 0.43, 0.76, 0.77, 0.8, 0.82, 0.56, 0.73, 0.5, 0.77, 0.52, 0.69, 0.75, 0.73, 0.79, 0.47, 0.49, 0.68, 0.66, 0.65, 0.78, 0.69, 0.71, 0.57, 0.79, 0.5, 0.5, 0.73, 0.68, 0.64, 0.5, 0.59, 0.43, 0.8, 0.82, 0.5, 0.75, 0.73, 0.51, 0.5, 0.78, 0.71, 0.5, 0.67, 0.81, 0.8, 0.63, 0.77, 0.64, 0.77, 0.74, 0.48, 0.55, 0.56, 0.38, 0.68, 0.46, 0.71, 0.7, 0.6, 0.5, 0.8, 0.77, 0.5, 0.78, 0.49, 0.43, 0.51, 0.63, 0.5, 0.68, 0.5]
0.619 0.121
5
[0.87, 0.82, 0.85, 0.72, 0.51, 0.72, 0.82, 0.5, 0.78, 0.86, 0.5, 0.82, 0.8, 0.76, 0.86, 0.5, 0.5, 0.85, 0.72, 0.5, 0.5, 0.71, 0.53, 0.66, 0.85, 0.8, 0.5, 0.8, 0.69, 0.52, 0.5, 0.55, 0.71, 0.53, 0.49, 0.87, 0.86, 0.69, 0.5, 0.7, 0.71, 0.79, 0.78, 0.74, 0.82, 0.86, 0.73, 0.8, 0.78, 0.52, 0.75, 0.87, 0.87, 0.83, 0.84, 0.8, 0.72, 0.5, 0.5, 0.76, 0.79, 0.77, 0.71, 0.8, 0.83, 0.79, 0.83, 0.66, 0.66, 0.5, 0.65, 0.79, 0.5, 0.77, 0.84, 0.81, 0.84, 0.5, 0.71, 0.82, 0.66, 0.8, 0.51, 0.62, 0.5, 0.8, 0.77, 0.87, 0.72, 0.8, 0.5, 0.84, 0.79, 0.86, 0.5, 0.88, 0.85, 0.71, 0.82, 0.57]
0.711 0.133
10
[0.86, 0.59, 0.82, 0.81, 0.89, 0.89, 0.85, 0.73, 0.81, 0.63, 0.68, 0.81, 0.77, 0.87, 0.83, 0.87, 0.64, 0.74, 0.75, 0.52, 0.81, 0.56, 0.85, 0.53, 0.85, 0.74, 0.84, 0.51, 0.86, 0.88, 0.87, 0.61, 0.87, 0.54, 0.51, 0.8, 0.82, 0.85, 0.84, 0.84, 0.73, 0.67, 0.64, 0.72, 0.88, 0.86, 0.58, 0.58, 0.56, 0.82, 0.5, 0.9, 0.76, 0.81, 0.57, 0.55, 0.83, 0.76, 0.71, 0.83, 0.83, 0.88, 0.83, 0.88, 0.85, 0.84, 0.72, 0.59, 0.63, 0.52, 0.59, 0.57, 0.84, 0.56, 0.82, 0.65, 0.81, 0.83, 0.88, 0.76, 0.8, 0.88, 0.85, 0.86, 0.81, 0.83, 0.77, 0.83, 0.77, 0.64, 0.77, 0.83, 0.79, 0.77, 0.88, 0.84, 0.81, 0.86, 0.55, 0.84]
0.755 0.118
20
[0.73, 0.84, 0.8, 0.76, 0.86, 0.84, 0.87, 0.7, 0.87, 0.87, 0.89, 0.83, 0.85, 0.79, 0.9, 0.75, 0.84, 0.87, 0.87, 0.82, 0.8, 0.69, 0.83, 0.9, 0.66, 0.81, 0.76, 0.86, 0.83, 0.82, 0.8, 0.86, 0.82, 0.81, 0.83, 0.82, 0.86, 0.89, 0.85, 0.85, 0.81, 0.82, 0.84, 0.81, 0.91, 0.86, 0.8, 0.74, 0.87, 0.88, 0.67, 0.8, 0.81, 0.88, 0.87, 0.72, 0.85, 0.78, 0.81, 0.88, 0.79, 0.65, 0.76, 0.77, 0.76, 0.82, 0.81, 0.83, 0.65, 0.74, 0.63, 0.66, 0.88, 0.85, 0.8, 0.88, 0.72, 0.91, 0.88, 0.8, 0.68, 0.85, 0.88, 0.81, 0.86, 0.76, 0.87, 0.74, 0.79, 0.73, 0.88, 0.73, 0.77, 0.69, 0.8, 0.78, 0.83, 0.78, 0.86, 0.85]
0.808 0.066
40
[0.64, 0.88, 0.82, 0.85, 0.93, 0.66, 0.82, 0.74, 0.8, 0.84, 0.76, 0.81, 0.9, 0.9, 0.88, 0.73, 0.91, 0.7, 0.91, 0.86, 0.83, 0.85, 0.71, 0.72, 0.73, 0.79, 0.79, 0.88, 0.85, 0.78, 0.79, 0.85, 0.84, 0.62, 0.78, 0.85, 0.79, 0.92, 0.81, 0.79, 0.86, 0.69, 0.83, 0.82, 0.9, 0.79, 0.85, 0.77, 0.85, 0.74, 0.79, 0.87, 0.7, 0.84, 0.71, 0.81, 0.79, 0.81, 0.75, 0.87, 0.8, 0.65, 0.84, 0.8, 0.69, 0.9, 0.87, 0.73, 0.86, 0.82, 0.86, 0.77, 0.82, 0.86, 0.89, 0.83, 0.82, 0.84, 0.8, 0.91, 0.59, 0.89, 0.88, 0.77, 0.8, 0.83, 0.91, 0.71, 0.82, 0.75, 0.85, 0.75, 0.81, 0.79, 0.73, 0.73, 0.83, 0.79, 0.81, 0.9]
0.807 0.071
80
[0.89, 0.84, 0.82, 0.91, 0.91, 0.83, 0.94, 0.92, 0.82, 0.87, 0.85, 0.85, 0.94, 0.92, 0.91, 0.88, 0.91, 0.86, 0.92, 0.79, 0.83, 0.87, 0.9, 0.88, 0.86, 0.89, 0.87, 0.94, 0.89, 0.88, 0.95, 0.88, 0.89, 0.89, 0.88, 0.87, 0.89, 0.9, 0.84, 0.92, 0.88, 0.91, 0.83, 0.89, 0.9, 0.92, 0.85, 0.85, 0.84, 0.9, 0.88, 0.92, 0.83, 0.92, 0.85, 0.92, 0.92, 0.9, 0.83, 0.89, 0.9, 0.89, 0.93, 0.86, 0.86, 0.94, 0.93, 0.94, 0.91, 0.87, 0.9, 0.93, 0.92, 0.87, 0.87, 0.92, 0.88, 0.93, 0.89, 0.9, 0.92, 0.88, 0.87, 0.86, 0.88, 0.9, 0.82, 0.84, 0.89, 0.94, 0.92, 0.9, 0.88, 0.89, 0.93, 0.93, 0.87, 0.86, 0.92, 0.91]
0.888 0.034
160
[0.95, 0.92, 0.94, 0.94, 0.96, 0.94, 0.95, 0.89, 0.92, 0.95, 0.92, 0.94, 0.95, 0.95, 0.91, 0.93, 0.93, 0.96, 0.94, 0.95, 0.93, 0.91, 0.93, 0.94, 0.94, 0.92, 0.92, 0.9, 0.93, 0.96, 0.94, 0.96, 0.91, 0.92, 0.93, 0.95, 0.95, 0.96, 0.95, 0.94, 0.91, 0.93, 0.9, 0.94, 0.91, 0.95, 0.95, 0.92, 0.95, 0.92, 0.95, 0.93, 0.93, 0.92, 0.9, 0.96, 0.93, 0.94, 0.9, 0.95, 0.93, 0.93, 0.94, 0.93, 0.94, 0.95, 0.93, 0.94, 0.93, 0.95, 0.95, 0.96, 0.95, 0.91, 0.94, 0.93, 0.93, 0.93, 0.93, 0.91, 0.96, 0.94, 0.91, 0.93, 0.92, 0.94, 0.95, 0.9, 0.92, 0.92, 0.94, 0.94, 0.89, 0.93, 0.94, 0.92, 0.94, 0.95, 0.92, 0.95]
0.933 0.017
320
[0.94, 0.96, 0.97, 0.97, 0.97, 0.97, 0.97, 0.96, 0.96, 0.97, 0.96, 0.96, 0.95, 0.97, 0.97, 0.97, 0.94, 0.96, 0.95, 0.94, 0.96, 0.96, 0.97, 0.97, 0.95, 0.97, 0.96, 0.98, 0.97, 0.96, 0.97, 0.97, 0.96, 0.97, 0.95, 0.96, 0.97, 0.97, 0.97, 0.96, 0.97, 0.95, 0.97, 0.97, 0.93, 0.97, 0.97, 0.97, 0.97, 0.93, 0.95, 0.96, 0.97, 0.97, 0.96, 0.96, 0.97, 0.97, 0.97, 0.97, 0.96, 0.96, 0.95, 0.96, 0.95, 0.95, 0.95, 0.97, 0.96, 0.96, 0.96, 0.97, 0.97, 0.97, 0.97, 0.96, 0.96, 0.97, 0.96, 0.96, 0.96, 0.97, 0.97, 0.95, 0.95, 0.97, 0.93, 0.96, 0.96, 0.95, 0.95, 0.98, 0.98, 0.95, 0.94, 0.97, 0.95, 0.96, 0.96, 0.97]
0.962 0.011

model extraction
3
[0.81, 0.89, 0.83, 0.79, 0.89, 0.9, 0.87, 0.86, 0.88, 0.93, 0.88, 0.92, 0.86, 0.84, 0.87, 0.88, 0.81, 0.86, 0.87, 0.91, 0.92, 0.82, 0.81, 0.87, 0.87, 0.87, 0.88, 0.88, 0.88, 0.92, 0.9, 0.91, 0.88, 0.9, 0.85, 0.91, 0.84, 0.83, 0.9, 0.91, 0.85, 0.86, 0.89, 0.85, 0.88, 0.9, 0.85, 0.84, 0.88, 0.91, 0.88, 0.87, 0.9, 0.83, 0.9, 0.92, 0.87, 0.89, 0.85, 0.89, 0.81, 0.91, 0.86, 0.91, 0.85, 0.88, 0.85, 0.85, 0.86, 0.85, 0.92, 0.89, 0.85, 0.82, 0.91, 0.86, 0.85, 0.86, 0.85, 0.89, 0.94, 0.85, 0.87, 0.89, 0.89, 0.9, 0.91, 0.83, 0.88, 0.88, 0.9, 0.89, 0.88, 0.85, 0.9, 0.88, 0.9, 0.84, 0.86, 0.87]
0.874 0.03
5
[0.91, 0.9, 0.9, 0.86, 0.91, 0.87, 0.88, 0.88, 0.87, 0.91, 0.83, 0.91, 0.92, 0.86, 0.84, 0.83, 0.91, 0.88, 0.93, 0.93, 0.9, 0.91, 0.91, 0.88, 0.89, 0.9, 0.9, 0.87, 0.91, 0.81, 0.9, 0.89, 0.88, 0.87, 0.9, 0.9, 0.86, 0.93, 0.89, 0.91, 0.9, 0.89, 0.92, 0.9, 0.9, 0.89, 0.91, 0.87, 0.91, 0.9, 0.88, 0.89, 0.85, 0.92, 0.89, 0.93, 0.89, 0.92, 0.87, 0.92, 0.91, 0.85, 0.93, 0.92, 0.85, 0.92, 0.88, 0.85, 0.93, 0.9, 0.93, 0.88, 0.91, 0.88, 0.88, 0.84, 0.91, 0.9, 0.81, 0.91, 0.86, 0.85, 0.83, 0.89, 0.92, 0.87, 0.92, 0.93, 0.85, 0.89, 0.88, 0.89, 0.91, 0.9, 0.89, 0.91, 0.86, 0.92, 0.88, 0.9]
0.89 0.028
10
[0.89, 0.86, 0.94, 0.9, 0.89, 0.93, 0.91, 0.87, 0.91, 0.93, 0.93, 0.93, 0.92, 0.93, 0.89, 0.91, 0.9, 0.92, 0.91, 0.94, 0.92, 0.9, 0.92, 0.91, 0.91, 0.95, 0.93, 0.88, 0.9, 0.85, 0.92, 0.91, 0.91, 0.91, 0.89, 0.93, 0.89, 0.95, 0.92, 0.92, 0.92, 0.93, 0.92, 0.91, 0.92, 0.89, 0.9, 0.91, 0.9, 0.92, 0.93, 0.92, 0.92, 0.9, 0.93, 0.87, 0.88, 0.89, 0.9, 0.9, 0.86, 0.9, 0.91, 0.92, 0.94, 0.9, 0.94, 0.86, 0.91, 0.87, 0.87, 0.9, 0.95, 0.94, 0.93, 0.91, 0.93, 0.92, 0.91, 0.95, 0.89, 0.88, 0.93, 0.87, 0.89, 0.9, 0.94, 0.9, 0.91, 0.94, 0.9, 0.94, 0.93, 0.93, 0.89, 0.89, 0.92, 0.88, 0.88, 0.93]
0.91 0.023
20
[0.9, 0.92, 0.94, 0.92, 0.94, 0.94, 0.92, 0.92, 0.93, 0.91, 0.94, 0.95, 0.92, 0.88, 0.95, 0.92, 0.95, 0.94, 0.91, 0.91, 0.93, 0.96, 0.92, 0.93, 0.91, 0.96, 0.95, 0.91, 0.92, 0.93, 0.94, 0.89, 0.94, 0.96, 0.93, 0.94, 0.94, 0.94, 0.92, 0.93, 0.95, 0.92, 0.92, 0.95, 0.96, 0.93, 0.94, 0.93, 0.93, 0.93, 0.93, 0.94, 0.92, 0.95, 0.94, 0.93, 0.95, 0.93, 0.92, 0.95, 0.9, 0.94, 0.93, 0.95, 0.96, 0.96, 0.92, 0.92, 0.88, 0.91, 0.92, 0.93, 0.94, 0.93, 0.9, 0.94, 0.96, 0.94, 0.94, 0.93, 0.95, 0.95, 0.94, 0.95, 0.93, 0.95, 0.93, 0.95, 0.94, 0.94, 0.91, 0.91, 0.94, 0.95, 0.93, 0.91, 0.94, 0.93, 0.92, 0.91]
0.932 0.017
40
[0.94, 0.96, 0.96, 0.92, 0.95, 0.92, 0.95, 0.95, 0.95, 0.96, 0.95, 0.95, 0.94, 0.93, 0.95, 0.94, 0.94, 0.93, 0.93, 0.95, 0.94, 0.93, 0.92, 0.96, 0.94, 0.96, 0.95, 0.94, 0.94, 0.96, 0.95, 0.94, 0.97, 0.97, 0.95, 0.95, 0.94, 0.94, 0.94, 0.95, 0.96, 0.97, 0.96, 0.94, 0.94, 0.94, 0.95, 0.96, 0.95, 0.95, 0.95, 0.94, 0.93, 0.95, 0.95, 0.94, 0.93, 0.94, 0.96, 0.95, 0.96, 0.96, 0.95, 0.96, 0.91, 0.94, 0.95, 0.93, 0.93, 0.95, 0.94, 0.96, 0.94, 0.96, 0.95, 0.96, 0.94, 0.91, 0.95, 0.95, 0.96, 0.93, 0.94, 0.94, 0.92, 0.96, 0.95, 0.95, 0.94, 0.94, 0.95, 0.95, 0.95, 0.93, 0.93, 0.96, 0.91, 0.96, 0.93, 0.94]
0.945 0.013
80
[0.96, 0.96, 0.96, 0.96, 0.96, 0.97, 0.96, 0.96, 0.94, 0.95, 0.95, 0.95, 0.95, 0.95, 0.96, 0.96, 0.97, 0.97, 0.96, 0.97, 0.95, 0.95, 0.96, 0.96, 0.96, 0.96, 0.95, 0.96, 0.95, 0.96, 0.95, 0.95, 0.96, 0.94, 0.95, 0.97, 0.96, 0.95, 0.95, 0.96, 0.95, 0.97, 0.96, 0.96, 0.97, 0.95, 0.95, 0.96, 0.96, 0.94, 0.96, 0.96, 0.94, 0.97, 0.94, 0.96, 0.97, 0.96, 0.95, 0.96, 0.94, 0.97, 0.95, 0.96, 0.95, 0.97, 0.97, 0.94, 0.97, 0.96, 0.97, 0.94, 0.95, 0.96, 0.96, 0.97, 0.97, 0.96, 0.96, 0.96, 0.95, 0.96, 0.96, 0.95, 0.95, 0.94, 0.95, 0.96, 0.96, 0.94, 0.95, 0.96, 0.95, 0.95, 0.96, 0.96, 0.95, 0.96, 0.96, 0.96]
0.957 0.009
160
[0.96, 0.96, 0.97, 0.97, 0.96, 0.96, 0.97, 0.97, 0.95, 0.97, 0.96, 0.97, 0.97, 0.97, 0.95, 0.96, 0.96, 0.97, 0.96, 0.97, 0.97, 0.97, 0.95, 0.96, 0.97, 0.97, 0.97, 0.97, 0.95, 0.96, 0.96, 0.96, 0.97, 0.96, 0.97, 0.96, 0.97, 0.97, 0.97, 0.97, 0.96, 0.96, 0.97, 0.95, 0.96, 0.97, 0.96, 0.96, 0.96, 0.97, 0.96, 0.97, 0.97, 0.96, 0.96, 0.95, 0.95, 0.97, 0.96, 0.97, 0.96, 0.97, 0.96, 0.95, 0.97, 0.97, 0.97, 0.95, 0.96, 0.96, 0.97, 0.97, 0.96, 0.93, 0.97, 0.96, 0.97, 0.96, 0.96, 0.95, 0.97, 0.96, 0.96, 0.96, 0.97, 0.96, 0.95, 0.97, 0.95, 0.97, 0.96, 0.96, 0.97, 0.96, 0.97, 0.98, 0.96, 0.96, 0.96, 0.96]
0.963 0.008
320
[0.97, 0.96, 0.97, 0.98, 0.98, 0.97, 0.97, 0.97, 0.97, 0.97, 0.97, 0.97, 0.98, 0.97, 0.97, 0.97, 0.97, 0.97, 0.97, 0.98, 0.97, 0.97, 0.96, 0.96, 0.98, 0.98, 0.96, 0.97, 0.98, 0.98, 0.97, 0.98, 0.98, 0.97, 0.97, 0.97, 0.97, 0.97, 0.97, 0.97, 0.97, 0.97, 0.98, 0.97, 0.96, 0.97, 0.97, 0.97, 0.97, 0.97, 0.97, 0.98, 0.97, 0.97, 0.97, 0.97, 0.97, 0.97, 0.98, 0.97, 0.98, 0.98, 0.97, 0.97, 0.97, 0.97, 0.97, 0.97, 0.97, 0.98, 0.98, 0.97, 0.97, 0.98, 0.97, 0.97, 0.96, 0.97, 0.98, 0.97, 0.97, 0.97, 0.98, 0.97, 0.98, 0.97, 0.97, 0.97, 0.97, 0.97, 0.97, 0.97, 0.97, 0.97, 0.96, 0.97, 0.98, 0.97, 0.98, 0.97]
0.972 0.005

double CF
3
[0.924, 0.948, 0.881, 0.892, 0.917, 0.936, 0.867, 0.869, 0.92, 0.954, 0.938, 0.901, 0.883, 0.926, 0.93, 0.932, 0.777, 0.87, 0.895, 0.921, 0.89, 0.906, 0.92, 0.885, 0.956, 0.949, 0.954, 0.937, 0.929, 0.934, 0.888, 0.924, 0.935, 0.952, 0.932, 0.887, 0.917, 0.921, 0.898, 0.9, 0.934, 0.895, 0.927, 0.831, 0.872, 0.911, 0.926, 0.916, 0.901, 0.906, 0.905, 0.887, 0.882, 0.934, 0.906, 0.907, 0.882, 0.912, 0.877, 0.929, 0.905, 0.921, 0.852, 0.936, 0.826, 0.945, 0.905, 0.886, 0.914, 0.921, 0.938, 0.925, 0.958, 0.945, 0.923, 0.948, 0.899, 0.935, 0.882, 0.891, 0.948, 0.948, 0.91, 0.882, 0.935, 0.905, 0.895, 0.889, 0.869, 0.905, 0.956, 0.911, 0.911, 0.937, 0.881, 0.914, 0.923, 0.907, 0.921, 0.884]
0.91 0.03
5
[0.913, 0.933, 0.931, 0.948, 0.897, 0.885, 0.922, 0.915, 0.946, 0.936, 0.929, 0.923, 0.935, 0.924, 0.892, 0.934, 0.9, 0.953, 0.95, 0.875, 0.937, 0.92, 0.914, 0.96, 0.944, 0.931, 0.931, 0.913, 0.922, 0.904, 0.942, 0.938, 0.896, 0.919, 0.911, 0.915, 0.937, 0.916, 0.928, 0.911, 0.942, 0.943, 0.955, 0.923, 0.947, 0.94, 0.906, 0.911, 0.947, 0.941, 0.918, 0.936, 0.904, 0.938, 0.92, 0.908, 0.888, 0.918, 0.902, 0.93, 0.914, 0.902, 0.918, 0.935, 0.949, 0.912, 0.897, 0.925, 0.926, 0.894, 0.944, 0.944, 0.955, 0.91, 0.947, 0.926, 0.947, 0.916, 0.925, 0.889, 0.915, 0.944, 0.94, 0.9, 0.923, 0.924, 0.921, 0.937, 0.952, 0.879, 0.896, 0.966, 0.873, 0.932, 0.904, 0.969, 0.943, 0.908, 0.937, 0.938]
0.924 0.02
10
[0.918, 0.932, 0.939, 0.961, 0.915, 0.963, 0.958, 0.937, 0.966, 0.95, 0.934, 0.939, 0.93, 0.94, 0.959, 0.924, 0.936, 0.95, 0.942, 0.953, 0.911, 0.948, 0.934, 0.955, 0.949, 0.95, 0.92, 0.91, 0.912, 0.943, 0.946, 0.959, 0.954, 0.954, 0.935, 0.936, 0.941, 0.934, 0.93, 0.947, 0.948, 0.922, 0.932, 0.939, 0.947, 0.927, 0.914, 0.938, 0.935, 0.957, 0.957, 0.936, 0.957, 0.933, 0.952, 0.924, 0.943, 0.96, 0.948, 0.936, 0.923, 0.956, 0.919, 0.952, 0.948, 0.922, 0.955, 0.925, 0.926, 0.938, 0.937, 0.931, 0.958, 0.957, 0.89, 0.909, 0.949, 0.962, 0.894, 0.94, 0.929, 0.87, 0.933, 0.927, 0.957, 0.927, 0.933, 0.944, 0.927, 0.939, 0.934, 0.951, 0.938, 0.969, 0.931, 0.96, 0.946, 0.961, 0.939, 0.926]
0.939 0.017
20
[0.951, 0.95, 0.953, 0.955, 0.934, 0.931, 0.94, 0.961, 0.962, 0.953, 0.946, 0.91, 0.963, 0.928, 0.936, 0.951, 0.926, 0.924, 0.964, 0.929, 0.916, 0.936, 0.95, 0.937, 0.898, 0.95, 0.963, 0.928, 0.931, 0.955, 0.955, 0.958, 0.911, 0.949, 0.935, 0.95, 0.948, 0.947, 0.951, 0.957, 0.953, 0.955, 0.924, 0.951, 0.96, 0.969, 0.925, 0.949, 0.959, 0.9, 0.943, 0.928, 0.942, 0.88, 0.941, 0.942, 0.962, 0.961, 0.946, 0.946, 0.951, 0.941, 0.95, 0.963, 0.95, 0.958, 0.928, 0.953, 0.944, 0.941, 0.961, 0.952, 0.923, 0.965, 0.975, 0.944, 0.963, 0.954, 0.935, 0.959, 0.908, 0.956, 0.957, 0.951, 0.935, 0.947, 0.946, 0.973, 0.941, 0.967, 0.949, 0.919, 0.943, 0.957, 0.945, 0.934, 0.963, 0.934, 0.94, 0.956]
0.945 0.017
40
[0.947, 0.953, 0.958, 0.932, 0.947, 0.964, 0.939, 0.938, 0.935, 0.954, 0.931, 0.947, 0.937, 0.958, 0.961, 0.949, 0.948, 0.934, 0.95, 0.948, 0.934, 0.945, 0.948, 0.929, 0.947, 0.953, 0.938, 0.949, 0.952, 0.922, 0.954, 0.962, 0.967, 0.939, 0.971, 0.938, 0.952, 0.959, 0.928, 0.959, 0.906, 0.942, 0.957, 0.952, 0.959, 0.957, 0.947, 0.962, 0.966, 0.951, 0.951, 0.948, 0.951, 0.939, 0.959, 0.906, 0.931, 0.944, 0.92, 0.953, 0.927, 0.937, 0.929, 0.946, 0.919, 0.929, 0.939, 0.948, 0.95, 0.944, 0.953, 0.954, 0.959, 0.922, 0.931, 0.954, 0.958, 0.956, 0.968, 0.966, 0.96, 0.964, 0.935, 0.927, 0.943, 0.954, 0.946, 0.936, 0.953, 0.969, 0.953, 0.92, 0.944, 0.945, 0.954, 0.949, 0.919, 0.966, 0.956, 0.956]
0.946 0.014
80
[0.944, 0.948, 0.938, 0.965, 0.96, 0.963, 0.961, 0.964, 0.959, 0.956, 0.955, 0.962, 0.933, 0.97, 0.933, 0.957, 0.941, 0.957, 0.969, 0.956, 0.945, 0.944, 0.962, 0.953, 0.954, 0.938, 0.957, 0.951, 0.958, 0.937, 0.936, 0.949, 0.953, 0.959, 0.951, 0.946, 0.948, 0.957, 0.962, 0.92, 0.942, 0.952, 0.934, 0.956, 0.956, 0.936, 0.959, 0.932, 0.966, 0.945, 0.954, 0.941, 0.952, 0.933, 0.951, 0.961, 0.941, 0.92, 0.962, 0.932, 0.946, 0.959, 0.958, 0.945, 0.956, 0.932, 0.948, 0.936, 0.957, 0.952, 0.968, 0.965, 0.942, 0.925, 0.896, 0.936, 0.966, 0.958, 0.948, 0.912, 0.927, 0.941, 0.931, 0.956, 0.939, 0.955, 0.94, 0.953, 0.955, 0.956, 0.915, 0.94, 0.961, 0.943, 0.951, 0.964, 0.948, 0.966, 0.921, 0.969]
0.948 0.014
160
[0.97, 0.96, 0.97, 0.95, 0.96, 0.96, 0.96, 0.96, 0.97, 0.96, 0.97, 0.97, 0.97, 0.96, 0.97, 0.96, 0.96, 0.95, 0.97, 0.98, 0.97, 0.97, 0.95, 0.95, 0.97, 0.97, 0.95, 0.96, 0.97, 0.96, 0.96, 0.95, 0.96, 0.96, 0.97, 0.97, 0.97, 0.97, 0.96, 0.96, 0.97, 0.96, 0.96, 0.96, 0.97, 0.98, 0.96, 0.96, 0.97, 0.97, 0.95, 0.98, 0.96, 0.97, 0.96, 0.97, 0.97, 0.96, 0.97, 0.96, 0.97, 0.97, 0.95, 0.95, 0.96, 0.96, 0.96, 0.95, 0.96, 0.97, 0.96, 0.97, 0.96, 0.97, 0.96, 0.98, 0.97, 0.96, 0.95, 0.96, 0.96, 0.97, 0.96, 0.97, 0.95, 0.96, 0.97, 0.97, 0.96, 0.96, 0.96, 0.97, 0.96, 0.97, 0.97, 0.96, 0.96, 0.96, 0.96, 0.96]
0.963 0.007

double CF + Input
3
[0.92, 0.93, 0.92, 0.94, 0.92, 0.92, 0.91, 0.89, 0.9, 0.9, 0.92, 0.92, 0.9, 0.92, 0.9, 0.88, 0.94, 0.95, 0.92, 0.92, 0.91, 0.92, 0.94, 0.93, 0.92, 0.94, 0.89, 0.9, 0.93, 0.93, 0.92, 0.95, 0.93, 0.92, 0.93, 0.91, 0.93, 0.93, 0.94, 0.9, 0.88, 0.93, 0.92, 0.91, 0.95, 0.92, 0.94, 0.86, 0.92, 0.9, 0.94, 0.93, 0.91, 0.9, 0.93, 0.9, 0.92, 0.92, 0.94, 0.91, 0.88, 0.91, 0.92, 0.89, 0.94, 0.91, 0.94, 0.96, 0.91, 0.87, 0.91, 0.94, 0.93, 0.91, 0.92, 0.91, 0.95, 0.92, 0.92, 0.93, 0.91, 0.94, 0.9, 0.96, 0.94, 0.9, 0.92, 0.88, 0.93, 0.9, 0.93, 0.93, 0.89, 0.93, 0.91, 0.91, 0.89, 0.96, 0.93, 0.89]
0.918 0.02
5
[0.91, 0.93, 0.92, 0.91, 0.91, 0.96, 0.91, 0.92, 0.94, 0.91, 0.93, 0.9, 0.94, 0.95, 0.92, 0.93, 0.92, 0.93, 0.93, 0.93, 0.93, 0.91, 0.91, 0.95, 0.93, 0.93, 0.96, 0.92, 0.95, 0.9, 0.94, 0.9, 0.93, 0.94, 0.95, 0.93, 0.93, 0.9, 0.95, 0.93, 0.93, 0.94, 0.91, 0.93, 0.95, 0.9, 0.94, 0.93, 0.91, 0.94, 0.94, 0.9, 0.92, 0.94, 0.96, 0.91, 0.92, 0.88, 0.93, 0.95, 0.93, 0.94, 0.95, 0.9, 0.94, 0.93, 0.94, 0.95, 0.94, 0.91, 0.92, 0.94, 0.92, 0.93, 0.9, 0.95, 0.91, 0.92, 0.95, 0.95, 0.93, 0.89, 0.92, 0.93, 0.93, 0.93, 0.92, 0.96, 0.92, 0.87, 0.95, 0.92, 0.94, 0.89, 0.95, 0.94, 0.91, 0.92, 0.92, 0.93]
0.927 0.018
10
[0.9, 0.93, 0.95, 0.96, 0.96, 0.92, 0.92, 0.94, 0.94, 0.95, 0.91, 0.9, 0.91, 0.92, 0.94, 0.91, 0.93, 0.96, 0.93, 0.93, 0.94, 0.9, 0.92, 0.94, 0.91, 0.93, 0.93, 0.93, 0.89, 0.94, 0.96, 0.92, 0.91, 0.92, 0.92, 0.95, 0.95, 0.94, 0.94, 0.93, 0.93, 0.95, 0.94, 0.91, 0.93, 0.96, 0.95, 0.94, 0.92, 0.91, 0.96, 0.91, 0.95, 0.96, 0.9, 0.93, 0.93, 0.95, 0.93, 0.95, 0.94, 0.95, 0.96, 0.94, 0.97, 0.92, 0.93, 0.92, 0.92, 0.94, 0.93, 0.97, 0.95, 0.91, 0.89, 0.94, 0.92, 0.96, 0.94, 0.93, 0.91, 0.95, 0.94, 0.96, 0.94, 0.95, 0.93, 0.94, 0.96, 0.94, 0.93, 0.95, 0.9, 0.95, 0.95, 0.94, 0.96, 0.94, 0.94, 0.95]
0.934 0.018
20
[0.94, 0.94, 0.96, 0.96, 0.94, 0.95, 0.94, 0.9, 0.96, 0.94, 0.95, 0.94, 0.96, 0.97, 0.95, 0.92, 0.96, 0.94, 0.96, 0.94, 0.95, 0.96, 0.96, 0.96, 0.95, 0.96, 0.95, 0.94, 0.93, 0.93, 0.97, 0.93, 0.94, 0.95, 0.95, 0.96, 0.91, 0.95, 0.94, 0.93, 0.95, 0.95, 0.95, 0.95, 0.95, 0.96, 0.94, 0.95, 0.92, 0.96, 0.94, 0.96, 0.94, 0.96, 0.96, 0.97, 0.94, 0.93, 0.95, 0.95, 0.95, 0.96, 0.94, 0.92, 0.95, 0.95, 0.92, 0.93, 0.93, 0.94, 0.96, 0.95, 0.96, 0.91, 0.95, 0.92, 0.95, 0.94, 0.94, 0.96, 0.94, 0.96, 0.97, 0.94, 0.94, 0.96, 0.97, 0.92, 0.95, 0.94, 0.95, 0.94, 0.97, 0.96, 0.96, 0.95, 0.94, 0.93, 0.94, 0.95]
0.946 0.014
40
[0.96, 0.94, 0.97, 0.94, 0.97, 0.96, 0.95, 0.95, 0.95, 0.96, 0.97, 0.96, 0.96, 0.96, 0.96, 0.96, 0.96, 0.96, 0.97, 0.97, 0.96, 0.97, 0.96, 0.96, 0.96, 0.95, 0.96, 0.94, 0.95, 0.96, 0.94, 0.96, 0.95, 0.94, 0.96, 0.96, 0.96, 0.97, 0.96, 0.96, 0.96, 0.96, 0.93, 0.97, 0.96, 0.96, 0.95, 0.96, 0.95, 0.96, 0.95, 0.97, 0.95, 0.95, 0.96, 0.95, 0.96, 0.95, 0.96, 0.96, 0.96, 0.96, 0.89, 0.94, 0.97, 0.95, 0.94, 0.95, 0.97, 0.95, 0.96, 0.95, 0.95, 0.97, 0.94, 0.96, 0.96, 0.95, 0.96, 0.92, 0.96, 0.96, 0.96, 0.97, 0.96, 0.94, 0.94, 0.95, 0.94, 0.95, 0.97, 0.97, 0.96, 0.95, 0.96, 0.96, 0.97, 0.96, 0.94, 0.96]
0.956 0.012
80
[0.97, 0.97, 0.96, 0.96, 0.97, 0.97, 0.96, 0.96, 0.97, 0.95, 0.96, 0.95, 0.95, 0.96, 0.96, 0.96, 0.97, 0.96, 0.97, 0.97, 0.96, 0.97, 0.97, 0.96, 0.97, 0.96, 0.96, 0.94, 0.97, 0.96, 0.97, 0.95, 0.96, 0.95, 0.98, 0.96, 0.96, 0.95, 0.96, 0.97, 0.96, 0.96, 0.97, 0.95, 0.96, 0.95, 0.97, 0.96, 0.96, 0.96, 0.96, 0.94, 0.97, 0.96, 0.96, 0.95, 0.95, 0.96, 0.96, 0.97, 0.96, 0.95, 0.96, 0.97, 0.96, 0.95, 0.96, 0.96, 0.96, 0.96, 0.95, 0.97, 0.95, 0.96, 0.96, 0.96, 0.94, 0.95, 0.96, 0.96, 0.95, 0.97, 0.96, 0.96, 0.94, 0.95, 0.95, 0.96, 0.96, 0.96, 0.96, 0.95, 0.96, 0.95, 0.97, 0.97, 0.97, 0.96, 0.95, 0.96]
0.96 0.008
160
[0.97, 0.96, 0.98, 0.96, 0.96, 0.97, 0.97, 0.96, 0.97, 0.97, 0.97, 0.97, 0.97, 0.97, 0.97, 0.98, 0.96, 0.96, 0.96, 0.97, 0.96, 0.97, 0.97, 0.96, 0.96, 0.96, 0.96, 0.97, 0.97, 0.98, 0.97, 0.96, 0.96, 0.96, 0.96, 0.96, 0.97, 0.96, 0.96, 0.97, 0.95, 0.97, 0.97, 0.96, 0.97, 0.97, 0.96, 0.97, 0.97, 0.96, 0.96, 0.97, 0.97, 0.96, 0.96, 0.97, 0.96, 0.95, 0.97, 0.97, 0.96, 0.98, 0.96, 0.97, 0.96, 0.95, 0.97, 0.97, 0.96, 0.97, 0.95, 0.97, 0.97, 0.97, 0.96, 0.96, 0.97, 0.96, 0.97, 0.97, 0.96, 0.97, 0.97, 0.96, 0.95, 0.97, 0.96, 0.98, 0.95, 0.97, 0.95, 0.97, 0.97, 0.96, 0.97, 0.97, 0.97, 0.97, 0.96, 0.97]
0.965 0.007
320
[0.97, 0.96, 0.96, 0.98, 0.98, 0.98, 0.97, 0.97, 0.98, 0.97, 0.98, 0.97, 0.96, 0.97, 0.97, 0.98, 0.97, 0.98, 0.97, 0.97, 0.97, 0.97, 0.97, 0.97, 0.98, 0.96, 0.97, 0.97, 0.97, 0.97, 0.97, 0.97, 0.97, 0.97, 0.97, 0.98, 0.97, 0.98, 0.97, 0.97, 0.96, 0.97, 0.97, 0.97, 0.97, 0.97, 0.97, 0.97, 0.96, 0.98, 0.97, 0.98, 0.97, 0.97, 0.98, 0.97, 0.97, 0.97, 0.98, 0.98, 0.97, 0.98, 0.97, 0.97, 0.96, 0.97, 0.98, 0.97, 0.98, 0.97, 0.96, 0.97, 0.97, 0.97, 0.98, 0.97, 0.97, 0.97, 0.98, 0.97, 0.97, 0.98, 0.96, 0.96, 0.97, 0.98, 0.97, 0.97, 0.97, 0.98, 0.97, 0.97, 0.97, 0.97, 0.97, 0.96, 0.98, 0.97, 0.97, 0.97]
0.971 0.006
