prediction interface
3
[0.76, 0.51, 0.5, 0.88, 0.76, 0.5, 0.5, 0.67, 0.5, 0.5, 0.79, 0.82, 0.63, 0.77, 0.8, 0.78, 0.49, 0.5, 0.63, 0.62, 0.5, 0.86, 0.5, 0.6, 0.5, 0.87, 0.5, 0.5, 0.64, 0.7, 0.61, 0.76, 0.83, 0.79, 0.7, 0.67, 0.8, 0.65, 0.73, 0.59, 0.66, 0.62, 0.73, 0.5, 0.69, 0.59, 0.78, 0.62, 0.5, 0.77, 0.75, 0.61, 0.51, 0.71, 0.54, 0.64, 0.5, 0.5, 0.84, 0.86, 0.7, 0.74, 0.68, 0.67, 0.73, 0.51, 0.5, 0.78, 0.75, 0.72, 0.58, 0.5, 0.5, 0.5, 0.62, 0.73, 0.66, 0.51, 0.73, 0.6, 0.8, 0.69, 0.5, 0.65, 0.5, 0.67, 0.5, 0.77, 0.74, 0.7, 0.5, 0.72, 0.88, 0.83, 0.5, 0.7, 0.5, 0.76, 0.5, 0.67]
0.649 0.12



10

model extraction
3
[0.9, 0.9, 0.9, 0.86, 0.87, 0.89, 0.87, 0.91, 0.86, 0.86, 0.88, 0.88, 0.89, 0.88, 0.88, 0.89, 0.9, 0.83, 0.89, 0.88, 0.87, 0.87, 0.85, 0.84, 0.85, 0.87, 0.86, 0.87, 0.88, 0.85, 0.89, 0.9, 0.85, 0.81, 0.87, 0.87, 0.86, 0.9, 0.84, 0.86, 0.87, 0.9, 0.9, 0.78, 0.9, 0.88, 0.86, 0.82, 0.9, 0.9, 0.84, 0.85, 0.9, 0.89, 0.87, 0.87, 0.94, 0.88, 0.93, 0.88, 0.86, 0.9, 0.86, 0.89, 0.83, 0.88, 0.88, 0.81, 0.87, 0.86, 0.81, 0.92, 0.87, 0.92, 0.88, 0.87, 0.88, 0.87, 0.9, 0.82, 0.89, 0.8, 0.92, 0.92, 0.88, 0.89, 0.88, 0.91, 0.92, 0.79, 0.89, 0.87, 0.91, 0.87, 0.89, 0.86, 0.81, 0.85, 0.83, 0.88]
0.873 0.031
5
[0.88, 0.87, 0.91, 0.92, 0.9, 0.86, 0.84, 0.88, 0.91, 0.93, 0.89, 0.88, 0.85, 0.86, 0.92, 0.89, 0.93, 0.93, 0.91, 0.9, 0.92, 0.88, 0.85, 0.9, 0.84, 0.92, 0.87, 0.87, 0.91, 0.89, 0.87, 0.88, 0.87, 0.87, 0.91, 0.91, 0.84, 0.84, 0.89, 0.92, 0.9, 0.87, 0.93, 0.93, 0.88, 0.88, 0.91, 0.9, 0.9, 0.91, 0.9, 0.89, 0.82, 0.9, 0.93, 0.91, 0.9, 0.92, 0.86, 0.89, 0.89, 0.89, 0.89, 0.88, 0.88, 0.87, 0.86, 0.88, 0.91, 0.87, 0.89, 0.95, 0.85, 0.87, 0.89, 0.89, 0.84, 0.9, 0.88, 0.9, 0.89, 0.86, 0.91, 0.9, 0.88, 0.92, 0.86, 0.89, 0.89, 0.84, 0.88, 0.92, 0.88, 0.88, 0.89, 0.87, 0.89, 0.91, 0.92, 0.87]
0.889 0.025
10
[0.89, 0.88, 0.95, 0.93, 0.94, 0.9, 0.91, 0.9, 0.91, 0.91, 0.89, 0.94, 0.9, 0.91, 0.92, 0.9, 0.9, 0.87, 0.94, 0.9, 0.91, 0.91, 0.94, 0.91, 0.9, 0.86, 0.91, 0.88, 0.91, 0.89, 0.94, 0.91, 0.93, 0.89, 0.91, 0.91, 0.91, 0.94, 0.94, 0.91, 0.93, 0.91, 0.92, 0.89, 0.91, 0.92, 0.91, 0.91, 0.92, 0.93, 0.88, 0.93, 0.9, 0.94, 0.92, 0.9, 0.93, 0.94, 0.87, 0.91, 0.89, 0.92, 0.92, 0.88, 0.93, 0.93, 0.91, 0.91, 0.92, 0.92, 0.89, 0.88, 0.91, 0.91, 0.9, 0.93, 0.91, 0.91, 0.87, 0.93, 0.93, 0.94, 0.92, 0.9, 0.88, 0.94, 0.91, 0.92, 0.94, 0.93, 0.89, 0.93, 0.89, 0.89, 0.9, 0.91, 0.88, 0.88, 0.92, 0.89]
0.91 0.02
20
[0.93, 0.94, 0.93, 0.93, 0.95, 0.9, 0.94, 0.94, 0.94, 0.92, 0.94, 0.95, 0.93, 0.9, 0.95, 0.95, 0.96, 0.93, 0.92, 0.93, 0.94, 0.94, 0.94, 0.93, 0.91, 0.92, 0.91, 0.95, 0.95, 0.93, 0.93, 0.94, 0.88, 0.94, 0.92, 0.94, 0.92, 0.94, 0.9, 0.93, 0.94, 0.95, 0.92, 0.95, 0.91, 0.94, 0.95, 0.92, 0.94, 0.92, 0.94, 0.93, 0.95, 0.92, 0.91, 0.93, 0.92, 0.92, 0.93, 0.94, 0.95, 0.94, 0.94, 0.94, 0.92, 0.95, 0.92, 0.92, 0.91, 0.92, 0.89, 0.92, 0.9, 0.91, 0.95, 0.94, 0.96, 0.94, 0.93, 0.94, 0.93, 0.92, 0.93, 0.93, 0.94, 0.92, 0.91, 0.93, 0.96, 0.91, 0.93, 0.94, 0.92, 0.91, 0.95, 0.92, 0.92, 0.94, 0.91, 0.95]
0.93 0.016
40
[0.93, 0.96, 0.96, 0.94, 0.92, 0.94, 0.96, 0.94, 0.97, 0.94, 0.97, 0.94, 0.95, 0.96, 0.96, 0.95, 0.96, 0.94, 0.95, 0.94, 0.95, 0.95, 0.95, 0.97, 0.94, 0.96, 0.96, 0.95, 0.96, 0.96, 0.95, 0.95, 0.95, 0.95, 0.96, 0.9, 0.93, 0.92, 0.96, 0.95, 0.95, 0.96, 0.93, 0.95, 0.95, 0.96, 0.93, 0.94, 0.97, 0.95, 0.95, 0.95, 0.96, 0.94, 0.95, 0.93, 0.95, 0.96, 0.94, 0.93, 0.94, 0.92, 0.94, 0.94, 0.94, 0.94, 0.95, 0.94, 0.92, 0.93, 0.95, 0.95, 0.94, 0.95, 0.94, 0.94, 0.95, 0.93, 0.96, 0.94, 0.93, 0.93, 0.95, 0.95, 0.95, 0.95, 0.93, 0.95, 0.96, 0.94, 0.92, 0.95, 0.94, 0.95, 0.93, 0.95, 0.95, 0.96, 0.97, 0.94]
0.946 0.013
80
[0.97, 0.95, 0.95, 0.95, 0.95, 0.97, 0.95, 0.95, 0.96, 0.95, 0.96, 0.97, 0.97, 0.95, 0.97, 0.97, 0.96, 0.97, 0.96, 0.96, 0.96, 0.96, 0.94, 0.97, 0.95, 0.96, 0.97, 0.96, 0.96, 0.97, 0.95, 0.96, 0.96, 0.95, 0.95, 0.96, 0.95, 0.95, 0.95, 0.96, 0.97, 0.96, 0.95, 0.95, 0.94, 0.97, 0.96, 0.95, 0.97, 0.96, 0.96, 0.96, 0.97, 0.96, 0.95, 0.96, 0.96, 0.97, 0.96, 0.95, 0.95, 0.96, 0.96, 0.96, 0.97, 0.95, 0.96, 0.95, 0.96, 0.96, 0.96, 0.95, 0.97, 0.96, 0.93, 0.95, 0.96, 0.96, 0.97, 0.96, 0.95, 0.94, 0.97, 0.96, 0.95, 0.96, 0.96, 0.96, 0.96, 0.95, 0.96, 0.95, 0.95, 0.96, 0.94, 0.95, 0.97, 0.96, 0.95, 0.94]
0.958 0.009
160
[0.96, 0.97, 0.96, 0.95, 0.97, 0.97, 0.96, 0.97, 0.97, 0.97, 0.97, 0.97, 0.96, 0.97, 0.95, 0.97, 0.97, 0.97, 0.96, 0.97, 0.97, 0.96, 0.96, 0.96, 0.96, 0.96, 0.96, 0.96, 0.97, 0.97, 0.96, 0.96, 0.97, 0.97, 0.96, 0.96, 0.97, 0.97, 0.97, 0.97, 0.95, 0.98, 0.95, 0.97, 0.96, 0.95, 0.97, 0.96, 0.98, 0.97, 0.97, 0.96, 0.97, 0.96, 0.95, 0.97, 0.96, 0.97, 0.97, 0.96, 0.96, 0.97, 0.96, 0.95, 0.96, 0.97, 0.98, 0.96, 0.97, 0.96, 0.97, 0.96, 0.96, 0.96, 0.97, 0.96, 0.97, 0.97, 0.96, 0.97, 0.97, 0.97, 0.97, 0.96, 0.96, 0.97, 0.96, 0.96, 0.97, 0.98, 0.96, 0.97, 0.96, 0.97, 0.97, 0.97, 0.97, 0.97, 0.98, 0.97]
0.965 0.007
320
[0.96, 0.97, 0.97, 0.98, 0.97, 0.97, 0.96, 0.96, 0.96, 0.97, 0.97, 0.97, 0.97, 0.98, 0.98, 0.97, 0.97, 0.97, 0.97, 0.96, 0.98, 0.97, 0.97, 0.97, 0.97, 0.97, 0.97, 0.96, 0.97, 0.97, 0.97, 0.98, 0.96, 0.97, 0.98, 0.98, 0.97, 0.97, 0.98, 0.97, 0.97, 0.96, 0.97, 0.97, 0.97, 0.97, 0.97, 0.97, 0.97, 0.97, 0.97, 0.98, 0.98, 0.97, 0.97, 0.96, 0.97, 0.96, 0.97, 0.97, 0.97, 0.98, 0.96, 0.97, 0.98, 0.97, 0.97, 0.98, 0.98, 0.97, 0.98, 0.97, 0.97, 0.96, 0.97, 0.96, 0.97, 0.97, 0.96, 0.97, 0.97, 0.97, 0.96, 0.97, 0.97, 0.97, 0.98, 0.97, 0.97, 0.97, 0.96, 0.97, 0.97, 0.98, 0.97, 0.97, 0.95, 0.97, 0.97, 0.98]
0.97 0.006

