double cf  (2, 20, 10, 1)
3
[0.88, 0.84, 0.92, 0.88, 0.81, 0.83, 0.54, 0.85, 0.93, 0.75, 0.77, 0.92, 0.86, 0.86, 0.92, 0.84, 0.83, 0.87, 0.88, 0.89, 0.85, 0.85, 0.87, 0.9, 0.86, 0.9, 0.85, 0.76, 0.83, 0.88, 0.88, 0.85, 0.87, 0.83, 0.9, 0.9, 0.91, 0.23, 0.84, 0.88, 0.83, 0.83, 0.83, 0.91, 0.77, 0.87, 0.58, 0.88, 0.9, 0.88, 0.84, 0.46, 0.91, 0.9, 0.83, 0.9, 0.88, 0.89, 0.81, 0.83, 0.85, 0.85, 0.93, 0.83, 0.9, 0.81, 0.9, 0.83, 0.83, 0.89, 0.88, 0.89, 0.84, 0.88, 0.85, 0.92, 0.89, 0.86, 0.91, 0.83, 0.83, 0.83, 0.9, 0.83, 0.83, 0.91, 0.89, 0.86, 0.9, 0.89, 0.85, 0.86, 0.83, 0.91, 0.84, 0.83, 0.94, 0.88, 0.89, 0.83]
0.847 0.093
after non-converenge runs
0.864 0.038
5
[0.84, 0.95, 0.9, 0.89, 0.83, 0.9, 0.84, 0.9, 0.83, 0.83, 0.9, 0.91, 0.9, 0.94, 0.9, 0.91, 0.96, 0.9, 0.92, 0.9, 0.84, 0.89, 0.94, 0.94, 0.89, 0.86, 0.9, 0.88, 0.89, 0.89, 0.91, 0.89, 0.85, 0.93, 0.87, 0.86, 0.93, 0.87, 0.89, 0.91, 0.93, 0.94, 0.89, 0.94, 0.89, 0.93, 0.91, 0.88, 0.87, 0.93, 0.84, 0.84, 0.88, 0.84, 0.91, 0.85, 0.92, 0.94, 0.89, 0.94, 0.92, 0.93, 0.84, 0.89, 0.91, 0.89, 0.92, 0.92, 0.91, 0.92, 0.83, 0.85, 0.83, 0.9, 0.91, 0.84, 0.87, 0.92, 0.98, 0.91, 0.9, 0.77, 0.94, 0.88, 0.85, 0.91, 0.88, 0.88, 0.89, 0.89, 0.85, 0.88, 0.93, 0.85, 0.87, 0.88, 0.9, 0.83, 0.83, 0.9]
0.89 0.037
10
[0.95, 0.94, 0.88, 0.96, 0.89, 0.94, 0.95, 0.93, 0.91, 0.92, 0.92, 0.91, 0.83, 0.91, 0.89, 0.89, 0.93, 0.9, 0.95, 0.88, 0.9, 0.89, 0.96, 0.95, 0.98, 0.98, 0.91, 0.94, 0.88, 0.85, 0.93, 0.92, 0.89, 0.94, 0.88, 0.92, 0.96, 0.97, 0.92, 0.94, 0.9, 0.83, 0.94, 0.94, 0.9, 0.89, 0.93, 0.94, 0.94, 0.91, 0.9, 0.84, 0.89, 0.89, 0.96, 0.96, 0.91, 0.87, 0.96, 0.86, 0.91, 0.85, 0.94, 0.92, 0.96, 0.94, 0.97, 0.91, 0.98, 0.96, 0.89, 0.96, 0.91, 0.89, 0.88, 0.97, 0.91, 0.54, 0.87, 0.83, 0.96, 0.87, 0.87, 0.9, 0.84, 0.89, 0.93, 0.95, 0.85, 0.91, 0.92, 0.96, 0.93, 0.83, 0.9, 0.92, 0.9, 0.87, 0.93, 0.94]
0.91 0.053
remove non-convergence runs
0.914 0.038
20
[0.94, 0.93, 0.26, 1.0, 0.93, 0.44, 0.99, 0.96, 0.98, 0.97, 0.92, 0.96, 0.97, 0.84, 0.91, 0.93, 0.98, 0.91, 0.96, 0.96, 0.91, 0.99, 0.99, 0.92, 0.96, 0.94, 0.93, 0.87, 0.98, 0.89, 0.94, 0.91, 0.9, 0.98, 0.9, 0.83, 0.98, 0.88, 0.89, 0.94, 0.91, 0.99, 0.97, 0.97, 0.92, 0.95, 0.96, 0.94, 0.97, 0.93, 0.96, 0.92, 0.95, 0.99, 0.89, 0.93, 0.95, 0.85, 0.95, 0.95, 0.93, 0.96, 0.97, 0.98, 0.91, 0.94, 0.88, 0.94, 0.92, 0.96, 0.91, 0.9, 0.97, 0.93, 0.94, 0.98, 0.98, 0.89, 0.96, 0.93, 0.94, 0.98, 0.95, 0.94, 0.95, 0.93, 0.97, 0.99, 0.91, 0.89, 0.89, 0.93, 0.91, 0.93, 0.9, 0.94, 0.98, 0.98, 0.93, 0.99]
0.927 0.091
after non-convergence runs
0.939 0.036
40
[0.97, 0.99, 0.99, 0.98, 0.46, 0.99, 0.8, 0.98, 0.98, 1.0, 1.0, 0.92, 0.93, 0.98, 0.92, 1.0, 0.99, 0.96, 0.94, 0.92, 0.96, 0.93, 0.99, 0.25, 0.93, 0.95, 0.99, 0.93, 0.97, 0.95, 0.91, 0.99, 0.94, 0.99, 0.99, 0.98, 1.0, 0.91, 0.97, 0.99, 1.0, 0.92, 1.0, 0.94, 1.0, 0.46, 0.98, 0.91, 0.99, 0.98, 0.99, 0.91, 0.91, 1.0, 0.99, 0.97, 1.0, 0.95, 0.99, 0.92, 0.99, 0.99, 0.93, 0.97, 0.99, 0.98, 0.96, 0.94, 0.99, 0.98, 0.99, 0.91, 0.98, 0.94, 0.99, 0.94, 0.99, 0.97, 0.96, 0.97, 1.0, 1.0, 1.0, 0.87, 0.95, 0.99, 0.92, 0.98, 0.99, 0.94, 0.99, 0.86, 1.0, 0.99, 1.0, 0.96, 0.99, 0.99, 0.98, 0.91]
0.947 0.106
after non-convergence runs
0.964 0.036
80
[1.0, 1.0, 1.0, 1.0, 0.99, 0.95, 0.98, 1.0, 1.0, 0.97, 0.99, 0.92, 0.89, 0.99, 0.99, 0.91, 0.99, 0.9, 1.0, 0.99, 1.0, 1.0, 1.0, 0.95, 1.0, 0.92, 1.0, 1.0, 1.0, 0.99, 0.99, 0.98, 0.98, 0.91, 0.99, 1.0, 1.0, 1.0, 0.98, 0.99, 1.0, 0.93, 0.93, 1.0, 0.99, 1.0, 0.85, 0.99, 0.99, 0.99, 1.0, 0.46, 0.99, 0.96, 0.99, 1.0, 1.0, 0.99, 0.99, 1.0, 1.0, 1.0, 1.0, 0.99, 0.94, 0.99, 0.9, 1.0, 1.0, 0.94, 1.0, 0.99, 0.99, 0.99, 0.99, 0.99, 0.93, 1.0, 0.85, 0.99, 0.92, 1.0, 0.99, 1.0, 0.98, 0.99, 0.95, 1.0, 0.98, 0.99, 0.91, 1.0, 0.92, 0.99, 1.0, 0.91, 0.99, 1.0, 1.0, 0.99]
0.972 0.062
after non-convergence runs
0.977 0.034
160
[1.0, 1.0, 0.99, 1.0, 1.0, 1.0, 0.99, 1.0, 0.91, 1.0, 1.0, 1.0, 1.0, 1.0, 1.0, 1.0, 1.0, 1.0, 1.0, 1.0, 1.0, 1.0, 1.0, 0.99, 1.0, 0.99, 1.0, 1.0, 1.0, 1.0, 1.0, 1.0, 0.99, 1.0, 0.99, 0.99, 1.0, 1.0, 1.0, 0.99, 1.0, 1.0, 0.99, 1.0, 0.97, 1.0, 1.0, 1.0, 1.0, 1.0, 1.0, 0.96, 0.99, 1.0, 0.99, 0.99, 1.0, 1.0, 0.99, 1.0, 1.0, 1.0, 1.0, 0.99, 1.0, 1.0, 1.0, 1.0, 0.91, 0.92, 1.0, 1.0, 1.0, 0.99, 1.0, 0.99, 1.0, 0.99, 0.98, 1.0, 1.0, 1.0, 1.0, 0.99, 1.0, 1.0, 0.99, 1.0, 1.0, 0.98, 1.0, 1.0, 1.0, 0.99, 0.99, 0.91, 1.0, 0.97, 0.9, 1.0]
0.992 0.02
320
[1.0, 1.0, 1.0, 0.99, 1.0, 1.0, 1.0, 1.0, 1.0, 0.99, 1.0, 1.0, 1.0, 1.0, 0.91, 1.0, 1.0, 1.0, 1.0, 0.98, 1.0, 0.91, 0.46, 1.0, 1.0, 1.0, 1.0, 1.0, 1.0, 0.99, 1.0, 1.0, 1.0, 1.0, 1.0, 1.0, 1.0, 1.0, 1.0, 0.99, 1.0, 1.0, 0.99, 1.0, 1.0, 1.0, 1.0, 1.0, 1.0, 1.0, 1.0, 1.0, 1.0, 1.0, 1.0, 1.0, 0.99, 1.0, 1.0, 1.0, 1.0, 1.0, 1.0, 1.0, 1.0, 1.0, 1.0, 1.0, 1.0, 1.0, 1.0, 0.99, 1.0, 0.99, 1.0, 1.0, 1.0, 1.0, 1.0, 1.0, 1.0, 1.0, 1.0, 1.0, 1.0, 1.0, 1.0, 1.0, 1.0, 1.0, 0.92, 1.0, 1.0, 1.0, 1.0, 0.99, 1.0, 1.0, 1.0, 0.98]
0.991 0.055
after non-convergence runs
0.996 0.015

double cf (2, 20, 5, 1)
3
[0.9, 0.54, 0.83, 0.89, 0.85, 0.9, 0.77, 0.91, 0.91, 0.94, 0.85, 0.83, 0.87, 0.89, 0.83, 0.83, 0.83, 0.86, 0.89, 0.89, 0.54, 0.91, 0.83, 0.94, 0.83, 0.83, 0.46, 0.46, 0.89, 0.85, 0.85, 0.46, 0.89, 0.84, 0.89, 0.91, 0.87, 0.9, 0.81, 0.88, 0.54, 0.84, 0.85, 0.49, 0.85, 0.9, 0.9, 0.79, 0.55, 0.54, 0.85, 0.82, 0.78, 0.84, 0.54, 0.91, 0.84, 0.83, 0.87, 0.38, 0.88, 0.83, 0.78, 0.8, 0.54, 0.76, 0.85, 0.85, 0.87, 0.46, 0.85, 0.88, 0.64, 0.86, 0.88, 0.82, 0.9, 0.83, 0.82, 0.84, 0.9, 0.88, 0.89, 0.9, 0.9, 0.54, 0.46, 0.77, 0.83, 0.88, 0.52, 0.54, 0.56, 0.86, 0.46, 0.87, 0.89, 0.46, 0.9, 0.78]
0.785 0.149
remove non-convergence runs
0.857 0.047
5
[0.91, 0.86, 0.89, 0.88, 0.92, 0.84, 0.85, 0.9, 0.84, 0.92, 0.92, 0.88, 0.87, 0.86, 0.84, 0.89, 0.46, 0.9, 0.46, 0.95, 0.93, 0.9, 0.82, 0.78, 0.62, 0.88, 0.91, 0.9, 0.91, 0.89, 0.9, 0.9, 0.91, 0.88, 0.88, 0.85, 0.87, 0.94, 0.91, 0.9, 0.91, 0.9, 0.94, 0.88, 0.66, 0.91, 0.91, 0.89, 0.91, 0.87, 0.91, 0.89, 0.91, 0.54, 0.85, 0.92, 0.9, 0.87, 0.91, 0.9, 0.91, 0.78, 0.54, 0.93, 0.83, 0.91, 0.96, 0.85, 0.92, 0.9, 0.88, 0.89, 0.91, 0.87, 0.84, 0.87, 0.91, 0.93, 0.91, 0.89, 0.9, 0.92, 0.89, 0.91, 0.9, 0.91, 0.84, 0.87, 0.89, 0.87, 0.83, 0.89, 0.86, 0.54, 0.94, 0.9, 0.36, 0.94, 0.89, 0.91]
0.861 0.108
remove non-convergence runs
0.885 0.049
10
[0.89, 0.9, 0.93, 0.88, 0.87, 0.93, 0.94, 0.46, 0.93, 0.91, 0.85, 0.73, 0.93, 0.57, 0.92, 0.89, 0.91, 0.9, 0.88, 0.92, 0.94, 0.85, 0.87, 0.94, 0.83, 0.88, 0.89, 0.99, 0.59, 0.46, 0.88, 0.89, 0.91, 0.93, 0.86, 0.87, 0.92, 0.46, 0.91, 0.97, 0.91, 0.83, 0.92, 0.94, 0.89, 0.95, 0.93, 0.86, 0.9, 0.92, 0.9, 0.9, 0.9, 0.94, 0.91, 0.9, 0.88, 0.89, 0.92, 0.89, 0.97, 0.88, 0.91, 0.93, 0.91, 0.46, 0.88, 0.91, 0.93, 0.96, 0.96, 0.89, 0.9, 0.93, 0.9, 0.96, 0.93, 0.93, 0.84, 0.94, 0.92, 0.34, 0.9, 0.93, 0.92, 0.91, 0.94, 0.86, 0.66, 0.91, 0.9, 0.9, 0.45, 0.54, 0.36, 0.94, 0.89, 0.93, 0.95, 0.89]
0.86 0.139
remove non-convergence runs
0.903 0.004
20
[0.46, 0.92, 0.93, 0.94, 0.46, 0.54, 0.54, 0.96, 0.91, 0.94, 0.46, 0.89, 0.94, 0.9, 0.96, 0.89, 0.93, 0.39, 0.92, 0.93, 0.96, 0.94, 0.89, 0.54, 0.91, 0.93, 0.9, 0.92, 0.89, 0.95, 0.9, 0.88, 0.89, 0.75, 0.91, 0.92, 0.92, 0.91, 0.84, 0.46, 0.54, 0.9, 0.46, 0.9, 0.94, 0.94, 0.91, 0.91, 0.93, 0.93, 0.93, 0.92, 0.93, 0.89, 0.94, 0.89, 0.88, 0.88, 0.91, 0.93, 0.9, 0.97, 0.96, 0.89, 0.91, 0.94, 0.93, 0.89, 0.94, 0.97, 0.91, 0.95, 0.54, 0.89, 0.93, 0.89, 0.95, 0.97, 0.9, 0.97, 0.94, 0.88, 0.91, 0.96, 0.93, 0.93, 0.9, 0.9, 0.98, 0.54, 0.94, 0.94, 0.94, 0.93, 0.89, 0.93, 0.91, 0.93, 0.9, 0.96]
0.868 0.142
remove non-convergence runs
0.919 0.032
40
[0.94, 0.99, 0.93, 0.96, 0.91, 0.99, 0.91, 0.46, 0.91, 0.92, 0.95, 0.98, 0.92, 0.98, 0.91, 0.99, 0.93, 0.46, 0.98, 0.99, 0.46, 0.98, 0.99, 0.96, 0.93, 0.98, 0.97, 0.91, 0.46, 0.98, 0.99, 0.9, 0.91, 0.99, 0.99, 0.96, 0.91, 0.92, 0.94, 0.99, 0.46, 0.98, 0.46, 0.9, 0.46, 0.9, 0.91, 0.91, 0.99, 0.99, 0.95, 0.91, 0.96, 0.92, 0.99, 0.93, 0.92, 0.84, 0.94, 0.94, 0.98, 0.99, 0.98, 0.98, 0.88, 0.93, 0.98, 0.9, 0.46, 0.93, 0.46, 0.99, 0.91, 0.99, 0.99, 0.94, 0.98, 0.92, 0.91, 0.97, 0.97, 0.98, 0.99, 0.89, 0.98, 0.89, 0.96, 0.99, 0.95, 0.97, 0.97, 0.89, 0.94, 0.99, 0.96, 0.76, 0.96, 0.86, 0.96, 0.87]
0.902 0.145
remove non-convergence runs
0.946 0.042
80
[1.0, 0.46, 0.95, 0.96, 0.96, 0.97, 0.46, 0.99, 0.98, 0.46, 0.99, 0.96, 0.92, 0.48, 0.92, 1.0, 0.83, 0.99, 0.99, 0.99, 0.99, 0.87, 1.0, 0.85, 1.0, 0.98, 1.0, 0.99, 0.99, 0.46, 1.0, 0.97, 0.91, 1.0, 0.98, 0.99, 0.99, 0.91, 0.46, 0.93, 1.0, 0.97, 0.46, 0.98, 0.46, 0.99, 0.95, 0.91, 1.0, 0.99, 0.99, 1.0, 0.99, 1.0, 0.46, 0.69, 0.99, 0.99, 0.91, 0.63, 1.0, 0.91, 0.91, 0.86, 0.51, 0.46, 0.99, 1.0, 0.9, 0.99, 0.99, 0.99, 0.46, 0.99, 0.99, 0.91, 0.46, 0.98, 0.99, 0.99, 0.91, 0.99, 0.46, 0.99, 0.91, 0.46, 1.0, 1.0, 0.98, 0.99, 0.98, 0.98, 0.99, 0.46, 0.94, 0.46, 1.0, 0.99, 0.99, 0.72]
0.874 0.195
remove non-convergence runs
0.958 0.067
160
[1.0, 0.46, 0.46, 0.98, 0.99, 0.93, 0.46, 0.74, 0.93, 0.46, 0.99, 1.0, 0.95, 0.65, 0.92, 1.0, 0.67, 1.0, 1.0, 1.0, 0.98, 0.94, 1.0, 0.92, 1.0, 0.91, 1.0, 1.0, 1.0, 0.46, 1.0, 1.0, 0.9, 1.0, 1.0, 1.0, 1.0, 0.98, 0.46, 1.0, 0.99, 1.0, 0.46, 0.99, 0.46, 0.92, 0.92, 0.99, 1.0, 1.0, 0.99, 1.0, 1.0, 0.99, 0.46, 0.99, 0.99, 0.91, 0.92, 0.64, 1.0, 0.91, 1.0, 0.76, 0.51, 0.46, 1.0, 1.0, 1.0, 1.0, 1.0, 1.0, 0.46, 1.0, 1.0, 0.98, 0.46, 0.99, 1.0, 0.99, 0.91, 1.0, 0.46, 0.98, 1.0, 0.46, 1.0, 1.0, 0.92, 1.0, 0.99, 1.0, 0.98, 0.46, 1.0, 0.46, 1.0, 0.99, 1.0, 0.98]
0.879 0.201
remove non-convergence runs
0.978 0.052
320
[1.0, 0.46, 0.46, 1.0, 1.0, 0.93, 0.46, 0.82, 1.0, 0.54, 1.0, 1.0, 0.93, 0.47, 0.93, 1.0, 1.0, 1.0, 0.99, 1.0, 1.0, 1.0, 1.0, 0.99, 1.0, 0.91, 1.0, 0.99, 1.0, 0.46, 1.0, 1.0, 0.9, 1.0, 1.0, 1.0, 1.0, 0.91, 0.46, 1.0, 1.0, 1.0, 0.46, 1.0, 0.46, 0.92, 0.92, 1.0, 1.0, 1.0, 1.0, 1.0, 1.0, 1.0, 0.46, 0.91, 1.0, 0.91, 0.92, 0.64, 1.0, 0.91, 1.0, 0.99, 0.51, 0.46, 1.0, 1.0, 1.0, 0.99, 1.0, 1.0, 0.46, 1.0, 1.0, 1.0, 0.46, 1.0, 1.0, 0.99, 0.91, 0.99, 0.46, 0.99, 1.0, 0.46, 1.0, 1.0, 1.0, 1.0, 0.91, 1.0, 1.0, 0.46, 1.0, 0.46, 1.0, 1.0, 1.0, 1.0]
0.886 0.202
remove non-convergence runs
0.978 0.052

double cf (2, 20, 15, 1)
3
[0.92, 0.89, 0.94, 0.91, 0.88, 0.91, 0.75, 0.9, 0.81, 0.9, 0.86, 0.84, 0.87, 0.92, 0.92, 0.89, 0.88, 0.95, 0.85, 0.89, 0.77, 0.84, 0.9, 0.83, 0.91, 0.9, 0.88, 0.83, 0.92, 0.88, 0.87, 0.83, 0.92, 0.83, 0.92, 0.92, 0.91, 0.76, 0.89, 0.9, 0.88, 0.88, 0.83, 0.82, 0.86, 0.9, 0.95, 0.82, 0.83, 0.93, 0.91, 0.83, 0.77, 0.92, 0.89, 0.87, 0.91, 0.91, 0.83, 0.87, 0.94, 0.79, 0.9, 0.88, 0.81, 0.84, 0.74, 0.9, 0.86, 0.9, 0.89, 0.83, 0.83, 0.92, 0.9, 0.85, 0.93, 0.81, 0.83, 0.83, 0.89, 0.87, 0.84, 0.84, 0.84, 0.83, 0.83, 0.83, 0.9, 0.86, 0.83, 0.83, 0.86, 0.86, 0.87, 0.84, 0.83, 0.91, 0.89, 0.89]
0.868 0.045
5
[0.97, 0.9, 0.93, 0.91, 0.93, 0.93, 0.87, 0.96, 0.93, 0.89, 0.85, 0.88, 0.87, 0.94, 0.89, 0.9, 0.95, 0.94, 0.93, 0.91, 0.93, 0.91, 0.98, 0.83, 0.95, 0.97, 0.92, 0.9, 0.92, 0.91, 0.85, 0.83, 0.93, 0.83, 0.92, 0.9, 0.92, 0.93, 0.88, 0.91, 0.91, 0.93, 0.84, 0.87, 0.9, 0.9, 0.95, 0.84, 0.84, 0.97, 0.9, 0.89, 0.95, 0.92, 0.92, 0.91, 0.95, 0.91, 0.83, 0.89, 0.95, 0.84, 0.9, 0.88, 0.99, 0.84, 0.98, 0.9, 0.59, 0.89, 0.87, 0.91, 0.84, 0.94, 0.96, 0.88, 0.93, 0.88, 0.91, 0.85, 0.96, 0.9, 0.9, 0.84, 0.84, 0.85, 0.89, 0.83, 0.91, 0.86, 0.91, 0.83, 0.95, 0.9, 0.93, 0.84, 0.89, 0.91, 0.91, 0.89]
0.899 0.051
10
[0.98, 0.9, 0.77, 0.89, 0.98, 0.96, 0.95, 0.97, 0.95, 0.96, 0.86, 0.91, 0.97, 0.95, 0.97, 0.97, 0.98, 0.96, 0.93, 0.96, 0.79, 0.91, 0.99, 0.87, 0.99, 0.71, 0.93, 0.9, 0.99, 0.99, 0.96, 0.83, 0.94, 0.99, 0.93, 0.9, 0.99, 0.94, 0.92, 0.92, 0.91, 0.94, 0.92, 0.88, 0.99, 0.95, 0.96, 0.86, 0.89, 0.99, 0.93, 0.97, 0.98, 0.94, 0.91, 0.89, 0.98, 0.92, 0.92, 0.93, 0.98, 0.91, 0.9, 0.85, 0.99, 0.91, 0.98, 0.97, 0.98, 0.95, 0.97, 0.99, 0.87, 0.96, 0.98, 0.85, 0.96, 0.98, 0.79, 0.9, 0.97, 0.94, 0.98, 0.86, 0.93, 0.93, 0.89, 0.91, 0.98, 0.92, 0.95, 0.83, 0.95, 0.96, 0.94, 0.95, 0.88, 0.97, 0.98, 0.98]
0.932 0.053
20
[0.98, 0.89, 0.96, 0.88, 1.0, 0.94, 0.98, 0.99, 0.96, 0.99, 0.94, 0.92, 0.98, 0.99, 0.99, 0.99, 0.98, 0.96, 0.98, 0.96, 0.98, 0.99, 0.99, 0.92, 0.99, 0.71, 0.98, 0.87, 0.99, 0.99, 0.99, 0.91, 0.94, 0.96, 0.99, 0.92, 0.99, 0.69, 0.89, 0.92, 0.73, 0.98, 0.91, 0.92, 0.98, 0.99, 0.94, 0.94, 0.97, 0.99, 0.98, 1.0, 0.99, 0.99, 0.98, 0.99, 0.98, 0.91, 0.98, 0.97, 0.99, 0.94, 0.97, 0.9, 0.99, 0.96, 0.99, 0.99, 0.83, 0.99, 0.99, 0.99, 0.96, 0.91, 1.0, 0.91, 0.97, 0.99, 0.99, 0.96, 0.98, 0.94, 0.98, 0.91, 0.99, 0.92, 0.99, 0.97, 0.95, 0.88, 0.93, 0.94, 0.98, 0.97, 0.97, 0.99, 0.95, 0.97, 0.98, 0.99]
0.954 0.055
40
[0.97, 0.92, 0.98, 0.97, 1.0, 0.99, 0.98, 1.0, 0.99, 0.93, 0.98, 0.99, 0.98, 0.97, 0.98, 1.0, 0.99, 0.98, 1.0, 0.99, 0.99, 0.98, 1.0, 0.96, 0.99, 0.96, 0.99, 0.88, 1.0, 0.97, 1.0, 0.89, 0.95, 0.97, 0.99, 0.94, 1.0, 0.92, 0.98, 0.97, 0.8, 0.97, 0.99, 0.99, 0.98, 0.99, 0.99, 0.97, 1.0, 0.99, 0.98, 0.97, 0.99, 0.99, 0.99, 0.98, 0.99, 0.92, 1.0, 0.89, 0.96, 0.99, 0.97, 0.71, 1.0, 0.99, 1.0, 1.0, 0.98, 0.99, 0.98, 1.0, 0.99, 0.99, 1.0, 0.99, 0.94, 0.99, 0.99, 0.96, 0.98, 1.0, 1.0, 0.99, 0.99, 0.98, 0.99, 1.0, 0.97, 0.99, 0.97, 0.97, 0.99, 0.99, 0.98, 0.99, 0.97, 0.97, 0.99, 1.0]
0.974 0.04
80
[0.99, 0.95, 0.99, 0.98, 0.99, 1.0, 0.99, 1.0, 1.0, 1.0, 0.99, 0.99, 1.0, 1.0, 0.99, 1.0, 1.0, 1.0, 1.0, 1.0, 1.0, 0.99, 1.0, 0.95, 1.0, 0.98, 1.0, 0.96, 1.0, 1.0, 1.0, 0.93, 0.99, 0.99, 0.99, 0.99, 1.0, 0.96, 0.98, 1.0, 0.99, 1.0, 0.97, 0.94, 1.0, 1.0, 1.0, 1.0, 1.0, 1.0, 1.0, 1.0, 1.0, 1.0, 1.0, 0.98, 1.0, 0.99, 1.0, 0.95, 1.0, 0.99, 0.99, 0.87, 1.0, 1.0, 1.0, 1.0, 0.98, 1.0, 1.0, 1.0, 0.99, 0.99, 1.0, 0.99, 0.96, 0.99, 0.99, 0.99, 0.99, 1.0, 1.0, 1.0, 1.0, 1.0, 1.0, 1.0, 0.98, 1.0, 0.98, 0.99, 1.0, 1.0, 0.99, 0.99, 1.0, 0.99, 1.0, 1.0]
0.99 0.019
160
[1.0, 0.99, 1.0, 1.0, 1.0, 0.99, 1.0, 1.0, 1.0, 1.0, 1.0, 1.0, 1.0, 1.0, 1.0, 0.99, 1.0, 1.0, 1.0, 1.0, 1.0, 0.97, 1.0, 0.97, 1.0, 1.0, 1.0, 0.99, 1.0, 1.0, 1.0, 0.99, 1.0, 1.0, 1.0, 1.0, 1.0, 1.0, 0.98, 1.0, 0.99, 1.0, 1.0, 1.0, 0.99, 1.0, 1.0, 1.0, 1.0, 1.0, 1.0, 1.0, 1.0, 1.0, 1.0, 1.0, 1.0, 1.0, 1.0, 0.98, 1.0, 1.0, 1.0, 0.7, 1.0, 1.0, 1.0, 1.0, 0.99, 1.0, 1.0, 1.0, 1.0, 1.0, 1.0, 1.0, 0.99, 1.0, 0.99, 0.99, 0.99, 1.0, 1.0, 1.0, 1.0, 1.0, 1.0, 1.0, 0.99, 1.0, 1.0, 1.0, 1.0, 1.0, 1.0, 0.99, 1.0, 1.0, 1.0, 1.0]
0.995 0.03
320
[1.0, 1.0, 1.0, 1.0, 1.0, 1.0, 1.0, 1.0, 1.0, 1.0, 1.0, 1.0, 1.0, 1.0, 1.0, 1.0, 1.0, 1.0, 1.0, 1.0, 0.99, 1.0, 1.0, 1.0, 1.0, 0.99, 1.0, 1.0, 1.0, 1.0, 1.0, 1.0, 1.0, 1.0, 1.0, 1.0, 1.0, 1.0, 1.0, 0.99, 1.0, 1.0, 1.0, 1.0, 1.0, 1.0, 1.0, 1.0, 1.0, 1.0, 0.99, 1.0, 1.0, 1.0, 1.0, 0.99, 1.0, 1.0, 1.0, 0.99, 1.0, 1.0, 1.0, 1.0, 1.0, 1.0, 1.0, 1.0, 0.99, 1.0, 1.0, 1.0, 1.0, 1.0, 1.0, 1.0, 1.0, 1.0, 1.0, 1.0, 1.0, 1.0, 1.0, 1.0, 1.0, 1.0, 1.0, 1.0, 1.0, 1.0, 1.0, 1.0, 1.0, 1.0, 1.0, 1.0, 1.0, 1.0, 1.0, 1.0]
0.999 0.003

double CF (2, 20, 10, 10, 1)
3
[0.85, 0.84, 0.95, 0.84, 0.83, 0.89, 0.24, 0.9, 0.91, 0.76, 0.84, 0.91, 0.78, 0.84, 0.86, 0.83, 0.84, 0.89, 0.91, 0.9, 0.9, 0.88, 0.88, 0.91, 0.95, 0.85, 0.9, 0.89, 0.91, 0.87, 0.82, 0.93, 0.83, 0.84, 0.83, 0.89, 0.79, 0.86, 0.84, 0.89, 0.87, 0.89, 0.93, 0.84, 0.91, 0.86, 0.89, 0.88, 0.79, 0.9, 0.9, 0.86, 0.89, 0.83, 0.87, 0.91, 0.85, 0.78, 0.54, 0.92, 0.75, 0.86, 0.83, 0.92, 0.88, 0.83, 0.43, 0.91, 0.67, 0.89, 0.84, 0.88, 0.91, 0.83, 0.83, 0.93, 0.84, 0.87, 0.88, 0.9, 0.87, 0.84, 0.83, 0.9, 0.97, 0.86, 0.84, 0.83, 0.85, 0.87, 0.91, 0.89, 0.91, 0.86, 0.88, 0.75, 0.93, 0.88, 0.84, 0.91]
0.853 0.094
remove non-convergence runs
0.866 0.047
5
[0.92, 0.86, 0.84, 0.92, 0.89, 0.86, 0.9, 0.91, 0.89, 0.95, 0.89, 0.84, 0.91, 0.72, 0.91, 0.86, 0.83, 0.94, 0.95, 0.89, 0.9, 0.86, 0.88, 0.91, 0.94, 0.93, 0.86, 0.92, 0.93, 0.97, 0.9, 0.83, 0.91, 0.9, 0.91, 0.85, 0.84, 0.86, 0.94, 0.56, 0.88, 0.86, 0.83, 0.89, 0.91, 0.85, 0.83, 0.93, 0.9, 0.87, 0.89, 0.91, 0.77, 0.89, 0.91, 0.93, 0.85, 0.96, 0.87, 0.85, 0.87, 0.9, 0.48, 0.85, 0.91, 0.84, 0.88, 0.86, 0.91, 0.85, 0.94, 0.93, 0.93, 0.94, 0.89, 0.94, 0.86, 0.94, 0.91, 0.91, 0.86, 0.85, 0.89, 0.92, 0.84, 0.75, 0.83, 0.86, 0.9, 0.85, 0.92, 0.91, 0.85, 0.9, 0.86, 0.93, 0.88, 0.86, 0.91, 0.44]
0.874 0.08
remove non-convergence runs
0.886 0.043
10
[0.51, 0.92, 0.93, 0.95, 0.99, 0.99, 0.87, 0.84, 0.96, 0.91, 0.94, 0.89, 0.88, 0.92, 0.92, 0.82, 0.98, 0.89, 0.98, 0.95, 0.98, 0.91, 0.84, 0.98, 0.91, 0.97, 0.84, 0.98, 0.89, 0.93, 0.84, 0.91, 0.91, 0.97, 0.98, 0.89, 0.9, 0.93, 0.96, 0.91, 0.98, 0.86, 0.99, 0.98, 0.91, 0.87, 0.99, 0.84, 0.9, 0.92, 0.91, 0.94, 0.92, 0.99, 0.97, 0.91, 0.91, 0.89, 1.0, 0.9, 0.92, 0.88, 0.91, 0.91, 0.93, 0.91, 0.96, 0.96, 0.96, 0.99, 0.86, 0.92, 0.94, 0.98, 0.93, 0.91, 0.96, 0.99, 0.89, 0.94, 0.97, 0.96, 0.94, 0.92, 0.92, 0.96, 0.99, 0.92, 0.92, 0.87, 0.98, 0.91, 0.99, 0.92, 0.93, 0.93, 0.89, 0.95, 0.83, 0.95]
0.924 0.06
remove non-convergence runs
0.928 0.043
20
[0.99, 0.98, 0.71, 0.93, 0.93, 0.89, 0.93, 0.91, 0.92, 0.96, 0.92, 0.93, 0.91, 0.94, 0.98, 0.99, 0.99, 0.93, 0.9, 0.92, 0.91, 0.9, 0.85, 0.94, 0.99, 0.88, 0.99, 0.96, 0.9, 0.89, 0.93, 0.98, 0.99, 0.99, 0.89, 0.89, 0.99, 0.93, 0.97, 1.0, 0.95, 0.99, 0.93, 0.88, 0.94, 0.93, 0.99, 0.98, 0.54, 0.97, 0.99, 0.95, 0.9, 0.9, 0.94, 0.93, 0.89, 0.98, 0.93, 0.98, 0.97, 0.96, 0.92, 0.89, 0.89, 0.95, 0.99, 0.94, 0.93, 0.93, 0.96, 0.98, 0.98, 0.99, 0.92, 0.96, 0.92, 0.91, 0.85, 0.84, 0.99, 0.99, 0.96, 0.93, 0.93, 0.91, 0.98, 0.99, 0.96, 1.0, 0.97, 0.91, 0.99, 0.91, 0.94, 0.99, 0.98, 0.94, 0.97, 0.97]
0.937 0.06
remove non-convergence runs
0.941 0.045
40
[0.61, 0.93, 0.99, 0.96, 1.0, 0.92, 1.0, 0.46, 1.0, 0.91, 0.99, 0.93, 0.99, 0.91, 0.94, 0.99, 0.98, 0.99, 0.93, 1.0, 1.0, 1.0, 0.99, 0.83, 0.72, 0.92, 0.98, 1.0, 0.93, 0.81, 0.91, 0.93, 1.0, 0.99, 0.94, 0.99, 0.9, 0.79, 1.0, 1.0, 0.95, 0.91, 1.0, 1.0, 0.91, 0.9, 0.99, 0.84, 1.0, 1.0, 1.0, 1.0, 0.99, 0.99, 0.77, 0.79, 0.96, 0.91, 0.99, 0.99, 0.88, 0.9, 0.92, 1.0, 0.83, 0.98, 0.92, 0.84, 0.91, 0.98, 0.91, 0.99, 1.0, 0.98, 0.99, 0.97, 1.0, 0.74, 1.0, 1.0, 0.91, 1.0, 0.91, 0.91, 1.0, 0.94, 0.93, 0.99, 0.99, 1.0, 0.97, 1.0, 0.88, 0.99, 0.91, 1.0, 1.0, 1.0, 0.98, 0.92]
0.939 0.086
remove non-convergence runs
0.944 0.072
80
[0.92, 1.0, 1.0, 0.87, 0.99, 0.98, 1.0, 0.99, 0.99, 1.0, 0.99, 1.0, 0.98, 1.0, 0.99, 0.9, 1.0, 0.98, 1.0, 1.0, 1.0, 0.92, 1.0, 0.99, 1.0, 1.0, 1.0, 1.0, 0.91, 1.0, 1.0, 1.0, 0.99, 1.0, 0.99, 0.93, 0.92, 0.92, 1.0, 0.99, 0.93, 0.91, 0.91, 0.93, 0.91, 0.91, 1.0, 0.99, 1.0, 1.0, 0.93, 0.97, 0.99, 0.93, 0.46, 0.91, 0.99, 1.0, 1.0, 1.0, 1.0, 0.94, 0.99, 1.0, 1.0, 0.97, 0.93, 0.99, 1.0, 0.99, 0.99, 1.0, 1.0, 0.98, 0.91, 1.0, 1.0, 0.46, 1.0, 1.0, 0.87, 1.0, 1.0, 0.88, 1.0, 0.92, 1.0, 0.98, 0.99, 1.0, 0.99, 0.93, 0.94, 1.0, 1.0, 0.94, 1.0, 0.46, 1.0, 1.0]
0.959 0.095
remove non-convergence runs
0.974, 0.037
160
[1.0, 1.0, 0.78, 1.0, 0.98, 0.99, 1.0, 0.97, 1.0, 0.94, 1.0, 1.0, 1.0, 0.99, 1.0, 1.0, 1.0, 1.0, 0.99, 1.0, 0.96, 1.0, 1.0, 0.91, 1.0, 1.0, 1.0, 0.99, 1.0, 1.0, 1.0, 0.99, 1.0, 1.0, 1.0, 0.99, 1.0, 1.0, 1.0, 1.0, 1.0, 1.0, 1.0, 1.0, 0.98, 0.98, 0.99, 1.0, 0.89, 1.0, 1.0, 0.97, 1.0, 1.0, 1.0, 1.0, 1.0, 1.0, 1.0, 1.0, 1.0, 0.96, 0.99, 1.0, 1.0, 1.0, 0.86, 1.0, 1.0, 1.0, 0.91, 1.0, 1.0, 1.0, 0.87, 1.0, 1.0, 0.98, 1.0, 1.0, 0.99, 1.0, 0.97, 0.87, 1.0, 0.99, 1.0, 0.99, 1.0, 1.0, 0.85, 1.0, 1.0, 1.0, 0.91, 0.96, 0.46, 1.0, 1.0, 0.99]
0.978 0.065
remove non-convergence runs
0.984 0.039
320
[1.0, 1.0, 1.0, 1.0, 1.0, 0.99, 0.98, 1.0, 1.0, 1.0, 0.73, 1.0, 1.0, 1.0, 1.0, 1.0, 0.99, 1.0, 1.0, 1.0, 1.0, 1.0, 1.0, 1.0, 1.0, 1.0, 1.0, 1.0, 1.0, 0.93, 1.0, 1.0, 1.0, 1.0, 0.93, 1.0, 1.0, 1.0, 1.0, 1.0, 1.0, 1.0, 0.82, 0.99, 1.0, 1.0, 0.99, 1.0, 1.0, 1.0, 0.68, 1.0, 1.0, 1.0, 1.0, 1.0, 1.0, 1.0, 1.0, 1.0, 1.0, 1.0, 0.83, 1.0, 1.0, 0.7, 1.0, 1.0, 1.0, 1.0, 1.0, 1.0, 0.99, 0.81, 1.0, 1.0, 1.0, 1.0, 1.0, 1.0, 1.0, 1.0, 1.0, 1.0, 1.0, 0.91, 0.99, 1.0, 0.8, 1.0, 1.0, 1.0, 0.99, 1.0, 1.0, 0.92, 1.0, 1.0, 1.0, 1.0]
0.98 0.062

