prediction interface 
3
[0.85, 0.858, 0.362, 0.528, 0.661, 0.575, 0.756, 0.756, 0.89, 0.354, 0.614, 0.709, 0.472, 0.535, 0.787, 0.819, 0.614, 0.354, 0.811, 0.528, 0.528, 0.528, 0.528, 0.496, 0.472, 0.858, 0.528, 0.819, 0.386, 0.236, 0.835, 0.646, 0.701, 0.528, 0.858, 0.551, 0.85, 0.323, 0.819, 0.819, 0.528, 0.827, 0.898, 0.756, 0.709, 0.528, 0.858, 0.472, 0.409, 0.425, 0.74, 0.748, 0.748, 0.843, 0.835, 0.819, 0.819, 0.811, 0.89, 0.827, 0.827, 0.858, 0.835, 0.803, 0.882, 0.78, 0.811, 0.472, 0.528, 0.843, 0.693, 0.835, 0.929, 0.748, 0.472, 0.472, 0.835, 0.89, 0.504, 0.827, 0.921, 0.63, 0.835, 0.756, 0.843, 0.858, 0.528, 0.748, 0.528, 0.551, 0.858, 0.528, 0.843, 0.866, 0.811, 0.827, 0.882, 0.528, 0.732, 0.858]
0.694 0.171
5
[0.874, 0.85, 0.835, 0.528, 0.74, 0.803, 0.551, 0.913, 0.898, 0.669, 0.819, 0.819, 0.756, 0.898, 0.551, 0.472, 0.85, 0.913, 0.937, 0.827, 0.772, 0.74, 0.929, 0.528, 0.724, 0.811, 0.772, 0.874, 0.835, 0.78, 0.929, 0.787, 0.787, 0.709, 0.717, 0.661, 0.63, 0.614, 0.866, 0.882, 0.748, 0.504, 0.874, 0.906, 0.843, 0.866, 0.843, 0.559, 0.843, 0.827, 0.63, 0.858, 0.89, 0.622, 0.48, 0.764, 0.835, 0.85, 0.882, 0.874, 0.898, 0.717, 0.803, 0.677, 0.614, 0.906, 0.74, 0.795, 0.85, 0.89, 0.685, 0.85, 0.74, 0.504, 0.709, 0.764, 0.89, 0.74, 0.827, 0.315, 0.528, 0.724, 0.85, 0.898, 0.913, 0.819, 0.661, 0.827, 0.858, 0.874, 0.89, 0.843, 0.748, 0.898, 0.85, 0.748, 0.425, 0.866, 0.898, 0.858]
0.772 0.131
10
[0.701, 0.843, 0.866, 0.898, 0.882, 0.827, 0.898, 0.866, 0.63, 0.89, 0.89, 0.921, 0.85, 0.913, 0.795, 0.835, 0.866, 0.866, 0.787, 0.89, 0.882, 0.654, 0.811, 0.803, 0.906, 0.921, 0.866, 0.787, 0.567, 0.567, 0.874, 0.913, 0.882, 0.835, 0.858, 0.874, 0.858, 0.945, 0.882, 0.748, 0.835, 0.819, 0.858, 0.709, 0.882, 0.606, 0.74, 0.811, 0.819, 0.906, 0.882, 0.827, 0.803, 0.717, 0.874, 0.843, 0.858, 0.819, 0.787, 0.882, 0.819, 0.874, 0.937, 0.882, 0.811, 0.929, 0.89, 0.78, 0.913, 0.89, 0.787, 0.693, 0.866, 0.858, 0.843, 0.921, 0.787, 0.921, 0.535, 0.583, 0.732, 0.89, 0.709, 0.921, 0.803, 0.906, 0.898, 0.748, 0.874, 0.693, 0.772, 0.709, 0.898, 0.638, 0.772, 0.866, 0.819, 0.858, 0.701, 0.858]
0.822 0.091
20
[0.898, 0.906, 0.89, 0.874, 0.89, 0.898, 0.882, 0.772, 0.85, 0.85, 0.89, 0.945, 0.906, 0.811, 0.866, 0.835, 0.937, 0.882, 0.843, 0.913, 0.921, 0.654, 0.874, 0.835, 0.906, 0.858, 0.937, 0.945, 0.843, 0.811, 0.89, 0.819, 0.843, 0.843, 0.929, 0.858, 0.819, 0.898, 0.906, 0.898, 0.882, 0.89, 0.669, 0.898, 0.953, 0.803, 0.819, 0.913, 0.89, 0.866, 0.85, 0.882, 0.819, 0.843, 0.85, 0.748, 0.874, 0.882, 0.858, 0.921, 0.858, 0.843, 0.937, 0.921, 0.882, 0.89, 0.85, 0.717, 0.748, 0.906, 0.874, 0.898, 0.898, 0.85, 0.937, 0.772, 0.906, 0.787, 0.906, 0.898, 0.913, 0.811, 0.85, 0.898, 0.898, 0.85, 0.835, 0.913, 0.906, 0.898, 0.89, 0.937, 0.961, 0.929, 0.882, 0.89, 0.85, 0.756, 0.906, 0.898]
0.869 0.056
40
[0.882, 0.843, 0.906, 0.858, 0.929, 0.89, 0.961, 0.866, 0.89, 0.866, 0.866, 0.913, 0.89, 0.906, 0.953, 0.89, 0.921, 0.937, 0.906, 0.906, 0.945, 0.906, 0.898, 0.906, 0.819, 0.89, 0.843, 0.835, 0.937, 0.898, 0.858, 0.882, 0.835, 0.937, 0.858, 0.913, 0.913, 0.921, 0.874, 0.898, 0.874, 0.874, 0.858, 0.913, 0.866, 0.874, 0.898, 0.898, 0.929, 0.85, 0.921, 0.858, 0.866, 0.921, 0.929, 0.882, 0.913, 0.874, 0.858, 0.874, 0.874, 0.906, 0.835, 0.945, 0.874, 0.898, 0.906, 0.882, 0.921, 0.929, 0.898, 0.843, 0.866, 0.921, 0.835, 0.866, 0.921, 0.921, 0.89, 0.937, 0.913, 0.906, 0.913, 0.898, 0.929, 0.827, 0.906, 0.811, 0.866, 0.913, 0.89, 0.874, 0.874, 0.937, 0.906, 0.898, 0.858, 0.898, 0.906, 0.937]
0.892 0.032
80
[0.882, 0.913, 0.906, 0.913, 0.906, 0.906, 0.874, 0.882, 0.89, 0.89, 0.898, 0.89, 0.937, 0.874, 0.921, 0.906, 0.882, 0.882, 0.874, 0.906, 0.858, 0.921, 0.906, 0.858, 0.874, 0.906, 0.882, 0.874, 0.866, 0.85, 0.882, 0.882, 0.937, 0.866, 0.89, 0.906, 0.898, 0.906, 0.866, 0.882, 0.866, 0.882, 0.882, 0.913, 0.866, 0.89, 0.906, 0.913, 0.89, 0.921, 0.913, 0.866, 0.906, 0.906, 0.898, 0.882, 0.898, 0.882, 0.913, 0.913, 0.906, 0.882, 0.85, 0.874, 0.882, 0.937, 0.906, 0.89, 0.921, 0.929, 0.906, 0.906, 0.921, 0.89, 0.89, 0.866, 0.913, 0.882, 0.898, 0.898, 0.898, 0.906, 0.874, 0.913, 0.906, 0.89, 0.913, 0.913, 0.906, 0.874, 0.874, 0.913, 0.898, 0.945, 0.913, 0.898, 0.906, 0.937, 0.882, 0.906]
0.896 0.02
126
[0.874, 0.89, 0.882, 0.882, 0.882, 0.882, 0.882, 0.89, 0.882, 0.882, 0.874, 0.89, 0.898, 0.882, 0.874, 0.858, 0.882, 0.89, 0.874, 0.89, 0.89, 0.898, 0.882, 0.89, 0.882, 0.898, 0.882, 0.89, 0.89, 0.89, 0.866, 0.882, 0.882, 0.874, 0.882, 0.882, 0.882, 0.882, 0.89, 0.913, 0.89, 0.89, 0.882, 0.874, 0.882, 0.89, 0.89, 0.882, 0.882, 0.882, 0.882, 0.882, 0.882, 0.882, 0.874, 0.89, 0.882, 0.882, 0.898, 0.874, 0.906, 0.882, 0.89, 0.89, 0.874, 0.882, 0.882, 0.898, 0.898, 0.898, 0.882, 0.89, 0.913, 0.882, 0.906, 0.882, 0.89, 0.89, 0.89, 0.89, 0.874, 0.874, 0.866, 0.874, 0.882, 0.866, 0.898, 0.89, 0.874, 0.882, 0.882, 0.882, 0.898, 0.882, 0.874, 0.89, 0.898, 0.874, 0.898, 0.874]
0.885 0.01

prediction coreset
3
[0.89, 0.83, 0.8, 0.53, 0.72, 0.67, 0.48, 0.87, 0.74, 0.84, 0.72, 0.49, 0.85, 0.84, 0.9, 0.68, 0.82, 0.86, 0.53, 0.56, 0.79, 0.83, 0.87, 0.89, 0.78, 0.9, 0.83, 0.4, 0.88, 0.84, 0.53, 0.8, 0.83, 0.76, 0.53, 0.78, 0.83, 0.79, 0.53, 0.56, 0.87, 0.95, 0.53, 0.88, 0.64, 0.83, 0.9, 0.53, 0.87, 0.77, 0.83, 0.76, 0.84, 0.67, 0.83, 0.85, 0.78, 0.75, 0.53, 0.8, 0.83, 0.84, 0.84, 0.84, 0.83, 0.53, 0.87, 0.53, 0.76, 0.89, 0.8, 0.85, 0.83, 0.53, 0.77, 0.49, 0.71, 0.48, 0.78, 0.83, 0.9, 0.86, 0.84, 0.48, 0.89, 0.87, 0.85, 0.87, 0.53, 0.8, 0.79, 0.85, 0.85, 0.89, 0.83, 0.72, 0.8, 0.84, 0.8, 0.84]
0.759 0.134
5
[0.83, 0.74, 0.87, 0.72, 0.86, 0.86, 0.85, 0.85, 0.65, 0.7, 0.62, 0.79, 0.92, 0.86, 0.87, 0.82, 0.88, 0.8, 0.85, 0.84, 0.68, 0.65, 0.89, 0.69, 0.83, 0.84, 0.8, 0.82, 0.87, 0.83, 0.82, 0.69, 0.77, 0.67, 0.67, 0.83, 0.83, 0.85, 0.65, 0.87, 0.84, 0.85, 0.73, 0.7, 0.77, 0.87, 0.85, 0.84, 0.76, 0.79, 0.83, 0.81, 0.87, 0.65, 0.79, 0.9, 0.65, 0.84, 0.76, 0.7, 0.83, 0.84, 0.79, 0.84, 0.85, 0.8, 0.84, 0.85, 0.82, 0.8, 0.82, 0.87, 0.66, 0.8, 0.83, 0.83, 0.9, 0.78, 0.69, 0.7, 0.83, 0.85, 0.86, 0.85, 0.83, 0.71, 0.87, 0.66, 0.84, 0.8, 0.76, 0.68, 0.66, 0.83, 0.83, 0.53, 0.8, 0.85, 0.76, 0.89]
0.794 0.078
10
[0.75, 0.83, 0.72, 0.87, 0.85, 0.82, 0.83, 0.76, 0.78, 0.87, 0.86, 0.87, 0.86, 0.66, 0.75, 0.83, 0.79, 0.8, 0.78, 0.67, 0.93, 0.84, 0.89, 0.85, 0.87, 0.74, 0.8, 0.87, 0.76, 0.87, 0.85, 0.83, 0.82, 0.77, 0.77, 0.81, 0.8, 0.9, 0.89, 0.87, 0.77, 0.85, 0.75, 0.71, 0.9, 0.89, 0.84, 0.8, 0.79, 0.77, 0.74, 0.87, 0.88, 0.86, 0.88, 0.83, 0.87, 0.79, 0.85, 0.81, 0.91, 0.66, 0.78, 0.87, 0.86, 0.89, 0.8, 0.91, 0.83, 0.83, 0.76, 0.91, 0.83, 0.71, 0.71, 0.87, 0.8, 0.87, 0.89, 0.73, 0.78, 0.89, 0.91, 0.73, 0.81, 0.79, 0.77, 0.76, 0.81, 0.63, 0.89, 0.84, 0.71, 0.89, 0.9, 0.76, 0.87, 0.9, 0.86, 0.8]
0.819 0.065
20
[0.87, 0.92, 0.9, 0.88, 0.92, 0.9, 0.9, 0.94, 0.85, 0.95, 0.94, 0.94, 0.93, 0.83, 0.92, 0.89, 0.91, 0.89, 0.94, 0.9, 0.8, 0.94, 0.95, 0.94, 0.96, 0.89, 0.91, 0.83, 0.89, 0.94, 0.91, 0.92, 0.94, 0.88, 0.91, 0.92, 0.92, 0.89, 0.92, 0.95, 0.94, 0.94, 0.91, 0.95, 0.79, 0.8, 0.88, 0.88, 0.93, 0.93, 0.92, 0.9, 0.91, 0.89, 0.91, 0.83, 0.94, 0.87, 0.9, 0.94, 0.92, 0.89, 0.91, 0.84, 0.93, 0.97, 0.94, 0.83, 0.95, 0.91, 0.94, 0.95, 0.94, 0.91, 0.93, 0.91, 0.91, 0.92, 0.89, 0.93, 0.83, 0.85, 0.94, 0.86, 0.93, 0.91, 0.89, 0.95, 0.91, 0.94, 0.94, 0.81, 0.91, 0.9, 0.84, 0.96, 0.92, 0.94, 0.94, 0.82]
0.906 0.04
40
[0.85, 0.8, 0.91, 0.83, 0.83, 0.86, 0.84, 0.83, 0.88, 0.84, 0.83, 0.85, 0.83, 0.91, 0.93, 0.92, 0.94, 0.88, 0.87, 0.83, 0.81, 0.88, 0.92, 0.81, 0.91, 0.84, 0.85, 0.91, 0.82, 0.8, 0.84, 0.88, 0.85, 0.82, 0.82, 0.83, 0.88, 0.87, 0.86, 0.94, 0.86, 0.87, 0.87, 0.84, 0.81, 0.86, 0.86, 0.87, 0.87, 0.87, 0.79, 0.83, 0.87, 0.86, 0.86, 0.83, 0.86, 0.86, 0.83, 0.85, 0.89, 0.9, 0.88, 0.84, 0.78, 0.87, 0.83, 0.83, 0.83, 0.92, 0.89, 0.82, 0.87, 0.9, 0.83, 0.78, 0.86, 0.83, 0.87, 0.83, 0.87, 0.9, 0.87, 0.89, 0.87, 0.87, 0.8, 0.87, 0.84, 0.83, 0.88, 0.94, 0.94, 0.87, 0.83, 0.83, 0.87, 0.85, 0.84, 0.8]
0.857 0.036
80
[0.88, 0.86, 0.88, 0.87, 0.88, 0.86, 0.91, 0.88, 0.87, 0.9, 0.88, 0.88, 0.9, 0.86, 0.91, 0.9, 0.89, 0.87, 0.89, 0.87, 0.9, 0.87, 0.9, 0.87, 0.87, 0.9, 0.86, 0.91, 0.85, 0.87, 0.88, 0.85, 0.89, 0.87, 0.87, 0.88, 0.87, 0.87, 0.87, 0.86, 0.89, 0.9, 0.88, 0.9, 0.9, 0.87, 0.87, 0.87, 0.86, 0.88, 0.87, 0.87, 0.88, 0.87, 0.91, 0.89, 0.87, 0.89, 0.87, 0.88, 0.87, 0.86, 0.89, 0.87, 0.86, 0.87, 0.87, 0.87, 0.89, 0.87, 0.89, 0.87, 0.85, 0.87, 0.9, 0.9, 0.87, 0.9, 0.87, 0.88, 0.88, 0.91, 0.9, 0.87, 0.89, 0.87, 0.88, 0.87, 0.89, 0.87, 0.9, 0.87, 0.89, 0.87, 0.88, 0.88, 0.85, 0.9, 0.88, 0.86]
0.879 0.015
126
[0.91, 0.88, 0.88, 0.88, 0.9, 0.88, 0.88, 0.87, 0.89, 0.87, 0.9, 0.9, 0.9, 0.87, 0.88, 0.89, 0.88, 0.88, 0.89, 0.89, 0.9, 0.88, 0.89, 0.87, 0.87, 0.88, 0.89, 0.9, 0.9, 0.87, 0.9, 0.88, 0.87, 0.87, 0.89, 0.87, 0.88, 0.89, 0.89, 0.91, 0.88, 0.89, 0.89, 0.9, 0.89, 0.87, 0.9, 0.89, 0.88, 0.89, 0.91, 0.89, 0.9, 0.87, 0.87, 0.89, 0.88, 0.9, 0.88, 0.9, 0.87, 0.89, 0.87, 0.88, 0.88, 0.87, 0.89, 0.88, 0.91, 0.88, 0.88, 0.89, 0.88, 0.87, 0.9, 0.89, 0.88, 0.89, 0.89, 0.89, 0.87, 0.87, 0.9, 0.89, 0.88, 0.91, 0.89, 0.88, 0.89, 0.88, 0.89, 0.88, 0.87, 0.9, 0.88, 0.88, 0.87, 0.88, 0.88, 0.89]
0.886 0.011

model extraction
3
[0.709, 0.874, 0.756, 0.827, 0.819, 0.795, 0.787, 0.638, 0.63, 0.669, 0.906, 0.701, 0.701, 0.583, 0.866, 0.591, 0.732, 0.795, 0.646, 0.591, 0.787, 0.858, 0.953, 0.701, 0.669, 0.756, 0.811, 0.654, 0.756, 0.858, 0.953, 0.827, 0.575, 0.732, 0.591, 0.488, 0.654, 0.693, 0.787, 0.772, 0.858, 0.764, 0.795, 0.638, 0.78, 0.827, 0.89, 0.78, 0.787, 0.606, 0.906, 0.89, 0.819, 0.583, 0.748, 0.63, 0.709, 0.543, 0.661, 0.732, 0.496, 0.756, 0.764, 0.74, 0.937, 0.646, 0.606, 0.654, 0.85, 0.654, 0.63, 0.717, 0.843, 0.661, 0.811, 0.819, 0.795, 0.661, 0.827, 0.685, 0.843, 0.748, 0.622, 0.85, 0.646, 0.701, 0.843, 0.724, 0.669, 0.709, 0.827, 0.874, 0.732, 0.654, 0.717, 0.85, 0.606, 0.882, 0.803, 0.858]
0.741 0.103
5
[0.685, 0.827, 0.74, 0.858, 0.803, 0.654, 0.748, 0.654, 0.638, 0.772, 0.827, 0.819, 0.78, 0.543, 0.724, 0.732, 0.748, 0.85, 0.85, 0.827, 0.772, 0.843, 0.748, 0.724, 0.772, 0.74, 0.724, 0.732, 0.827, 0.843, 0.811, 0.709, 0.709, 0.693, 0.858, 0.929, 0.811, 0.858, 0.945, 0.677, 0.551, 0.827, 0.709, 0.614, 0.669, 0.717, 0.709, 0.614, 0.803, 0.756, 0.74, 0.827, 0.63, 0.646, 0.772, 0.795, 0.701, 0.795, 0.866, 0.606, 0.646, 0.764, 0.591, 0.85, 0.709, 0.787, 0.866, 0.701, 0.866, 0.898, 0.709, 0.764, 0.622, 0.795, 0.772, 0.732, 0.772, 0.622, 0.685, 0.52, 0.654, 0.724, 0.858, 0.835, 0.843, 0.85, 0.646, 0.748, 0.961, 0.724, 0.819, 0.748, 0.772, 0.843, 0.701, 0.614, 0.858, 0.858, 0.74, 0.89]
0.755 0.091
10
[0.843, 0.78, 0.717, 0.74, 0.898, 0.717, 0.772, 0.85, 0.701, 0.929, 0.858, 0.827, 0.669, 0.732, 0.874, 0.835, 0.866, 0.866, 0.709, 0.717, 0.866, 0.835, 0.906, 0.63, 0.874, 0.827, 0.724, 0.795, 0.85, 0.835, 0.756, 0.929, 0.819, 0.614, 0.732, 0.803, 0.78, 0.882, 0.701, 0.646, 0.756, 0.78, 0.717, 0.898, 0.78, 0.787, 0.74, 0.858, 0.772, 0.772, 0.764, 0.748, 0.803, 0.764, 0.748, 0.819, 0.795, 0.819, 0.787, 0.772, 0.795, 0.78, 0.811, 0.74, 0.866, 0.803, 0.709, 0.811, 0.929, 0.591, 0.787, 0.764, 0.835, 0.827, 0.882, 0.811, 0.858, 0.803, 0.835, 0.709, 0.843, 0.669, 0.819, 0.661, 0.906, 0.858, 0.795, 0.843, 0.654, 0.764, 0.811, 0.898, 0.646, 0.85, 0.803, 0.717, 0.819, 0.795, 0.811, 0.638]
0.789 0.074
20
[0.819, 0.843, 0.882, 0.74, 0.906, 0.89, 0.874, 0.787, 0.787, 0.843, 0.906, 0.89, 0.827, 0.772, 0.787, 0.78, 0.803, 0.858, 0.677, 0.819, 0.874, 0.748, 0.827, 0.795, 0.795, 0.787, 0.866, 0.827, 0.85, 0.85, 0.803, 0.874, 0.724, 0.906, 0.827, 0.724, 0.874, 0.693, 0.835, 0.819, 0.795, 0.827, 0.898, 0.764, 0.89, 0.74, 0.858, 0.866, 0.835, 0.811, 0.85, 0.89, 0.858, 0.819, 0.827, 0.913, 0.827, 0.866, 0.858, 0.827, 0.866, 0.843, 0.898, 0.78, 0.827, 0.906, 0.866, 0.866, 0.858, 0.843, 0.724, 0.787, 0.843, 0.858, 0.787, 0.882, 0.843, 0.882, 0.803, 0.811, 0.906, 0.709, 0.811, 0.906, 0.827, 0.843, 0.866, 0.906, 0.921, 0.803, 0.866, 0.709, 0.803, 0.866, 0.827, 0.835, 0.85, 0.858, 0.843, 0.803]
0.831 0.053
40
[0.85, 0.898, 0.913, 0.858, 0.898, 0.85, 0.874, 0.819, 0.906, 0.898, 0.858, 0.874, 0.89, 0.89, 0.898, 0.906, 0.906, 0.913, 0.795, 0.945, 0.945, 0.929, 0.819, 0.787, 0.858, 0.866, 0.882, 0.913, 0.921, 0.827, 0.913, 0.866, 0.929, 0.898, 0.866, 0.866, 0.858, 0.866, 0.913, 0.906, 0.945, 0.827, 0.858, 0.906, 0.89, 0.906, 0.866, 0.937, 0.85, 0.835, 0.89, 0.843, 0.874, 0.843, 0.937, 0.937, 0.89, 0.953, 0.929, 0.835, 0.827, 0.835, 0.913, 0.882, 0.921, 0.882, 0.906, 0.874, 0.858, 0.898, 0.819, 0.843, 0.898, 0.858, 0.898, 0.866, 0.929, 0.882, 0.898, 0.913, 0.882, 0.89, 0.906, 0.913, 0.843, 0.85, 0.874, 0.819, 0.85, 0.882, 0.898, 0.843, 0.898, 0.787, 0.811, 0.906, 0.858, 0.874, 0.913, 0.874]
0.88 0.037
80
[0.937, 0.953, 0.937, 0.898, 0.969, 0.921, 0.929, 0.882, 0.937, 0.937, 0.898, 0.913, 0.929, 0.929, 0.913, 0.921, 0.921, 0.929, 0.929, 0.929, 0.953, 0.937, 0.929, 0.921, 0.945, 0.913, 0.913, 0.921, 0.929, 0.937, 0.921, 0.953, 0.929, 0.913, 0.906, 0.953, 0.898, 0.953, 0.945, 0.898, 0.929, 0.937, 0.921, 0.913, 0.921, 0.913, 0.913, 0.937, 0.921, 0.937, 0.913, 0.874, 0.929, 0.945, 0.921, 0.89, 0.906, 0.929, 0.913, 0.961, 0.953, 0.929, 0.937, 0.921, 0.913, 0.921, 0.937, 0.913, 0.921, 0.945, 0.921, 0.921, 0.953, 0.913, 0.945, 0.921, 0.906, 0.945, 0.89, 0.929, 0.89, 0.937, 0.945, 0.953, 0.921, 0.898, 0.953, 0.921, 0.913, 0.961, 0.921, 0.945, 0.913, 0.906, 0.945, 0.937, 0.929, 0.937, 0.929, 0.921]
0.926 0.018
126
[0.969, 0.945, 0.937, 0.929, 0.921, 0.953, 0.945, 0.921, 0.961, 0.929, 0.921, 0.961, 0.945, 0.921, 0.945, 0.929, 0.953, 0.929, 0.961, 0.937, 0.969, 0.953, 0.937, 0.921, 0.953, 0.937, 0.913, 0.945, 0.937, 0.953, 0.937, 0.945, 0.929, 0.953, 0.961, 0.929, 0.961, 0.953, 0.953, 0.969, 0.937, 0.937, 0.953, 0.969, 0.953, 0.969, 0.961, 0.945, 0.976, 0.961, 0.945, 0.945, 0.961, 0.961, 0.969, 0.961, 0.937, 0.961, 0.937, 0.937, 0.929, 0.929, 0.945, 0.945, 0.953, 0.961, 0.945, 0.937, 0.953, 0.945, 0.945, 0.937, 0.945, 0.961, 0.976, 0.937, 0.953, 0.937, 0.953, 0.953, 0.945, 0.945, 0.953, 0.937, 0.961, 0.945, 0.961, 0.961, 0.937, 0.921, 0.945, 0.929, 0.945, 0.945, 0.945, 0.953, 0.945, 0.945, 0.953, 0.961]
0.947 0.014

double CF
3
[0.787, 0.819, 0.772, 0.913, 0.677, 0.677, 0.78, 0.48, 0.268, 0.701, 0.756, 0.63, 0.614, 0.803, 0.63, 0.74, 0.835, 0.748, 0.724, 0.811, 0.748, 0.85, 0.906, 0.441, 0.669, 0.409, 0.654, 0.669, 0.717, 0.693, 0.646, 0.937, 0.827, 0.772, 0.339, 0.606, 0.803, 0.795, 0.685, 0.835, 0.772, 0.882, 0.669, 0.74, 0.575, 0.535, 0.732, 0.559, 0.52, 0.433, 0.622, 0.677, 0.48, 0.567, 0.63, 0.709, 0.803, 0.764, 0.606, 0.85, 0.756, 0.882, 0.205, 0.803, 0.402, 0.756, 0.709, 0.654, 0.843, 0.78, 0.748, 0.409, 0.74, 0.843, 0.528, 0.803, 0.512, 0.591, 0.772, 0.291, 0.654, 0.543, 0.504, 0.819, 0.795, 0.528, 0.583, 0.724, 0.472, 0.803, 0.661, 0.654, 0.764, 0.693, 0.535, 0.677, 0.496, 0.732, 0.496, 0.717]
0.672 0.149
5
[0.748, 0.449, 0.787, 0.409, 0.835, 0.598, 0.567, 0.866, 0.236, 0.724, 0.354, 0.764, 0.583, 0.622, 0.882, 0.89, 0.614, 0.394, 0.465, 0.85, 0.787, 0.504, 0.591, 0.591, 0.512, 0.606, 0.827, 0.622, 0.717, 0.622, 0.26, 0.74, 0.748, 0.756, 0.583, 0.835, 0.551, 0.78, 0.874, 0.559, 0.811, 0.724, 0.496, 0.646, 0.701, 0.535, 0.898, 0.394, 0.417, 0.717, 0.52, 0.874, 0.559, 0.85, 0.591, 0.378, 0.795, 0.425, 0.717, 0.606, 0.787, 0.63, 0.575, 0.787, 0.764, 0.701, 0.78, 0.654, 0.795, 0.772, 0.173, 0.228, 0.764, 0.795, 0.63, 0.535, 0.764, 0.48, 0.803, 0.756, 0.677, 0.78, 0.26, 0.827, 0.874, 0.811, 0.575, 0.906, 0.756, 0.732, 0.638, 0.724, 0.717, 0.74, 0.827, 0.827, 0.551, 0.843, 0.63, 0.472]
0.657 0.169
10
[0.874, 0.835, 0.346, 0.85, 0.858, 0.78, 0.512, 0.78, 0.26, 0.583, 0.748, 0.496, 0.827, 0.575, 0.906, 0.756, 0.669, 0.929, 0.803, 0.913, 0.646, 0.276, 0.827, 0.583, 0.685, 0.709, 0.63, 0.583, 0.795, 0.819, 0.756, 0.661, 0.709, 0.827, 0.732, 0.583, 0.717, 0.748, 0.811, 0.63, 0.803, 0.827, 0.654, 0.52, 0.646, 0.843, 0.874, 0.772, 0.756, 0.803, 0.787, 0.724, 0.772, 0.772, 0.52, 0.724, 0.819, 0.717, 0.811, 0.496, 0.677, 0.685, 0.606, 0.929, 0.732, 0.85, 0.764, 0.724, 0.78, 0.701, 0.858, 0.803, 0.669, 0.874, 0.677, 0.772, 0.795, 0.535, 0.78, 0.843, 0.472, 0.874, 0.795, 0.827, 0.724, 0.866, 0.913, 0.906, 0.512, 0.472, 0.425, 0.685, 0.425, 0.795, 0.819, 0.89, 0.591, 0.858, 0.756, 0.22]
0.715 0.151
20
[0.693, 0.772, 0.78, 0.756, 0.89, 0.488, 0.748, 0.795, 0.591, 0.764, 0.787, 0.772, 0.835, 0.724, 0.661, 0.811, 0.764, 0.598, 0.898, 0.85, 0.622, 0.858, 0.811, 0.906, 0.85, 0.803, 0.882, 0.874, 0.425, 0.827, 0.48, 0.843, 0.843, 0.85, 0.89, 0.559, 0.819, 0.512, 0.858, 0.843, 0.78, 0.598, 0.654, 0.331, 0.472, 0.819, 0.866, 0.772, 0.835, 0.52, 0.819, 0.425, 0.709, 0.803, 0.827, 0.843, 0.819, 0.874, 0.811, 0.819, 0.787, 0.795, 0.74, 0.85, 0.882, 0.764, 0.906, 0.48, 0.89, 0.882, 0.827, 0.787, 0.567, 0.898, 0.858, 0.63, 0.748, 0.646, 0.945, 0.772, 0.638, 0.37, 0.866, 0.677, 0.598, 0.772, 0.685, 0.921, 0.874, 0.882, 0.803, 0.764, 0.795, 0.898, 0.74, 0.906, 0.772, 0.898, 0.772, 0.693]
0.757 0.135
40
[0.882, 0.937, 0.717, 0.961, 0.953, 0.622, 0.921, 0.732, 0.795, 0.764, 0.937, 0.504, 0.669, 0.882, 0.874, 0.913, 0.945, 0.748, 0.764, 0.906, 0.701, 0.756, 0.906, 0.937, 0.78, 0.551, 0.929, 0.906, 0.937, 0.921, 0.654, 0.937, 0.937, 0.929, 0.882, 0.85, 0.764, 0.654, 0.874, 0.843, 0.472, 0.646, 0.882, 0.89, 0.567, 0.764, 0.953, 0.48, 0.646, 0.457, 0.858, 0.74, 0.669, 0.787, 0.882, 0.921, 0.929, 0.677, 0.717, 0.945, 0.638, 0.559, 0.969, 0.843, 0.906, 0.921, 0.953, 0.945, 0.866, 0.882, 0.764, 0.638, 0.961, 0.89, 0.646, 0.89, 0.953, 0.913, 0.803, 0.953, 0.906, 0.961, 0.646, 0.874, 0.929, 0.85, 0.843, 0.898, 0.874, 0.913, 0.811, 0.819, 0.669, 0.906, 0.874, 0.693, 0.63, 0.921, 0.882, 0.52]
0.813 0.134
80
[0.937, 0.945, 0.953, 0.921, 0.803, 0.843, 0.906, 0.945, 0.89, 0.961, 0.803, 0.961, 0.921, 0.803, 0.953, 0.811, 0.961, 0.953, 0.827, 0.858, 0.74, 0.858, 0.945, 0.858, 0.882, 0.921, 0.953, 0.921, 0.874, 0.906, 0.961, 0.748, 0.969, 0.803, 0.953, 0.953, 0.858, 0.945, 0.606, 0.961, 0.866, 0.921, 0.937, 0.898, 0.961, 0.929, 0.898, 0.953, 0.969, 0.803, 0.685, 0.969, 0.953, 0.921, 0.937, 0.969, 0.945, 0.843, 0.898, 0.945, 0.961, 0.937, 0.961, 0.945, 0.906, 0.858, 0.85, 0.961, 0.787, 0.858, 0.969, 0.937, 0.969, 0.906, 0.961, 0.937, 0.953, 0.89, 0.819, 0.945, 0.89, 0.937, 0.945, 0.803, 0.953, 0.969, 0.89, 0.937, 0.803, 0.953, 0.969, 0.937, 0.843, 0.858, 0.929, 0.961, 0.906, 0.937, 0.866, 0.953]
0.903 0.068
126
[0.984, 0.937, 0.961, 0.929, 0.843, 0.937, 0.929, 0.937, 0.961, 0.898, 0.937, 0.929, 0.953, 0.937, 0.945, 0.961, 0.961, 0.843, 0.969, 0.937, 0.945, 0.937, 0.969, 0.929, 0.945, 0.921, 0.913, 0.929, 0.953, 0.961, 0.953, 0.953, 0.953, 0.961, 0.866, 0.937, 0.945, 0.961, 0.969, 0.969, 0.748, 0.913, 0.945, 0.945, 0.969, 0.937, 0.929, 0.929, 0.929, 0.945, 0.929, 0.945, 0.953, 0.929, 0.961, 0.961, 0.858, 0.945, 0.929, 0.819, 0.929, 0.945, 0.937, 0.961, 0.945, 0.929, 0.827, 0.921, 0.961, 0.945, 0.961, 0.882, 0.953, 0.953, 0.961, 0.969, 0.929, 0.945, 0.929, 0.984, 0.969, 0.969, 0.945, 0.953, 0.921, 0.906, 0.961, 0.969, 0.969, 0.929, 0.913, 0.945, 0.953, 0.969, 0.945, 0.945, 0.913, 0.945, 0.976, 0.953]
0.937 0.036

double CF + input
3
[0.921, 0.803, 0.921, 0.906, 0.717, 0.85, 0.843, 0.819, 0.827, 0.843, 0.882, 0.701, 0.685, 0.764, 0.803, 0.717, 0.85, 0.898, 0.866, 0.874, 0.882, 0.882, 0.772, 0.89, 0.591, 0.748, 0.85, 0.606, 0.756, 0.661, 0.882, 0.874, 0.709, 0.764, 0.921, 0.929, 0.874, 0.622, 0.858, 0.874, 0.913, 0.811, 0.591, 0.622, 0.614, 0.843, 0.835, 0.874, 0.748, 0.866, 0.819, 0.787, 0.787, 0.787, 0.677, 0.898, 0.858, 0.866, 0.646, 0.898, 0.772, 0.646, 0.874, 0.913, 0.898, 0.803, 0.551, 0.63, 0.85, 0.858, 0.724, 0.811, 0.819, 0.913, 0.858, 0.811, 0.756, 0.866, 0.89, 0.787, 0.575, 0.811, 0.724, 0.85, 0.874, 0.717, 0.929, 0.756, 0.811, 0.913, 0.85, 0.929, 0.677, 0.677, 0.535, 0.843, 0.906, 0.921, 0.835, 0.898]
0.802 0.1
5
[0.874, 0.866, 0.74, 0.701, 0.882, 0.827, 0.898, 0.937, 0.756, 0.843, 0.89, 0.858, 0.866, 0.929, 0.921, 0.921, 0.945, 0.937, 0.929, 0.685, 0.811, 0.929, 0.882, 0.913, 0.913, 0.685, 0.764, 0.811, 0.937, 0.937, 0.874, 0.953, 0.772, 0.858, 0.953, 0.929, 0.937, 0.929, 0.898, 0.898, 0.921, 0.906, 0.756, 0.89, 0.803, 0.929, 0.906, 0.898, 0.906, 0.921, 0.898, 0.866, 0.906, 0.906, 0.898, 0.937, 0.835, 0.906, 0.921, 0.717, 0.701, 0.929, 0.89, 0.929, 0.575, 0.787, 0.709, 0.929, 0.866, 0.937, 0.921, 0.913, 0.921, 0.953, 0.953, 0.874, 0.945, 0.898, 0.929, 0.874, 0.638, 0.898, 0.85, 0.898, 0.85, 0.669, 0.898, 0.866, 0.906, 0.827, 0.882, 0.898, 0.843, 0.819, 0.693, 0.945, 0.89, 0.929, 0.795, 0.795]
0.866 0.08
10
[0.921, 0.843, 0.929, 0.945, 0.945, 0.913, 0.898, 0.819, 0.898, 0.969, 0.898, 0.811, 0.906, 0.921, 0.906, 0.945, 0.89, 0.898, 0.929, 0.898, 0.969, 0.953, 0.921, 0.945, 0.866, 0.929, 0.874, 0.913, 0.882, 0.921, 0.835, 0.937, 0.882, 0.937, 0.85, 0.937, 0.913, 0.898, 0.937, 0.819, 0.913, 0.945, 0.85, 0.953, 0.921, 0.961, 0.953, 0.953, 0.913, 0.819, 0.961, 0.929, 0.921, 0.787, 0.858, 0.913, 0.843, 0.898, 0.874, 0.866, 0.929, 0.929, 0.819, 0.906, 0.953, 0.811, 0.78, 0.929, 0.945, 0.906, 0.976, 0.929, 0.945, 0.874, 0.945, 0.937, 0.913, 0.898, 0.945, 0.921, 0.906, 0.913, 0.929, 0.937, 0.874, 0.906, 0.961, 0.866, 0.937, 0.969, 0.937, 0.945, 0.945, 0.937, 0.906, 0.921, 0.843, 0.945, 0.929, 0.906]
0.908 0.043
20
[0.929, 0.969, 0.929, 0.921, 0.929, 0.969, 0.961, 0.921, 0.969, 0.929, 0.937, 0.945, 0.906, 0.929, 0.969, 0.984, 0.953, 0.961, 0.961, 0.969, 0.945, 0.953, 0.969, 0.921, 0.858, 0.961, 0.969, 0.945, 0.843, 0.953, 0.929, 0.961, 0.921, 0.945, 0.921, 0.929, 0.961, 0.976, 0.961, 0.945, 0.89, 0.929, 0.945, 0.921, 0.961, 0.961, 0.953, 0.953, 0.937, 0.976, 0.945, 0.953, 0.835, 0.961, 0.969, 0.953, 0.945, 0.945, 0.961, 0.945, 0.953, 0.969, 0.953, 0.976, 0.858, 0.835, 0.929, 0.945, 0.945, 0.953, 0.929, 0.921, 0.937, 0.969, 0.953, 0.937, 0.913, 0.976, 0.961, 0.921, 0.866, 0.961, 0.945, 0.961, 0.906, 0.929, 0.913, 0.961, 0.921, 0.937, 0.945, 0.945, 0.874, 0.961, 0.945, 0.953, 0.953, 0.929, 0.913, 0.929]
0.939 0.03
40
[0.937, 0.961, 0.953, 0.945, 0.945, 0.961, 0.969, 0.953, 0.961, 0.961, 0.937, 0.945, 0.984, 0.953, 0.929, 0.937, 0.976, 0.945, 0.984, 0.953, 0.976, 0.945, 0.937, 0.961, 0.961, 0.961, 0.976, 0.953, 0.953, 0.976, 0.961, 0.992, 0.961, 0.992, 0.945, 0.976, 0.984, 0.953, 0.976, 0.976, 0.976, 0.961, 0.969, 0.953, 0.929, 0.969, 0.953, 0.976, 0.953, 0.969, 0.945, 0.953, 0.976, 0.969, 0.976, 0.992, 0.976, 0.945, 0.945, 0.945, 0.961, 0.953, 0.976, 0.945, 0.992, 0.953, 0.937, 0.976, 0.969, 0.945, 0.937, 0.961, 0.953, 0.992, 0.984, 0.961, 0.976, 0.961, 0.961, 0.953, 0.945, 0.961, 0.961, 0.937, 0.984, 0.976, 0.984, 0.984, 0.961, 0.984, 0.945, 0.969, 0.953, 0.961, 0.929, 0.976, 0.969, 0.976, 0.961, 0.953]
0.961 0.016
80
[0.969, 0.976, 0.992, 0.992, 0.961, 0.969, 0.984, 0.961, 0.984, 0.984, 0.976, 0.992, 0.969, 0.984, 0.984, 0.992, 0.969, 0.969, 0.969, 0.984, 0.969, 0.976, 0.992, 0.976, 0.984, 0.984, 0.969, 0.984, 0.984, 0.945, 1.0, 0.976, 0.969, 0.984, 0.969, 0.992, 0.992, 0.953, 0.984, 0.984, 0.976, 0.969, 0.976, 0.984, 0.984, 1.0, 0.992, 0.984, 0.969, 0.953, 0.976, 0.969, 0.961, 0.945, 0.984, 0.984, 0.976, 0.969, 0.984, 0.992, 0.976, 0.984, 0.976, 0.992, 1.0, 0.969, 0.992, 0.961, 0.976, 0.976, 0.976, 0.969, 0.969, 0.984, 0.984, 0.984, 0.969, 0.969, 0.976, 0.984, 0.992, 0.976, 0.961, 1.0, 0.976, 0.984, 0.969, 0.976, 0.961, 0.976, 0.992, 1.0, 1.0, 0.961, 0.984, 0.961, 0.976, 0.984, 0.984, 0.976]
0.978 0.012
126
[0.969, 0.976, 0.969, 0.984, 1.0, 0.984, 0.976, 0.992, 0.992, 0.976, 0.984, 0.984, 0.976, 0.969, 0.992, 0.984, 0.984, 0.984, 0.984, 1.0, 0.992, 0.976, 0.984, 0.992, 0.976, 0.992, 0.992, 0.984, 0.992, 1.0, 0.984, 0.969, 0.976, 0.984, 0.976, 0.992, 0.976, 0.984, 0.984, 0.984, 0.984, 1.0, 0.984, 1.0, 0.969, 1.0, 0.984, 0.992, 0.992, 0.992, 0.984, 0.992, 0.976, 0.984, 1.0, 0.992, 0.984, 0.992, 0.976, 0.984, 1.0, 1.0, 0.992, 0.984, 0.992, 0.976, 0.992, 0.992, 1.0, 0.992, 0.992, 0.984, 0.984, 0.984, 0.984, 0.984, 0.984, 1.0, 1.0, 1.0, 0.992, 0.961, 0.976, 0.992, 1.0, 1.0, 0.992, 0.992, 0.992, 0.992, 0.984, 0.984, 0.992, 0.992, 0.976, 0.969, 0.976, 0.992, 0.984, 0.984]
0.986 0.009

