prediction interface
3
[0.69, 0.5, 0.69, 0.78, 0.78, 0.66, 0.65, 0.79, 0.7, 0.53, 0.64, 0.74, 0.78, 0.81, 0.81, 0.74, 0.55, 0.74, 0.83, 0.5, 0.77, 0.75, 0.82, 0.69, 0.78, 0.75, 0.81, 0.5, 0.5, 0.5, 0.5, 0.75, 0.58, 0.5, 0.5, 0.5, 0.59, 0.63, 0.5, 0.53, 0.74, 0.5, 0.5, 0.69, 0.69, 0.64, 0.5, 0.62, 0.78, 0.5, 0.5, 0.63, 0.5, 0.58, 0.64, 0.5, 0.82, 0.73, 0.61, 0.5, 0.65, 0.5, 0.68, 0.57, 0.61, 0.5, 0.63, 0.5, 0.7, 0.61, 0.77, 0.44, 0.5, 0.5, 0.5, 0.5, 0.5, 0.68, 0.67, 0.45, 0.58, 0.76, 0.74, 0.5, 0.51, 0.73, 0.64, 0.5, 0.73, 0.76, 0.5, 0.5, 0.59, 0.5, 0.5, 0.77, 0.76, 0.63, 0.7, 0.65]
0.625 0.114
5
[0.79, 0.81, 0.68, 0.71, 0.77, 0.65, 0.59, 0.5, 0.78, 0.84, 0.79, 0.69, 0.68, 0.63, 0.75, 0.85, 0.73, 0.75, 0.75, 0.65, 0.85, 0.71, 0.7, 0.79, 0.79, 0.56, 0.74, 0.78, 0.69, 0.74, 0.5, 0.73, 0.75, 0.75, 0.7, 0.5, 0.66, 0.5, 0.8, 0.78, 0.7, 0.75, 0.5, 0.76, 0.79, 0.81, 0.77, 0.75, 0.7, 0.66, 0.82, 0.82, 0.5, 0.73, 0.83, 0.8, 0.57, 0.53, 0.5, 0.76, 0.76, 0.65, 0.81, 0.81, 0.76, 0.8, 0.84, 0.73, 0.67, 0.8, 0.8, 0.85, 0.73, 0.75, 0.71, 0.5, 0.73, 0.78, 0.7, 0.79, 0.81, 0.5, 0.83, 0.5, 0.75, 0.63, 0.81, 0.77, 0.85, 0.72, 0.76, 0.56, 0.78, 0.67, 0.69, 0.67, 0.74, 0.8, 0.73, 0.77]
0.718 0.098
10
[0.78, 0.82, 0.83, 0.81, 0.81, 0.71, 0.83, 0.78, 0.88, 0.86, 0.74, 0.81, 0.75, 0.86, 0.73, 0.76, 0.83, 0.89, 0.81, 0.76, 0.78, 0.83, 0.72, 0.82, 0.85, 0.71, 0.8, 0.79, 0.8, 0.73, 0.82, 0.8, 0.79, 0.81, 0.82, 0.8, 0.69, 0.78, 0.75, 0.86, 0.74, 0.81, 0.75, 0.76, 0.84, 0.81, 0.72, 0.81, 0.77, 0.79, 0.74, 0.72, 0.8, 0.73, 0.79, 0.74, 0.81, 0.84, 0.86, 0.77, 0.84, 0.84, 0.85, 0.75, 0.81, 0.85, 0.77, 0.73, 0.83, 0.81, 0.84, 0.78, 0.5, 0.76, 0.76, 0.79, 0.8, 0.83, 0.86, 0.8, 0.81, 0.61, 0.82, 0.84, 0.75, 0.84, 0.78, 0.82, 0.72, 0.83, 0.76, 0.85, 0.8, 0.79, 0.85, 0.82, 0.77, 0.83, 0.88, 0.8]
0.792 0.056
20
[0.87, 0.82, 0.79, 0.86, 0.82, 0.85, 0.88, 0.78, 0.85, 0.86, 0.87, 0.86, 0.83, 0.83, 0.85, 0.91, 0.82, 0.86, 0.84, 0.84, 0.85, 0.79, 0.88, 0.85, 0.87, 0.78, 0.86, 0.86, 0.84, 0.8, 0.88, 0.85, 0.81, 0.83, 0.88, 0.77, 0.81, 0.85, 0.84, 0.8, 0.85, 0.87, 0.89, 0.8, 0.84, 0.84, 0.78, 0.84, 0.81, 0.85, 0.87, 0.85, 0.83, 0.86, 0.86, 0.84, 0.89, 0.84, 0.86, 0.89, 0.81, 0.86, 0.86, 0.83, 0.86, 0.81, 0.87, 0.88, 0.86, 0.85, 0.84, 0.82, 0.78, 0.87, 0.84, 0.87, 0.84, 0.86, 0.88, 0.86, 0.86, 0.87, 0.89, 0.84, 0.81, 0.84, 0.82, 0.81, 0.84, 0.8, 0.84, 0.81, 0.87, 0.83, 0.82, 0.82, 0.82, 0.88, 0.87, 0.88]
0.843 0.029
40
[0.86, 0.89, 0.9, 0.89, 0.86, 0.87, 0.87, 0.85, 0.9, 0.88, 0.88, 0.89, 0.88, 0.79, 0.88, 0.85, 0.84, 0.86, 0.88, 0.89, 0.89, 0.88, 0.88, 0.88, 0.89, 0.88, 0.89, 0.89, 0.9, 0.86, 0.89, 0.89, 0.85, 0.84, 0.88, 0.89, 0.89, 0.9, 0.89, 0.89, 0.81, 0.89, 0.88, 0.86, 0.87, 0.85, 0.9, 0.88, 0.89, 0.83, 0.89, 0.89, 0.9, 0.88, 0.88, 0.82, 0.87, 0.89, 0.87, 0.9, 0.9, 0.86, 0.88, 0.87, 0.88, 0.9, 0.86, 0.87, 0.91, 0.87, 0.88, 0.9, 0.89, 0.85, 0.87, 0.89, 0.8, 0.87, 0.86, 0.86, 0.88, 0.89, 0.88, 0.86, 0.87, 0.89, 0.89, 0.87, 0.85, 0.88, 0.85, 0.91, 0.89, 0.87, 0.91, 0.88, 0.85, 0.9, 0.88, 0.89]
0.876 0.022
80
[0.9, 0.91, 0.9, 0.89, 0.9, 0.88, 0.92, 0.92, 0.92, 0.91, 0.9, 0.91, 0.89, 0.92, 0.87, 0.88, 0.91, 0.91, 0.91, 0.9, 0.86, 0.87, 0.9, 0.89, 0.91, 0.9, 0.91, 0.9, 0.92, 0.91, 0.92, 0.9, 0.92, 0.91, 0.91, 0.89, 0.91, 0.92, 0.9, 0.92, 0.89, 0.9, 0.91, 0.9, 0.91, 0.92, 0.91, 0.88, 0.85, 0.9, 0.91, 0.9, 0.9, 0.9, 0.92, 0.92, 0.92, 0.92, 0.91, 0.89, 0.88, 0.91, 0.91, 0.92, 0.91, 0.91, 0.91, 0.92, 0.91, 0.9, 0.9, 0.93, 0.88, 0.9, 0.92, 0.89, 0.91, 0.9, 0.9, 0.88, 0.92, 0.9, 0.89, 0.89, 0.93, 0.89, 0.91, 0.91, 0.88, 0.9, 0.9, 0.91, 0.89, 0.93, 0.9, 0.89, 0.89, 0.91, 0.91, 0.9]
0.903 0.015
160
[0.93, 0.93, 0.93, 0.94, 0.92, 0.92, 0.93, 0.92, 0.91, 0.92, 0.91, 0.92, 0.93, 0.92, 0.93, 0.92, 0.94, 0.91, 0.91, 0.93, 0.93, 0.91, 0.92, 0.9, 0.94, 0.92, 0.91, 0.93, 0.93, 0.93, 0.91, 0.92, 0.94, 0.94, 0.93, 0.93, 0.92, 0.92, 0.92, 0.92, 0.91, 0.92, 0.92, 0.91, 0.91, 0.93, 0.92, 0.92, 0.93, 0.93, 0.92, 0.92, 0.91, 0.92, 0.91, 0.91, 0.94, 0.93, 0.92, 0.92, 0.94, 0.94, 0.93, 0.91, 0.92, 0.92, 0.92, 0.92, 0.92, 0.92, 0.91, 0.92, 0.93, 0.92, 0.92, 0.92, 0.92, 0.93, 0.91, 0.9, 0.92, 0.93, 0.92, 0.95, 0.92, 0.92, 0.93, 0.92, 0.91, 0.92, 0.93, 0.92, 0.91, 0.93, 0.93, 0.94, 0.92, 0.91, 0.92, 0.91]
0.922 0.01
320
[0.94, 0.94, 0.94, 0.94, 0.94, 0.94, 0.93, 0.94, 0.93, 0.94, 0.94, 0.93, 0.93, 0.95, 0.94, 0.93, 0.94, 0.93, 0.94, 0.93, 0.94, 0.94, 0.92, 0.94, 0.94, 0.93, 0.95, 0.95, 0.92, 0.94, 0.94, 0.94, 0.94, 0.94, 0.93, 0.94, 0.94, 0.94, 0.94, 0.92, 0.94, 0.93, 0.94, 0.93, 0.94, 0.93, 0.94, 0.93, 0.94, 0.93, 0.93, 0.94, 0.94, 0.93, 0.94, 0.92, 0.94, 0.94, 0.94, 0.93, 0.94, 0.94, 0.94, 0.93, 0.93, 0.94, 0.93, 0.94, 0.94, 0.94, 0.93, 0.94, 0.95, 0.93, 0.94, 0.93, 0.93, 0.95, 0.94, 0.94, 0.92, 0.94, 0.93, 0.94, 0.93, 0.94, 0.93, 0.95, 0.93, 0.92, 0.93, 0.93, 0.94, 0.94, 0.93, 0.93, 0.94, 0.94, 0.93, 0.94]
0.936 0.007
640
[0.95, 0.95, 0.95, 0.95, 0.95, 0.95, 0.94, 0.93, 0.95, 0.95, 0.95, 0.95, 0.96, 0.95, 0.95, 0.95, 0.95, 0.95, 0.95, 0.95, 0.94, 0.95, 0.95, 0.95, 0.95, 0.95, 0.95, 0.95, 0.96, 0.95, 0.96, 0.95, 0.95, 0.96, 0.96, 0.95, 0.95, 0.94, 0.95, 0.95, 0.95, 0.95, 0.95, 0.95, 0.95, 0.95, 0.95, 0.95, 0.95, 0.94, 0.95, 0.96, 0.96, 0.94, 0.94, 0.96, 0.95, 0.95, 0.95, 0.95, 0.96, 0.95, 0.95, 0.95, 0.95, 0.95, 0.95, 0.95, 0.95, 0.94, 0.96, 0.96, 0.95, 0.95, 0.95, 0.95, 0.95, 0.95, 0.96, 0.94, 0.95, 0.94, 0.96, 0.95, 0.96, 0.95, 0.94, 0.95, 0.95, 0.96, 0.94, 0.95, 0.96, 0.94, 0.95, 0.95, 0.95, 0.95, 0.95, 0.96]
0.95 0.006


prediction interface(coreset)
3
[0.76, 0.5, 0.5, 0.5, 0.8, 0.5, 0.5, 0.73, 0.69, 0.48, 0.5, 0.56, 0.5, 0.68, 0.77, 0.76, 0.78, 0.79, 0.49, 0.5, 0.64, 0.63, 0.5, 0.5, 0.67, 0.5, 0.58, 0.63, 0.5, 0.5, 0.63, 0.73, 0.62, 0.5, 0.69, 0.73, 0.74, 0.5, 0.5, 0.5, 0.51, 0.69, 0.72, 0.41, 0.72, 0.75, 0.64, 0.6, 0.7, 0.64, 0.5, 0.74, 0.62, 0.66, 0.65, 0.62, 0.5, 0.5, 0.54, 0.5, 0.72, 0.5, 0.5, 0.5, 0.49, 0.76, 0.5, 0.66, 0.62, 0.5, 0.5, 0.62, 0.5, 0.64, 0.67, 0.5, 0.73, 0.51, 0.5, 0.68, 0.6, 0.69, 0.5, 0.5, 0.67, 0.74, 0.5, 0.7, 0.5, 0.5, 0.68, 0.5, 0.5, 0.59, 0.64, 0.5, 0.68, 0.67, 0.61, 0.5]
0.597 0.101
5
[0.64, 0.66, 0.5, 0.68, 0.5, 0.57, 0.58, 0.69, 0.5, 0.72, 0.5, 0.66, 0.48, 0.73, 0.5, 0.72, 0.69, 0.5, 0.5, 0.66, 0.66, 0.65, 0.54, 0.5, 0.58, 0.74, 0.5, 0.71, 0.64, 0.63, 0.67, 0.52, 0.5, 0.66, 0.5, 0.49, 0.72, 0.5, 0.5, 0.5, 0.52, 0.5, 0.7, 0.74, 0.5, 0.5, 0.69, 0.5, 0.71, 0.5, 0.67, 0.68, 0.63, 0.5, 0.76, 0.5, 0.69, 0.63, 0.5, 0.5, 0.75, 0.5, 0.5, 0.7, 0.5, 0.67, 0.67, 0.5, 0.64, 0.5, 0.5, 0.82, 0.5, 0.7, 0.62, 0.57, 0.69, 0.5, 0.7, 0.61, 0.65, 0.73, 0.5, 0.5, 0.72, 0.5, 0.5, 0.72, 0.5, 0.68, 0.76, 0.71, 0.7, 0.69, 0.5, 0.5, 0.67, 0.73, 0.63, 0.72]
0.604 0.097
10
[0.81, 0.73, 0.73, 0.76, 0.87, 0.52, 0.71, 0.66, 0.86, 0.76, 0.77, 0.81, 0.7, 0.73, 0.62, 0.69, 0.64, 0.54, 0.69, 0.79, 0.53, 0.87, 0.72, 0.87, 0.73, 0.88, 0.73, 0.76, 0.64, 0.8, 0.81, 0.8, 0.79, 0.79, 0.81, 0.8, 0.66, 0.76, 0.79, 0.56, 0.81, 0.72, 0.72, 0.7, 0.6, 0.66, 0.62, 0.79, 0.82, 0.5, 0.63, 0.82, 0.86, 0.82, 0.67, 0.79, 0.72, 0.59, 0.5, 0.82, 0.78, 0.86, 0.73, 0.81, 0.5, 0.68, 0.58, 0.78, 0.78, 0.83, 0.76, 0.8, 0.84, 0.71, 0.71, 0.72, 0.63, 0.89, 0.79, 0.83, 0.76, 0.71, 0.86, 0.56, 0.81, 0.8, 0.79, 0.7, 0.9, 0.73, 0.83, 0.66, 0.82, 0.64, 0.88, 0.57, 0.8, 0.5, 0.67, 0.82]
0.735 0.101
20
[0.86, 0.78, 0.88, 0.88, 0.75, 0.84, 0.75, 0.8, 0.87, 0.87, 0.78, 0.76, 0.8, 0.89, 0.86, 0.88, 0.8, 0.78, 0.79, 0.84, 0.76, 0.8, 0.83, 0.68, 0.87, 0.81, 0.79, 0.83, 0.83, 0.7, 0.88, 0.9, 0.86, 0.88, 0.78, 0.85, 0.79, 0.82, 0.72, 0.71, 0.88, 0.84, 0.85, 0.8, 0.85, 0.77, 0.84, 0.82, 0.87, 0.82, 0.88, 0.72, 0.81, 0.86, 0.88, 0.7, 0.84, 0.77, 0.87, 0.86, 0.81, 0.91, 0.86, 0.82, 0.84, 0.78, 0.78, 0.6, 0.75, 0.75, 0.85, 0.6, 0.87, 0.78, 0.87, 0.84, 0.77, 0.82, 0.81, 0.85, 0.81, 0.9, 0.85, 0.76, 0.75, 0.74, 0.85, 0.81, 0.84, 0.84, 0.82, 0.84, 0.69, 0.77, 0.87, 0.79, 0.81, 0.83, 0.82, 0.9]
0.813 0.06
40
[0.82, 0.87, 0.9, 0.87, 0.87, 0.72, 0.85, 0.86, 0.82, 0.84, 0.73, 0.86, 0.78, 0.81, 0.86, 0.8, 0.75, 0.88, 0.87, 0.79, 0.84, 0.87, 0.88, 0.88, 0.86, 0.86, 0.83, 0.88, 0.87, 0.88, 0.87, 0.87, 0.78, 0.87, 0.87, 0.88, 0.85, 0.84, 0.89, 0.86, 0.89, 0.88, 0.83, 0.85, 0.85, 0.85, 0.84, 0.87, 0.85, 0.82, 0.78, 0.8, 0.9, 0.89, 0.89, 0.83, 0.86, 0.84, 0.9, 0.87, 0.72, 0.81, 0.86, 0.75, 0.82, 0.83, 0.87, 0.8, 0.81, 0.88, 0.76, 0.89, 0.91, 0.82, 0.83, 0.86, 0.82, 0.82, 0.91, 0.88, 0.87, 0.86, 0.85, 0.81, 0.85, 0.9, 0.86, 0.86, 0.87, 0.84, 0.85, 0.87, 0.87, 0.87, 0.86, 0.86, 0.8, 0.87, 0.76, 0.85]
0.845 0.041
80
[0.91, 0.89, 0.86, 0.84, 0.89, 0.88, 0.89, 0.85, 0.87, 0.89, 0.81, 0.9, 0.87, 0.88, 0.9, 0.9, 0.87, 0.84, 0.87, 0.86, 0.84, 0.9, 0.9, 0.88, 0.89, 0.86, 0.88, 0.89, 0.84, 0.9, 0.89, 0.85, 0.84, 0.89, 0.86, 0.89, 0.9, 0.89, 0.89, 0.86, 0.88, 0.87, 0.86, 0.9, 0.88, 0.87, 0.9, 0.89, 0.89, 0.89, 0.89, 0.88, 0.87, 0.91, 0.88, 0.83, 0.89, 0.88, 0.87, 0.89, 0.88, 0.87, 0.89, 0.89, 0.87, 0.91, 0.85, 0.91, 0.89, 0.9, 0.86, 0.9, 0.87, 0.83, 0.86, 0.9, 0.89, 0.89, 0.87, 0.88, 0.87, 0.9, 0.87, 0.84, 0.89, 0.89, 0.88, 0.86, 0.9, 0.88, 0.89, 0.89, 0.89, 0.88, 0.88, 0.87, 0.89, 0.89, 0.85, 0.89]
0.878 0.02
160
[0.93, 0.89, 0.93, 0.86, 0.93, 0.91, 0.88, 0.91, 0.9, 0.91, 0.9, 0.87, 0.9, 0.88, 0.91, 0.86, 0.93, 0.89, 0.91, 0.91, 0.91, 0.9, 0.91, 0.91, 0.91, 0.9, 0.92, 0.89, 0.91, 0.9, 0.93, 0.87, 0.92, 0.93, 0.91, 0.9, 0.9, 0.88, 0.92, 0.89, 0.91, 0.92, 0.9, 0.9, 0.92, 0.91, 0.94, 0.89, 0.92, 0.93, 0.91, 0.92, 0.88, 0.93, 0.93, 0.9, 0.91, 0.88, 0.9, 0.9, 0.91, 0.92, 0.91, 0.93, 0.91, 0.92, 0.91, 0.92, 0.88, 0.91, 0.89, 0.91, 0.89, 0.92, 0.92, 0.93, 0.92, 0.91, 0.89, 0.87, 0.92, 0.92, 0.91, 0.93, 0.9, 0.91, 0.9, 0.93, 0.93, 0.91, 0.91, 0.89, 0.93, 0.87, 0.89, 0.92, 0.9, 0.91, 0.92, 0.92]
0.907 0.017
320
[0.93, 0.91, 0.91, 0.91, 0.92, 0.91, 0.92, 0.93, 0.91, 0.93, 0.92, 0.94, 0.92, 0.9, 0.87, 0.91, 0.91, 0.92, 0.91, 0.92, 0.93, 0.93, 0.94, 0.93, 0.9, 0.91, 0.94, 0.9, 0.92, 0.92, 0.92, 0.92, 0.89, 0.94, 0.89, 0.9, 0.94, 0.94, 0.92, 0.91, 0.92, 0.9, 0.93, 0.9, 0.94, 0.93, 0.93, 0.93, 0.93, 0.93, 0.93, 0.93, 0.94, 0.92, 0.93, 0.91, 0.91, 0.93, 0.93, 0.94, 0.93, 0.92, 0.9, 0.94, 0.9, 0.93, 0.93, 0.92, 0.91, 0.92, 0.91, 0.91, 0.9, 0.92, 0.91, 0.93, 0.91, 0.9, 0.93, 0.93, 0.94, 0.93, 0.94, 0.91, 0.92, 0.93, 0.89, 0.93, 0.93, 0.92, 0.92, 0.92, 0.92, 0.92, 0.92, 0.92, 0.94, 0.93, 0.93, 0.93]
0.92 0.014
640
[0.92, 0.93, 0.93, 0.94, 0.94, 0.95, 0.94, 0.95, 0.92, 0.93, 0.94, 0.94, 0.93, 0.93, 0.94, 0.93, 0.94, 0.92, 0.92, 0.94, 0.94, 0.95, 0.94, 0.93, 0.94, 0.92, 0.93, 0.93, 0.92, 0.94, 0.94, 0.93, 0.94, 0.95, 0.93, 0.93, 0.94, 0.93, 0.93, 0.95, 0.94, 0.92, 0.94, 0.94, 0.92, 0.95, 0.94, 0.93, 0.95, 0.94, 0.93, 0.94, 0.95, 0.94, 0.92, 0.95, 0.91, 0.95, 0.92, 0.93, 0.95, 0.93, 0.93, 0.92, 0.94, 0.94, 0.93, 0.95, 0.95, 0.93, 0.92, 0.92, 0.94, 0.92, 0.92, 0.92, 0.94, 0.95, 0.93, 0.91, 0.94, 0.94, 0.95, 0.93, 0.93, 0.94, 0.94, 0.93, 0.94, 0.93, 0.92, 0.91, 0.95, 0.95, 0.95, 0.93, 0.94, 0.94, 0.94, 0.93]
0.935 0.011

model extraction
3
[0.8, 0.82, 0.81, 0.81, 0.79, 0.84, 0.63, 0.85, 0.78, 0.69, 0.8, 0.84, 0.78, 0.85, 0.85, 0.83, 0.86, 0.8, 0.83, 0.86, 0.84, 0.75, 0.79, 0.75, 0.79, 0.74, 0.8, 0.74, 0.82, 0.82, 0.77, 0.74, 0.82, 0.75, 0.8, 0.85, 0.71, 0.82, 0.73, 0.6, 0.82, 0.72, 0.88, 0.76, 0.84, 0.8, 0.83, 0.84, 0.79, 0.83, 0.78, 0.65, 0.74, 0.77, 0.84, 0.81, 0.81, 0.81, 0.8, 0.81, 0.88, 0.75, 0.79, 0.82, 0.75, 0.82, 0.79, 0.7, 0.81, 0.82, 0.8, 0.83, 0.68, 0.76, 0.82, 0.8, 0.81, 0.87, 0.89, 0.81, 0.68, 0.84, 0.78, 0.88, 0.72, 0.8, 0.84, 0.71, 0.86, 0.8, 0.81, 0.89, 0.79, 0.82, 0.82, 0.82, 0.84, 0.83, 0.71, 0.84]
0.796 0.055
5
[0.82, 0.82, 0.83, 0.82, 0.84, 0.73, 0.76, 0.8, 0.85, 0.86, 0.69, 0.89, 0.86, 0.84, 0.75, 0.73, 0.78, 0.88, 0.85, 0.81, 0.84, 0.86, 0.83, 0.82, 0.78, 0.82, 0.84, 0.83, 0.82, 0.81, 0.82, 0.84, 0.83, 0.82, 0.79, 0.84, 0.84, 0.77, 0.84, 0.81, 0.88, 0.77, 0.7, 0.89, 0.78, 0.81, 0.75, 0.81, 0.67, 0.77, 0.77, 0.85, 0.83, 0.81, 0.82, 0.89, 0.79, 0.85, 0.84, 0.82, 0.77, 0.87, 0.83, 0.86, 0.79, 0.84, 0.77, 0.85, 0.77, 0.83, 0.85, 0.86, 0.75, 0.86, 0.85, 0.78, 0.88, 0.82, 0.89, 0.79, 0.81, 0.77, 0.65, 0.82, 0.83, 0.72, 0.84, 0.8, 0.77, 0.87, 0.79, 0.81, 0.87, 0.83, 0.84, 0.83, 0.73, 0.83, 0.89, 0.79]
0.814 0.048
10
[0.87, 0.83, 0.82, 0.78, 0.81, 0.88, 0.85, 0.83, 0.87, 0.79, 0.85, 0.75, 0.87, 0.83, 0.76, 0.87, 0.86, 0.85, 0.82, 0.85, 0.79, 0.87, 0.87, 0.81, 0.88, 0.88, 0.83, 0.82, 0.85, 0.88, 0.88, 0.84, 0.8, 0.86, 0.85, 0.77, 0.81, 0.9, 0.86, 0.88, 0.87, 0.86, 0.83, 0.87, 0.86, 0.86, 0.67, 0.89, 0.84, 0.86, 0.85, 0.89, 0.79, 0.77, 0.83, 0.77, 0.86, 0.89, 0.85, 0.83, 0.89, 0.85, 0.89, 0.88, 0.84, 0.82, 0.86, 0.77, 0.86, 0.86, 0.84, 0.86, 0.8, 0.74, 0.87, 0.86, 0.88, 0.82, 0.84, 0.86, 0.83, 0.85, 0.86, 0.89, 0.81, 0.9, 0.8, 0.88, 0.87, 0.87, 0.74, 0.84, 0.8, 0.83, 0.9, 0.85, 0.84, 0.85, 0.87, 0.85]
0.841 0.041
20
[0.77, 0.89, 0.89, 0.83, 0.89, 0.91, 0.87, 0.88, 0.88, 0.82, 0.87, 0.86, 0.92, 0.9, 0.85, 0.85, 0.87, 0.87, 0.88, 0.87, 0.86, 0.87, 0.85, 0.86, 0.86, 0.9, 0.91, 0.88, 0.84, 0.86, 0.87, 0.85, 0.88, 0.89, 0.86, 0.85, 0.9, 0.88, 0.88, 0.88, 0.81, 0.89, 0.9, 0.87, 0.85, 0.86, 0.87, 0.88, 0.88, 0.85, 0.88, 0.89, 0.88, 0.85, 0.9, 0.88, 0.85, 0.89, 0.83, 0.87, 0.86, 0.85, 0.85, 0.88, 0.88, 0.86, 0.89, 0.81, 0.81, 0.88, 0.84, 0.9, 0.83, 0.84, 0.8, 0.87, 0.84, 0.88, 0.88, 0.9, 0.91, 0.86, 0.8, 0.86, 0.85, 0.8, 0.84, 0.88, 0.9, 0.87, 0.9, 0.89, 0.86, 0.83, 0.79, 0.86, 0.86, 0.85, 0.86, 0.82]
0.864 0.029
40
[0.84, 0.9, 0.86, 0.88, 0.88, 0.9, 0.88, 0.87, 0.86, 0.9, 0.9, 0.87, 0.9, 0.87, 0.87, 0.87, 0.89, 0.89, 0.88, 0.86, 0.89, 0.84, 0.88, 0.85, 0.9, 0.86, 0.89, 0.9, 0.89, 0.9, 0.88, 0.86, 0.88, 0.9, 0.89, 0.88, 0.88, 0.92, 0.87, 0.88, 0.88, 0.87, 0.86, 0.87, 0.85, 0.88, 0.86, 0.86, 0.91, 0.88, 0.87, 0.88, 0.92, 0.9, 0.9, 0.9, 0.88, 0.82, 0.87, 0.85, 0.88, 0.9, 0.87, 0.88, 0.9, 0.89, 0.86, 0.87, 0.86, 0.86, 0.88, 0.87, 0.91, 0.9, 0.88, 0.88, 0.89, 0.88, 0.89, 0.87, 0.82, 0.86, 0.87, 0.89, 0.9, 0.91, 0.88, 0.87, 0.91, 0.89, 0.88, 0.89, 0.93, 0.89, 0.87, 0.91, 0.86, 0.86, 0.87, 0.91]
0.88 0.02
80
[0.9, 0.88, 0.92, 0.9, 0.89, 0.92, 0.9, 0.91, 0.88, 0.89, 0.88, 0.91, 0.9, 0.88, 0.92, 0.89, 0.89, 0.9, 0.88, 0.92, 0.89, 0.88, 0.9, 0.91, 0.9, 0.88, 0.92, 0.89, 0.88, 0.9, 0.89, 0.88, 0.89, 0.91, 0.92, 0.89, 0.9, 0.88, 0.89, 0.86, 0.9, 0.89, 0.9, 0.9, 0.86, 0.89, 0.87, 0.89, 0.86, 0.88, 0.9, 0.87, 0.91, 0.9, 0.91, 0.91, 0.88, 0.91, 0.9, 0.89, 0.9, 0.9, 0.88, 0.91, 0.89, 0.9, 0.87, 0.9, 0.92, 0.9, 0.83, 0.89, 0.9, 0.9, 0.9, 0.89, 0.89, 0.89, 0.89, 0.91, 0.85, 0.88, 0.92, 0.89, 0.88, 0.91, 0.89, 0.9, 0.89, 0.89, 0.9, 0.9, 0.87, 0.89, 0.86, 0.91, 0.91, 0.91, 0.9, 0.91]
0.894 0.016
160
[0.91, 0.91, 0.92, 0.91, 0.91, 0.91, 0.88, 0.9, 0.91, 0.89, 0.89, 0.91, 0.92, 0.93, 0.93, 0.92, 0.91, 0.9, 0.91, 0.92, 0.9, 0.9, 0.92, 0.92, 0.9, 0.9, 0.92, 0.91, 0.92, 0.9, 0.92, 0.9, 0.89, 0.9, 0.92, 0.92, 0.92, 0.89, 0.92, 0.92, 0.89, 0.9, 0.92, 0.93, 0.89, 0.91, 0.91, 0.92, 0.91, 0.92, 0.92, 0.91, 0.92, 0.91, 0.92, 0.91, 0.91, 0.92, 0.9, 0.91, 0.92, 0.91, 0.91, 0.93, 0.89, 0.9, 0.92, 0.91, 0.93, 0.91, 0.91, 0.9, 0.92, 0.89, 0.91, 0.87, 0.92, 0.92, 0.91, 0.89, 0.9, 0.92, 0.91, 0.91, 0.9, 0.87, 0.93, 0.91, 0.91, 0.91, 0.91, 0.89, 0.9, 0.92, 0.9, 0.91, 0.93, 0.91, 0.89, 0.91]
0.909 0.013
320
[0.93, 0.92, 0.93, 0.92, 0.93, 0.92, 0.92, 0.92, 0.93, 0.93, 0.91, 0.93, 0.92, 0.93, 0.92, 0.93, 0.93, 0.92, 0.91, 0.92, 0.91, 0.92, 0.93, 0.93, 0.91, 0.92, 0.91, 0.93, 0.92, 0.92, 0.93, 0.93, 0.92, 0.92, 0.92, 0.91, 0.92, 0.93, 0.92, 0.92, 0.92, 0.93, 0.92, 0.93, 0.9, 0.91, 0.91, 0.92, 0.92, 0.9, 0.93, 0.92, 0.92, 0.92, 0.93, 0.92, 0.93, 0.92, 0.93, 0.92, 0.92, 0.92, 0.91, 0.92, 0.93, 0.91, 0.92, 0.91, 0.93, 0.92, 0.93, 0.92, 0.92, 0.92, 0.92, 0.93, 0.92, 0.92, 0.92, 0.92, 0.93, 0.92, 0.93, 0.92, 0.93, 0.92, 0.93, 0.92, 0.93, 0.92, 0.92, 0.91, 0.92, 0.92, 0.93, 0.93, 0.91, 0.93, 0.93, 0.93]
0.922 0.007
640
[0.93, 0.93, 0.94, 0.93, 0.94, 0.94, 0.94, 0.93, 0.93, 0.94, 0.94, 0.92, 0.93, 0.93, 0.93, 0.94, 0.94, 0.93, 0.94, 0.94, 0.94, 0.93, 0.94, 0.95, 0.94, 0.94, 0.93, 0.93, 0.94, 0.94, 0.93, 0.93, 0.94, 0.94, 0.92, 0.93, 0.94, 0.94, 0.94, 0.94, 0.94, 0.92, 0.94, 0.93, 0.94, 0.93, 0.94, 0.92, 0.93, 0.92, 0.94, 0.93, 0.93, 0.93, 0.94, 0.93, 0.93, 0.95, 0.93, 0.93, 0.94, 0.93, 0.93, 0.93, 0.92, 0.94, 0.93, 0.94, 0.93, 0.92, 0.94, 0.94, 0.94, 0.94, 0.94, 0.94, 0.94, 0.93, 0.94, 0.94, 0.92, 0.93, 0.93, 0.93, 0.94, 0.93, 0.94, 0.94, 0.93, 0.94, 0.94, 0.93, 0.94, 0.93, 0.94, 0.93, 0.94, 0.93, 0.94, 0.93]
0.934 0.007

double CF
3
[0.493, 0.8, 0.831, 0.622, 0.719, 0.774, 0.364, 0.364, 0.709, 0.726, 0.747, 0.811, 0.61, 0.685, 0.567, 0.69, 0.698, 0.588, 0.695, 0.807, 0.721, 0.715, 0.86, 0.588, 0.326, 0.628, 0.759, 0.635, 0.74, 0.636, 0.706, 0.726, 0.81, 0.812, 0.715, 0.703, 0.56, 0.741, 0.618, 0.689, 0.568, 0.299, 0.605, 0.711, 0.527, 0.647, 0.573, 0.477, 0.724, 0.67, 0.784, 0.642, 0.85, 0.761, 0.758, 0.732, 0.762, 0.664, 0.785, 0.685, 0.7, 0.702, 0.649, 0.515, 0.864, 0.867, 0.446, 0.756, 0.603, 0.708, 0.699, 0.857, 0.581, 0.707, 0.599, 0.792, 0.474, 0.886, 0.513, 0.695, 0.775, 0.754, 0.68, 0.585, 0.583, 0.635, 0.748, 0.603, 0.731, 0.689, 0.839, 0.753, 0.736, 0.736, 0.818, 0.678, 0.511, 0.821, 0.764, 0.889]
0.682 0.121
5
[0.684, 0.844, 0.823, 0.728, 0.809, 0.72, 0.786, 0.791, 0.784, 0.761, 0.756, 0.826, 0.763, 0.694, 0.699, 0.886, 0.831, 0.582, 0.839, 0.779, 0.694, 0.285, 0.757, 0.399, 0.668, 0.409, 0.706, 0.633, 0.796, 0.67, 0.716, 0.849, 0.893, 0.791, 0.652, 0.825, 0.77, 0.703, 0.592, 0.746, 0.792, 0.774, 0.522, 0.725, 0.787, 0.764, 0.462, 0.599, 0.754, 0.263, 0.431, 0.669, 0.79, 0.711, 0.799, 0.745, 0.575, 0.492, 0.762, 0.499, 0.702, 0.849, 0.726, 0.743, 0.761, 0.756, 0.725, 0.865, 0.71, 0.763, 0.672, 0.78, 0.874, 0.761, 0.659, 0.67, 0.825, 0.692, 0.847, 0.747, 0.763, 0.508, 0.553, 0.824, 0.666, 0.673, 0.816, 0.693, 0.841, 0.687, 0.722, 0.658, 0.683, 0.771, 0.605, 0.806, 0.566, 0.67, 0.752, 0.518]
0.708 0.123
10
[0.818, 0.822, 0.884, 0.81, 0.829, 0.759, 0.821, 0.872, 0.809, 0.694, 0.808, 0.8, 0.664, 0.693, 0.45, 0.783, 0.717, 0.892, 0.828, 0.551, 0.739, 0.469, 0.72, 0.695, 0.755, 0.713, 0.802, 0.879, 0.834, 0.707, 0.847, 0.849, 0.722, 0.73, 0.832, 0.496, 0.812, 0.84, 0.829, 0.786, 0.866, 0.87, 0.868, 0.657, 0.754, 0.825, 0.552, 0.331, 0.851, 0.802, 0.787, 0.844, 0.814, 0.7, 0.82, 0.85, 0.86, 0.87, 0.736, 0.622, 0.83, 0.776, 0.832, 0.665, 0.813, 0.81, 0.874, 0.803, 0.862, 0.609, 0.802, 0.552, 0.658, 0.811, 0.825, 0.667, 0.662, 0.793, 0.85, 0.739, 0.611, 0.866, 0.636, 0.765, 0.782, 0.791, 0.803, 0.865, 0.928, 0.696, 0.846, 0.832, 0.777, 0.461, 0.762, 0.84, 0.645, 0.828, 0.878, 0.869]
0.764 0.111
20
[0.838, 0.851, 0.864, 0.88, 0.842, 0.718, 0.809, 0.904, 0.888, 0.64, 0.857, 0.852, 0.844, 0.883, 0.787, 0.733, 0.855, 0.769, 0.879, 0.784, 0.883, 0.839, 0.756, 0.844, 0.887, 0.671, 0.867, 0.905, 0.901, 0.879, 0.844, 0.765, 0.879, 0.834, 0.901, 0.895, 0.881, 0.808, 0.77, 0.838, 0.824, 0.876, 0.888, 0.795, 0.787, 0.801, 0.84, 0.85, 0.759, 0.888, 0.886, 0.867, 0.898, 0.739, 0.808, 0.863, 0.761, 0.684, 0.871, 0.905, 0.905, 0.76, 0.843, 0.855, 0.892, 0.567, 0.901, 0.848, 0.758, 0.813, 0.788, 0.826, 0.872, 0.895, 0.84, 0.893, 0.898, 0.875, 0.844, 0.838, 0.813, 0.896, 0.708, 0.845, 0.87, 0.928, 0.735, 0.845, 0.76, 0.916, 0.833, 0.75, 0.842, 0.842, 0.814, 0.651, 0.858, 0.837, 0.806, 0.86]
0.83 0.066
40
[0.896, 0.906, 0.903, 0.87, 0.901, 0.892, 0.872, 0.889, 0.801, 0.85, 0.916, 0.912, 0.88, 0.927, 0.873, 0.915, 0.923, 0.915, 0.879, 0.897, 0.907, 0.847, 0.91, 0.77, 0.86, 0.83, 0.89, 0.92, 0.919, 0.898, 0.912, 0.889, 0.883, 0.914, 0.892, 0.894, 0.856, 0.907, 0.884, 0.887, 0.764, 0.921, 0.913, 0.875, 0.919, 0.919, 0.872, 0.828, 0.873, 0.854, 0.914, 0.84, 0.924, 0.906, 0.898, 0.884, 0.934, 0.893, 0.715, 0.898, 0.898, 0.792, 0.868, 0.867, 0.897, 0.906, 0.82, 0.884, 0.887, 0.905, 0.927, 0.88, 0.769, 0.896, 0.883, 0.916, 0.894, 0.914, 0.884, 0.915, 0.891, 0.901, 0.914, 0.902, 0.827, 0.715, 0.897, 0.824, 0.84, 0.913, 0.864, 0.871, 0.868, 0.88, 0.897, 0.9, 0.909, 0.888, 0.842, 0.93]
0.881 0.042
80
[0.88, 0.897, 0.883, 0.87, 0.89, 0.906, 0.88, 0.925, 0.902, 0.761, 0.901, 0.923, 0.921, 0.86, 0.906, 0.928, 0.926, 0.93, 0.909, 0.903, 0.688, 0.914, 0.886, 0.925, 0.935, 0.899, 0.93, 0.913, 0.907, 0.848, 0.885, 0.85, 0.892, 0.903, 0.913, 0.93, 0.838, 0.939, 0.892, 0.921, 0.858, 0.866, 0.894, 0.931, 0.841, 0.89, 0.903, 0.897, 0.926, 0.892, 0.898, 0.919, 0.91, 0.923, 0.913, 0.896, 0.919, 0.881, 0.935, 0.916, 0.907, 0.889, 0.912, 0.913, 0.896, 0.907, 0.889, 0.922, 0.927, 0.887, 0.905, 0.909, 0.889, 0.919, 0.905, 0.882, 0.879, 0.896, 0.929, 0.865, 0.927, 0.922, 0.904, 0.86, 0.828, 0.854, 0.918, 0.907, 0.883, 0.864, 0.93, 0.904, 0.907, 0.914, 0.911, 0.869, 0.925, 0.846, 0.89, 0.928]
0.896 0.035
160
[0.881, 0.931, 0.921, 0.936, 0.919, 0.939, 0.832, 0.869, 0.902, 0.892, 0.853, 0.854, 0.702, 0.917, 0.921, 0.913, 0.891, 0.939, 0.931, 0.912, 0.871, 0.904, 0.916, 0.932, 0.93, 0.881, 0.909, 0.885, 0.889, 0.925, 0.93, 0.927, 0.898, 0.916, 0.938, 0.793, 0.915, 0.927, 0.861, 0.903, 0.6, 0.907, 0.891, 0.887, 0.889, 0.926, 0.915, 0.84, 0.684, 0.919, 0.928, 0.92, 0.922, 0.941, 0.939, 0.888, 0.943, 0.9, 0.897, 0.932, 0.908, 0.923, 0.699, 0.888, 0.928, 0.926, 0.916, 0.935, 0.824, 0.904, 0.924, 0.903, 0.887, 0.907, 0.93, 0.787, 0.909, 0.93, 0.919, 0.906, 0.88, 0.935, 0.921, 0.927, 0.842, 0.919, 0.938, 0.78, 0.927, 0.936, 0.933, 0.8, 0.855, 0.63, 0.882, 0.906, 0.931, 0.889, 0.881, 0.92]
0.891 0.063
320
[0.837, 0.925, 0.916, 0.917, 0.914, 0.919, 0.891, 0.921, 0.844, 0.93, 0.879, 0.924, 0.922, 0.919, 0.795, 0.888, 0.927, 0.745, 0.835, 0.821, 0.939, 0.902, 0.893, 0.914, 0.907, 0.916, 0.785, 0.889, 0.929, 0.554, 0.945, 0.905, 0.771, 0.883, 0.884, 0.88, 0.892, 0.898, 0.875, 0.915, 0.929, 0.909, 0.912, 0.869, 0.934, 0.777, 0.931, 0.892, 0.918, 0.833, 0.92, 0.927, 0.934, 0.904, 0.912, 0.867, 0.948, 0.903, 0.934, 0.903, 0.941, 0.824, 0.916, 0.807, 0.937, 0.936, 0.855, 0.919, 0.688, 0.888, 0.835, 0.847, 0.928, 0.923, 0.922, 0.924, 0.903, 0.873, 0.867, 0.886, 0.935, 0.934, 0.957, 0.919, 0.857, 0.81, 0.906, 0.895, 0.934, 0.908, 0.857, 0.936, 0.814, 0.768, 0.89, 0.913, 0.873, 0.92, 0.894, 0.915]
0.887 0.059
640
[0.925, 0.833, 0.846, 0.773, 0.911, 0.874, 0.93, 0.936, 0.725, 0.931, 0.956, 0.921, 0.917, 0.913, 0.91, 0.89, 0.916, 0.937, 0.894, 0.948, 0.863, 0.942, 0.945, 0.918, 0.88, 0.939, 0.91, 0.891, 0.853, 0.919, 0.9, 0.947, 0.943, 0.883, 0.838, 0.92, 0.928, 0.941, 0.929, 0.91, 0.94, 0.916, 0.904, 0.79, 0.928, 0.938, 0.926, 0.908, 0.883, 0.907, 0.796, 0.899, 0.902, 0.94, 0.903, 0.885, 0.853, 0.898, 0.89, 0.924, 0.848, 0.894, 0.921, 0.934, 0.938, 0.931, 0.886, 0.891, 0.912, 0.918, 0.939, 0.948, 0.922, 0.898, 0.926, 0.922, 0.856, 0.944, 0.776, 0.956, 0.9, 0.935, 0.921, 0.692, 0.862, 0.937, 0.93, 0.912, 0.929, 0.931, 0.887, 0.931, 0.893, 0.89, 0.959, 0.877, 0.924, 0.91, 0.949, 0.902]
0.902 0.046


double CF + input
3
[0.86, 0.79, 0.7, 0.76, 0.88, 0.89, 0.71, 0.86, 0.85, 0.86, 0.79, 0.86, 0.64, 0.81, 0.86, 0.85, 0.79, 0.88, 0.86, 0.87, 0.68, 0.87, 0.88, 0.69, 0.88, 0.8, 0.77, 0.85, 0.77, 0.79, 0.68, 0.72, 0.75, 0.87, 0.64, 0.8, 0.82, 0.85, 0.81, 0.85, 0.86, 0.76, 0.82, 0.89, 0.84, 0.79, 0.79, 0.83, 0.78, 0.84, 0.86, 0.82, 0.83, 0.79, 0.78, 0.88, 0.71, 0.71, 0.81, 0.84, 0.82, 0.82, 0.78, 0.83, 0.88, 0.77, 0.82, 0.75, 0.78, 0.87, 0.87, 0.83, 0.86, 0.88, 0.64, 0.78, 0.85, 0.77, 0.81, 0.81, 0.84, 0.72, 0.88, 0.79, 0.87, 0.82, 0.87, 0.79, 0.85, 0.8, 0.73, 0.81, 0.81, 0.79, 0.58, 0.85, 0.87, 0.84, 0.87, 0.87]
0.808 0.064
5
[0.8, 0.85, 0.88, 0.84, 0.79, 0.82, 0.84, 0.85, 0.84, 0.81, 0.81, 0.87, 0.8, 0.89, 0.85, 0.87, 0.83, 0.82, 0.79, 0.83, 0.88, 0.88, 0.89, 0.74, 0.88, 0.85, 0.86, 0.82, 0.78, 0.86, 0.86, 0.87, 0.88, 0.82, 0.72, 0.82, 0.84, 0.86, 0.79, 0.87, 0.9, 0.87, 0.87, 0.87, 0.84, 0.87, 0.77, 0.88, 0.89, 0.83, 0.87, 0.79, 0.89, 0.79, 0.84, 0.79, 0.81, 0.84, 0.87, 0.74, 0.88, 0.89, 0.86, 0.85, 0.84, 0.88, 0.76, 0.84, 0.74, 0.61, 0.88, 0.74, 0.88, 0.86, 0.83, 0.77, 0.89, 0.88, 0.77, 0.91, 0.89, 0.68, 0.78, 0.82, 0.86, 0.9, 0.84, 0.79, 0.89, 0.84, 0.87, 0.89, 0.88, 0.82, 0.85, 0.88, 0.72, 0.81, 0.84, 0.84]
0.835 0.052
10
[0.9, 0.92, 0.92, 0.91, 0.87, 0.9, 0.88, 0.92, 0.9, 0.91, 0.87, 0.86, 0.9, 0.9, 0.9, 0.91, 0.88, 0.87, 0.86, 0.85, 0.91, 0.88, 0.84, 0.87, 0.88, 0.89, 0.9, 0.91, 0.87, 0.81, 0.88, 0.89, 0.89, 0.88, 0.9, 0.84, 0.89, 0.86, 0.9, 0.92, 0.91, 0.93, 0.85, 0.92, 0.91, 0.79, 0.84, 0.86, 0.87, 0.88, 0.88, 0.84, 0.91, 0.91, 0.89, 0.89, 0.87, 0.91, 0.91, 0.91, 0.92, 0.89, 0.89, 0.91, 0.89, 0.9, 0.84, 0.9, 0.91, 0.9, 0.91, 0.9, 0.78, 0.9, 0.85, 0.85, 0.9, 0.88, 0.91, 0.88, 0.89, 0.9, 0.89, 0.88, 0.93, 0.9, 0.9, 0.89, 0.83, 0.92, 0.88, 0.76, 0.85, 0.92, 0.9, 0.9, 0.91, 0.88, 0.89, 0.87]
0.885 0.031
20
[0.91, 0.92, 0.93, 0.91, 0.86, 0.94, 0.9, 0.92, 0.92, 0.89, 0.92, 0.91, 0.91, 0.91, 0.91, 0.92, 0.92, 0.88, 0.91, 0.92, 0.9, 0.91, 0.94, 0.92, 0.89, 0.91, 0.92, 0.93, 0.93, 0.91, 0.9, 0.9, 0.92, 0.91, 0.93, 0.92, 0.89, 0.91, 0.92, 0.93, 0.92, 0.93, 0.85, 0.93, 0.9, 0.91, 0.9, 0.93, 0.9, 0.94, 0.91, 0.87, 0.92, 0.9, 0.93, 0.9, 0.92, 0.91, 0.88, 0.9, 0.92, 0.91, 0.88, 0.92, 0.91, 0.9, 0.9, 0.93, 0.93, 0.92, 0.93, 0.9, 0.92, 0.91, 0.93, 0.88, 0.92, 0.91, 0.89, 0.91, 0.92, 0.92, 0.92, 0.9, 0.87, 0.92, 0.9, 0.87, 0.91, 0.89, 0.94, 0.92, 0.93, 0.92, 0.92, 0.93, 0.93, 0.93, 0.89, 0.93]
0.911 0.018
40
[0.92, 0.92, 0.92, 0.94, 0.9, 0.94, 0.93, 0.92, 0.93, 0.93, 0.93, 0.93, 0.93, 0.91, 0.92, 0.94, 0.93, 0.94, 0.92, 0.94, 0.92, 0.94, 0.93, 0.93, 0.92, 0.92, 0.92, 0.93, 0.93, 0.93, 0.93, 0.93, 0.93, 0.93, 0.94, 0.91, 0.93, 0.92, 0.93, 0.91, 0.93, 0.94, 0.94, 0.95, 0.94, 0.94, 0.93, 0.93, 0.93, 0.92, 0.91, 0.92, 0.93, 0.93, 0.92, 0.93, 0.92, 0.94, 0.91, 0.93, 0.94, 0.89, 0.93, 0.94, 0.94, 0.92, 0.94, 0.92, 0.92, 0.93, 0.93, 0.92, 0.92, 0.94, 0.94, 0.93, 0.93, 0.92, 0.95, 0.94, 0.93, 0.94, 0.93, 0.94, 0.91, 0.91, 0.93, 0.9, 0.93, 0.93, 0.93, 0.93, 0.93, 0.92, 0.94, 0.94, 0.94, 0.91, 0.92, 0.94]
0.928 0.011
80
[0.94, 0.95, 0.94, 0.94, 0.94, 0.94, 0.94, 0.94, 0.95, 0.95, 0.94, 0.93, 0.94, 0.95, 0.95, 0.94, 0.94, 0.94, 0.94, 0.95, 0.95, 0.95, 0.95, 0.95, 0.94, 0.94, 0.95, 0.93, 0.94, 0.94, 0.94, 0.94, 0.94, 0.95, 0.95, 0.94, 0.94, 0.94, 0.95, 0.95, 0.95, 0.94, 0.93, 0.95, 0.94, 0.95, 0.95, 0.95, 0.94, 0.94, 0.94, 0.95, 0.96, 0.95, 0.95, 0.95, 0.94, 0.94, 0.95, 0.93, 0.95, 0.94, 0.93, 0.95, 0.94, 0.94, 0.95, 0.94, 0.95, 0.95, 0.95, 0.94, 0.94, 0.95, 0.93, 0.95, 0.94, 0.95, 0.95, 0.92, 0.94, 0.93, 0.95, 0.94, 0.95, 0.95, 0.93, 0.94, 0.95, 0.95, 0.94, 0.94, 0.94, 0.95, 0.94, 0.94, 0.95, 0.94, 0.95, 0.95]
0.944 0.007
160
[0.95, 0.95, 0.95, 0.96, 0.95, 0.96, 0.95, 0.95, 0.95, 0.96, 0.96, 0.94, 0.96, 0.95, 0.95, 0.95, 0.95, 0.96, 0.95, 0.95, 0.95, 0.96, 0.96, 0.94, 0.96, 0.95, 0.96, 0.95, 0.95, 0.96, 0.95, 0.96, 0.95, 0.96, 0.95, 0.95, 0.94, 0.95, 0.95, 0.95, 0.95, 0.95, 0.96, 0.95, 0.95, 0.96, 0.96, 0.95, 0.95, 0.96, 0.95, 0.96, 0.95, 0.95, 0.96, 0.96, 0.94, 0.95, 0.96, 0.96, 0.96, 0.96, 0.95, 0.95, 0.96, 0.96, 0.95, 0.96, 0.96, 0.95, 0.95, 0.95, 0.96, 0.96, 0.95, 0.95, 0.96, 0.95, 0.96, 0.95, 0.95, 0.96, 0.96, 0.94, 0.95, 0.95, 0.96, 0.95, 0.95, 0.95, 0.95, 0.96, 0.95, 0.96, 0.95, 0.95, 0.95, 0.95, 0.96, 0.95]
0.953 0.006
320
[0.96, 0.96, 0.96, 0.97, 0.96, 0.96, 0.96, 0.96, 0.96, 0.96, 0.96, 0.95, 0.96, 0.95, 0.96, 0.96, 0.96, 0.96, 0.96, 0.96, 0.95, 0.96, 0.97, 0.97, 0.96, 0.96, 0.96, 0.95, 0.97, 0.95, 0.97, 0.97, 0.97, 0.96, 0.95, 0.95, 0.96, 0.96, 0.96, 0.96, 0.97, 0.97, 0.96, 0.97, 0.96, 0.96, 0.96, 0.96, 0.96, 0.96, 0.96, 0.97, 0.96, 0.96, 0.97, 0.96, 0.96, 0.96, 0.96, 0.96, 0.96, 0.97, 0.96, 0.96, 0.96, 0.96, 0.96, 0.96, 0.96, 0.96, 0.96, 0.95, 0.97, 0.96, 0.96, 0.96, 0.96, 0.97, 0.95, 0.96, 0.96, 0.96, 0.95, 0.96, 0.96, 0.96, 0.97, 0.96, 0.97, 0.96, 0.96, 0.96, 0.96, 0.96, 0.95, 0.96, 0.96, 0.96, 0.96, 0.97]
0.961 0.005
640
[0.97, 0.96, 0.97, 0.97, 0.97, 0.97, 0.96, 0.96, 0.96, 0.97, 0.97, 0.97, 0.96, 0.96, 0.97, 0.96, 0.97, 0.97, 0.97, 0.96, 0.97, 0.97, 0.96, 0.97, 0.96, 0.97, 0.97, 0.97, 0.96, 0.96, 0.97, 0.97, 0.97, 0.96, 0.96, 0.97, 0.97, 0.97, 0.97, 0.97, 0.97, 0.97, 0.97, 0.97, 0.96, 0.97, 0.96, 0.97, 0.97, 0.97, 0.97, 0.97, 0.97, 0.97, 0.96, 0.97, 0.97, 0.97, 0.97, 0.96, 0.97, 0.96, 0.97, 0.96, 0.97, 0.97, 0.96, 0.97, 0.97, 0.97, 0.97, 0.96, 0.97, 0.96, 0.97, 0.97, 0.96, 0.97, 0.97, 0.96, 0.96, 0.97, 0.97, 0.97, 0.97, 0.97, 0.97, 0.97, 0.97, 0.97, 0.97, 0.96, 0.97, 0.96, 0.97, 0.97, 0.97, 0.96, 0.96, 0.97]
0.967 0.005
