double cf  (0.6, 0.4)
3
[0.88, 0.84, 0.92, 0.88, 0.81, 0.83, 0.54, 0.85, 0.93, 0.75, 0.77, 0.92, 0.86, 0.86, 0.92, 0.84, 0.83, 0.87, 0.88, 0.89, 0.85, 0.85, 0.87, 0.9, 0.86, 0.9, 0.85, 0.76, 0.83, 0.88, 0.88, 0.85, 0.87, 0.83, 0.9, 0.9, 0.91, 0.23, 0.84, 0.88, 0.83, 0.83, 0.83, 0.91, 0.77, 0.87, 0.58, 0.88, 0.9, 0.88, 0.84, 0.46, 0.91, 0.9, 0.83, 0.9, 0.88, 0.89, 0.81, 0.83, 0.85, 0.85, 0.93, 0.83, 0.9, 0.81, 0.9, 0.83, 0.83, 0.89, 0.88, 0.89, 0.84, 0.88, 0.85, 0.92, 0.89, 0.86, 0.91, 0.83, 0.83, 0.83, 0.9, 0.83, 0.83, 0.91, 0.89, 0.86, 0.9, 0.89, 0.85, 0.86, 0.83, 0.91, 0.84, 0.83, 0.94, 0.88, 0.89, 0.83]
0.847 0.093
5
[0.84, 0.95, 0.9, 0.89, 0.83, 0.9, 0.84, 0.9, 0.83, 0.83, 0.9, 0.91, 0.9, 0.94, 0.9, 0.91, 0.96, 0.9, 0.92, 0.9, 0.84, 0.89, 0.94, 0.94, 0.89, 0.86, 0.9, 0.88, 0.89, 0.89, 0.91, 0.89, 0.85, 0.93, 0.87, 0.86, 0.93, 0.87, 0.89, 0.91, 0.93, 0.94, 0.89, 0.94, 0.89, 0.93, 0.91, 0.88, 0.87, 0.93, 0.84, 0.84, 0.88, 0.84, 0.91, 0.85, 0.92, 0.94, 0.89, 0.94, 0.92, 0.93, 0.84, 0.89, 0.91, 0.89, 0.92, 0.92, 0.91, 0.92, 0.83, 0.85, 0.83, 0.9, 0.91, 0.84, 0.87, 0.92, 0.98, 0.91, 0.9, 0.77, 0.94, 0.88, 0.85, 0.91, 0.88, 0.88, 0.89, 0.89, 0.85, 0.88, 0.93, 0.85, 0.87, 0.88, 0.9, 0.83, 0.83, 0.9]
0.89 0.037
10
[0.95, 0.94, 0.88, 0.96, 0.89, 0.94, 0.95, 0.93, 0.91, 0.92, 0.92, 0.91, 0.83, 0.91, 0.89, 0.89, 0.93, 0.9, 0.95, 0.88, 0.9, 0.89, 0.96, 0.95, 0.98, 0.98, 0.91, 0.94, 0.88, 0.85, 0.93, 0.92, 0.89, 0.94, 0.88, 0.92, 0.96, 0.97, 0.92, 0.94, 0.9, 0.83, 0.94, 0.94, 0.9, 0.89, 0.93, 0.94, 0.94, 0.91, 0.9, 0.84, 0.89, 0.89, 0.96, 0.96, 0.91, 0.87, 0.96, 0.86, 0.91, 0.85, 0.94, 0.92, 0.96, 0.94, 0.97, 0.91, 0.98, 0.96, 0.89, 0.96, 0.91, 0.89, 0.88, 0.97, 0.91, 0.54, 0.87, 0.83, 0.96, 0.87, 0.87, 0.9, 0.84, 0.89, 0.93, 0.95, 0.85, 0.91, 0.92, 0.96, 0.93, 0.83, 0.9, 0.92, 0.9, 0.87, 0.93, 0.94]
0.91 0.053
20
[0.94, 0.93, 0.26, 1.0, 0.93, 0.44, 0.99, 0.96, 0.98, 0.97, 0.92, 0.96, 0.97, 0.84, 0.91, 0.93, 0.98, 0.91, 0.96, 0.96, 0.91, 0.99, 0.99, 0.92, 0.96, 0.94, 0.93, 0.87, 0.98, 0.89, 0.94, 0.91, 0.9, 0.98, 0.9, 0.83, 0.98, 0.88, 0.89, 0.94, 0.91, 0.99, 0.97, 0.97, 0.92, 0.95, 0.96, 0.94, 0.97, 0.93, 0.96, 0.92, 0.95, 0.99, 0.89, 0.93, 0.95, 0.85, 0.95, 0.95, 0.93, 0.96, 0.97, 0.98, 0.91, 0.94, 0.88, 0.94, 0.92, 0.96, 0.91, 0.9, 0.97, 0.93, 0.94, 0.98, 0.98, 0.89, 0.96, 0.93, 0.94, 0.98, 0.95, 0.94, 0.95, 0.93, 0.97, 0.99, 0.91, 0.89, 0.89, 0.93, 0.91, 0.93, 0.9, 0.94, 0.98, 0.98, 0.93, 0.99]
0.927 0.091
40
[0.97, 0.99, 0.99, 0.98, 0.46, 0.99, 0.8, 0.98, 0.98, 1.0, 1.0, 0.92, 0.93, 0.98, 0.92, 1.0, 0.99, 0.96, 0.94, 0.92, 0.96, 0.93, 0.99, 0.25, 0.93, 0.95, 0.99, 0.93, 0.97, 0.95, 0.91, 0.99, 0.94, 0.99, 0.99, 0.98, 1.0, 0.91, 0.97, 0.99, 1.0, 0.92, 1.0, 0.94, 1.0, 0.46, 0.98, 0.91, 0.99, 0.98, 0.99, 0.91, 0.91, 1.0, 0.99, 0.97, 1.0, 0.95, 0.99, 0.92, 0.99, 0.99, 0.93, 0.97, 0.99, 0.98, 0.96, 0.94, 0.99, 0.98, 0.99, 0.91, 0.98, 0.94, 0.99, 0.94, 0.99, 0.97, 0.96, 0.97, 1.0, 1.0, 1.0, 0.87, 0.95, 0.99, 0.92, 0.98, 0.99, 0.94, 0.99, 0.86, 1.0, 0.99, 1.0, 0.96, 0.99, 0.99, 0.98, 0.91]
0.947 0.106
80
[1.0, 1.0, 1.0, 1.0, 0.99, 0.95, 0.98, 1.0, 1.0, 0.97, 0.99, 0.92, 0.89, 0.99, 0.99, 0.91, 0.99, 0.9, 1.0, 0.99, 1.0, 1.0, 1.0, 0.95, 1.0, 0.92, 1.0, 1.0, 1.0, 0.99, 0.99, 0.98, 0.98, 0.91, 0.99, 1.0, 1.0, 1.0, 0.98, 0.99, 1.0, 0.93, 0.93, 1.0, 0.99, 1.0, 0.85, 0.99, 0.99, 0.99, 1.0, 0.46, 0.99, 0.96, 0.99, 1.0, 1.0, 0.99, 0.99, 1.0, 1.0, 1.0, 1.0, 0.99, 0.94, 0.99, 0.9, 1.0, 1.0, 0.94, 1.0, 0.99, 0.99, 0.99, 0.99, 0.99, 0.93, 1.0, 0.85, 0.99, 0.92, 1.0, 0.99, 1.0, 0.98, 0.99, 0.95, 1.0, 0.98, 0.99, 0.91, 1.0, 0.92, 0.99, 1.0, 0.91, 0.99, 1.0, 1.0, 0.99]
0.972 0.062
160
[1.0, 1.0, 0.99, 1.0, 1.0, 1.0, 0.99, 1.0, 0.91, 1.0, 1.0, 1.0, 1.0, 1.0, 1.0, 1.0, 1.0, 1.0, 1.0, 1.0, 1.0, 1.0, 1.0, 0.99, 1.0, 0.99, 1.0, 1.0, 1.0, 1.0, 1.0, 1.0, 0.99, 1.0, 0.99, 0.99, 1.0, 1.0, 1.0, 0.99, 1.0, 1.0, 0.99, 1.0, 0.97, 1.0, 1.0, 1.0, 1.0, 1.0, 1.0, 0.96, 0.99, 1.0, 0.99, 0.99, 1.0, 1.0, 0.99, 1.0, 1.0, 1.0, 1.0, 0.99, 1.0, 1.0, 1.0, 1.0, 0.91, 0.92, 1.0, 1.0, 1.0, 0.99, 1.0, 0.99, 1.0, 0.99, 0.98, 1.0, 1.0, 1.0, 1.0, 0.99, 1.0, 1.0, 0.99, 1.0, 1.0, 0.98, 1.0, 1.0, 1.0, 0.99, 0.99, 0.91, 1.0, 0.97, 0.9, 1.0]
0.992 0.02
320
[1.0, 1.0, 1.0, 0.99, 1.0, 1.0, 1.0, 1.0, 1.0, 0.99, 1.0, 1.0, 1.0, 1.0, 0.91, 1.0, 1.0, 1.0, 1.0, 0.98, 1.0, 0.91, 0.46, 1.0, 1.0, 1.0, 1.0, 1.0, 1.0, 0.99, 1.0, 1.0, 1.0, 1.0, 1.0, 1.0, 1.0, 1.0, 1.0, 0.99, 1.0, 1.0, 0.99, 1.0, 1.0, 1.0, 1.0, 1.0, 1.0, 1.0, 1.0, 1.0, 1.0, 1.0, 1.0, 1.0, 0.99, 1.0, 1.0, 1.0, 1.0, 1.0, 1.0, 1.0, 1.0, 1.0, 1.0, 1.0, 1.0, 1.0, 1.0, 0.99, 1.0, 0.99, 1.0, 1.0, 1.0, 1.0, 1.0, 1.0, 1.0, 1.0, 1.0, 1.0, 1.0, 1.0, 1.0, 1.0, 1.0, 1.0, 0.92, 1.0, 1.0, 1.0, 1.0, 0.99, 1.0, 1.0, 1.0, 0.98]
0.991 0.055

double cf (0.7, 0.3)
3
[0.84, 0.84, 0.91, 0.88, 0.89, 0.89, 0.84, 0.87, 0.83, 0.83, 0.86, 0.91, 0.85, 0.89, 0.9, 0.84, 0.92, 0.83, 0.91, 0.88, 0.83, 0.92, 0.83, 0.83, 0.78, 0.88, 0.85, 0.9, 0.83, 0.8, 0.89, 0.73, 0.87, 0.89, 0.91, 0.92, 0.93, 0.83, 0.92, 0.85, 0.82, 0.83, 0.89, 0.86, 0.87, 0.84, 0.9, 0.92, 0.79, 0.84, 0.9, 0.9, 0.84, 0.93, 0.89, 0.84, 0.76, 0.91, 0.85, 0.92, 0.83, 0.83, 0.9, 0.84, 0.89, 0.85, 0.93, 0.87, 0.89, 0.91, 0.9, 0.86, 0.84, 0.82, 0.88, 0.89, 0.84, 0.87, 0.83, 0.84, 0.84, 0.88, 0.84, 0.84, 0.84, 0.87, 0.83, 0.92, 0.82, 0.84, 0.94, 0.83, 0.86, 0.89, 0.87, 0.83, 0.86, 0.88, 0.85, 0.83]
0.864 0.039
5
[0.9, 0.46, 0.93, 0.86, 0.87, 0.84, 0.9, 0.9, 0.83, 0.84, 0.91, 0.93, 0.83, 0.83, 0.46, 0.8, 0.9, 0.92, 0.88, 0.89, 0.83, 0.85, 0.9, 0.87, 0.9, 0.89, 0.92, 0.9, 0.9, 0.88, 0.97, 0.92, 0.91, 0.9, 0.94, 0.89, 0.88, 0.83, 0.87, 0.88, 0.91, 0.92, 0.83, 0.89, 0.85, 0.89, 0.94, 0.92, 0.9, 0.92, 0.88, 0.85, 0.84, 0.84, 0.94, 0.91, 0.91, 0.85, 0.94, 0.89, 0.94, 0.96, 0.87, 0.9, 0.86, 0.91, 0.96, 0.87, 0.85, 0.83, 0.87, 0.93, 0.9, 0.92, 0.89, 0.86, 0.91, 0.89, 0.89, 0.97, 0.85, 0.92, 0.89, 0.91, 0.87, 0.89, 0.93, 0.95, 0.88, 0.86, 0.9, 0.94, 0.9, 0.91, 0.86, 0.9, 0.82, 0.91, 0.94, 0.93]
0.883 0.07
10
[0.95, 0.92, 0.88, 0.89, 0.83, 0.89, 0.92, 0.92, 0.92, 0.98, 0.94, 0.91, 0.91, 0.95, 0.92, 0.93, 0.91, 0.92, 0.87, 0.89, 0.87, 0.91, 0.84, 0.93, 0.95, 0.92, 0.95, 0.95, 0.91, 0.92, 0.94, 0.93, 0.94, 0.91, 0.91, 0.96, 0.94, 0.91, 0.99, 0.91, 0.84, 0.87, 0.96, 0.94, 0.94, 0.95, 0.89, 0.98, 0.93, 0.98, 0.54, 0.93, 0.95, 0.95, 0.92, 0.84, 0.91, 0.86, 0.95, 0.95, 0.95, 0.94, 0.84, 0.83, 0.88, 0.94, 0.95, 0.94, 0.92, 0.92, 0.94, 0.87, 0.86, 0.92, 0.86, 0.87, 0.95, 0.93, 0.94, 0.9, 0.93, 0.9, 0.91, 0.97, 0.97, 0.89, 0.93, 0.91, 0.92, 0.92, 0.86, 0.9, 0.96, 0.93, 0.95, 0.9, 0.98, 0.89, 0.99, 0.96]
0.915 0.053
20
[0.98, 0.98, 0.92, 0.94, 0.99, 0.98, 0.9, 0.87, 0.92, 0.91, 0.92, 0.93, 0.91, 0.9, 0.94, 0.95, 0.93, 0.93, 0.98, 0.95, 0.94, 0.86, 0.94, 0.9, 0.97, 0.92, 0.94, 0.97, 0.99, 0.91, 0.99, 0.98, 0.98, 0.95, 0.99, 0.95, 0.96, 0.98, 0.89, 0.95, 0.94, 0.9, 0.98, 0.96, 0.99, 0.98, 0.94, 0.84, 0.95, 0.91, 0.98, 0.95, 0.96, 0.97, 0.92, 0.99, 0.91, 0.98, 0.98, 0.99, 0.97, 0.97, 0.9, 0.98, 0.96, 0.95, 0.95, 0.91, 0.9, 0.92, 0.95, 0.99, 0.89, 0.91, 0.91, 0.91, 0.93, 0.94, 0.97, 0.93, 0.91, 0.93, 0.97, 0.92, 0.98, 0.98, 0.46, 0.98, 0.93, 0.92, 0.92, 0.9, 0.9, 0.96, 0.97, 0.9, 0.89, 0.91, 0.98, 0.97]
0.937 0.059
40
[0.87, 0.95, 0.93, 0.91, 0.98, 0.99, 0.99, 0.92, 0.9, 0.98, 0.91, 0.99, 0.97, 0.93, 0.97, 1.0, 0.94, 0.85, 0.92, 0.98, 0.97, 0.99, 0.99, 1.0, 0.93, 0.97, 0.98, 0.94, 0.95, 1.0, 0.92, 0.91, 0.91, 0.99, 0.93, 0.91, 0.96, 0.88, 0.99, 0.94, 0.93, 0.99, 0.96, 0.89, 0.99, 0.91, 0.98, 0.99, 0.99, 0.99, 0.93, 0.95, 0.98, 0.99, 0.87, 1.0, 0.92, 0.97, 0.93, 1.0, 0.99, 0.9, 0.99, 0.92, 0.98, 1.0, 0.97, 0.99, 0.93, 0.99, 0.96, 0.92, 0.97, 0.87, 0.98, 0.98, 0.92, 0.95, 0.99, 0.95, 0.96, 0.93, 0.97, 1.0, 0.99, 0.97, 0.99, 1.0, 0.92, 0.97, 1.0, 0.95, 0.98, 0.96, 0.88, 0.99, 0.99, 0.91, 0.96, 0.9]
0.955 0.038
80
[0.99, 0.99, 0.99, 1.0, 1.0, 0.99, 0.99, 1.0, 1.0, 0.98, 0.9, 0.99, 1.0, 0.95, 1.0, 0.93, 0.99, 0.97, 1.0, 0.93, 0.99, 0.94, 0.98, 1.0, 0.99, 0.99, 1.0, 0.98, 1.0, 1.0, 0.93, 1.0, 0.98, 0.98, 1.0, 1.0, 0.99, 0.99, 1.0, 0.99, 0.91, 1.0, 0.92, 0.99, 0.92, 0.91, 0.99, 1.0, 0.99, 0.98, 0.96, 1.0, 0.99, 0.92, 1.0, 0.99, 0.94, 1.0, 0.99, 0.99, 0.99, 0.99, 0.99, 1.0, 0.88, 0.99, 1.0, 0.99, 0.99, 1.0, 1.0, 0.99, 0.99, 1.0, 0.99, 1.0, 0.99, 1.0, 1.0, 0.99, 0.99, 0.89, 1.0, 0.99, 1.0, 0.99, 0.99, 1.0, 0.96, 0.99, 1.0, 0.98, 1.0, 1.0, 0.99, 0.94, 1.0, 1.0, 0.99, 1.0]
0.982 0.028
160
[1.0, 1.0, 1.0, 1.0, 0.91, 1.0, 1.0, 1.0, 1.0, 1.0, 1.0, 1.0, 0.94, 1.0, 1.0, 0.99, 1.0, 1.0, 1.0, 0.96, 1.0, 1.0, 0.99, 0.99, 1.0, 1.0, 1.0, 0.99, 1.0, 0.99, 1.0, 1.0, 1.0, 0.94, 1.0, 1.0, 0.99, 1.0, 1.0, 1.0, 1.0, 1.0, 0.98, 1.0, 0.99, 0.99, 0.91, 1.0, 1.0, 1.0, 1.0, 1.0, 1.0, 1.0, 1.0, 1.0, 1.0, 0.99, 1.0, 0.91, 0.91, 1.0, 1.0, 0.99, 1.0, 1.0, 1.0, 1.0, 0.99, 1.0, 1.0, 1.0, 0.92, 0.99, 1.0, 0.94, 0.99, 1.0, 0.99, 1.0, 0.97, 1.0, 1.0, 1.0, 1.0, 1.0, 1.0, 0.97, 1.0, 1.0, 1.0, 1.0, 0.94, 0.92, 1.0, 0.99, 1.0, 1.0, 1.0, 0.99]
0.99 0.023
320
[1.0, 0.99, 1.0, 1.0, 0.99, 1.0, 1.0, 1.0, 1.0, 1.0, 1.0, 1.0, 1.0, 1.0, 1.0, 1.0, 1.0, 0.91, 0.99, 1.0, 1.0, 1.0, 1.0, 1.0, 0.9, 1.0, 1.0, 0.99, 1.0, 1.0, 0.99, 1.0, 1.0, 1.0, 1.0, 0.99, 1.0, 1.0, 1.0, 0.99, 1.0, 1.0, 1.0, 1.0, 1.0, 0.99, 1.0, 1.0, 1.0, 1.0, 1.0, 1.0, 1.0, 1.0, 1.0, 0.99, 0.99, 0.92, 1.0, 0.87, 1.0, 1.0, 1.0, 1.0, 1.0, 1.0, 1.0, 1.0, 1.0, 1.0, 1.0, 1.0, 1.0, 1.0, 1.0, 1.0, 0.99, 1.0, 1.0, 1.0, 1.0, 0.99, 1.0, 1.0, 1.0, 0.99, 1.0, 1.0, 0.99, 0.99, 1.0, 1.0, 1.0, 1.0, 1.0, 1.0, 1.0, 1.0, 0.92, 1.0]
0.994 0.021

double cf (0.8, 0.2)
3
[0.87, 0.88, 0.84, 0.76, 0.89, 0.9, 0.82, 0.87, 0.87, 0.9, 0.84, 0.88, 0.84, 0.84, 0.86, 0.92, 0.88, 0.96, 0.83, 0.91, 0.91, 0.85, 0.84, 0.91, 0.87, 0.77, 0.83, 0.87, 0.84, 0.9, 0.89, 0.91, 0.84, 0.83, 0.92, 0.83, 0.85, 0.89, 0.85, 0.83, 0.78, 0.9, 0.81, 0.78, 0.83, 0.83, 0.84, 0.87, 0.83, 0.86, 0.78, 0.89, 0.9, 0.85, 0.86, 0.83, 0.89, 0.9, 0.9, 0.84, 0.83, 0.89, 0.91, 0.84, 0.68, 0.89, 0.76, 0.91, 0.91, 0.89, 0.89, 0.84, 0.95, 0.89, 0.85, 0.75, 0.84, 0.9, 0.84, 0.84, 0.83, 0.82, 0.83, 0.87, 0.83, 0.87, 0.87, 0.83, 0.86, 0.9, 0.88, 0.89, 0.91, 0.87, 0.81, 0.88, 0.85, 0.85, 0.92, 0.85]
0.859 0.044
5
[0.88, 0.92, 0.91, 0.89, 0.88, 0.83, 0.88, 0.83, 0.9, 0.91, 0.89, 0.9, 0.9, 0.89, 0.85, 0.87, 0.92, 0.83, 0.84, 0.96, 0.83, 0.89, 0.89, 0.95, 0.94, 0.91, 0.9, 0.91, 0.91, 0.91, 0.93, 0.89, 0.9, 0.93, 0.9, 0.86, 0.87, 0.89, 0.91, 0.9, 0.9, 0.85, 0.87, 0.85, 0.94, 0.83, 0.92, 0.85, 0.87, 0.84, 0.96, 0.94, 0.91, 0.91, 0.84, 0.85, 0.89, 0.83, 0.82, 0.85, 0.91, 0.9, 0.88, 0.9, 0.96, 0.87, 0.9, 0.95, 0.89, 0.97, 0.9, 0.9, 0.92, 0.82, 0.89, 0.85, 0.83, 0.95, 0.88, 0.89, 0.89, 0.83, 0.88, 0.84, 0.86, 0.88, 0.77, 0.83, 0.96, 0.86, 0.9, 0.88, 0.84, 0.88, 0.88, 0.91, 0.86, 0.88, 0.83, 0.93]
0.886 0.038
10
[0.9, 0.96, 0.99, 0.91, 0.91, 0.89, 0.9, 0.95, 0.96, 0.93, 0.96, 0.9, 0.93, 0.88, 0.9, 0.99, 0.92, 0.98, 0.87, 0.91, 0.97, 0.94, 0.86, 0.92, 0.93, 0.89, 0.9, 0.9, 0.89, 0.89, 0.93, 0.91, 0.92, 0.84, 0.92, 0.89, 0.96, 0.91, 0.88, 0.94, 0.89, 0.93, 0.95, 0.95, 0.85, 0.9, 0.94, 0.92, 0.89, 0.9, 0.88, 0.9, 0.87, 0.9, 0.87, 0.93, 0.99, 0.9, 0.89, 0.92, 0.94, 0.96, 0.93, 0.94, 0.9, 0.9, 0.89, 0.87, 0.96, 0.98, 0.97, 0.9, 0.96, 0.91, 0.94, 0.92, 0.89, 0.85, 0.91, 0.91, 0.89, 0.93, 0.9, 0.87, 0.86, 0.89, 0.92, 0.93, 0.97, 0.9, 0.88, 0.91, 0.91, 0.89, 0.96, 0.86, 0.91, 0.89, 0.94, 0.88]
0.914 0.034
20
[0.89, 0.98, 0.98, 0.9, 0.97, 0.99, 0.97, 0.9, 0.91, 0.89, 0.88, 0.93, 0.98, 0.91, 0.94, 0.96, 0.99, 0.95, 0.99, 0.89, 0.94, 0.97, 0.84, 0.86, 0.99, 0.93, 0.98, 0.93, 0.94, 0.94, 0.93, 0.96, 0.92, 0.95, 0.92, 0.97, 0.97, 0.96, 0.97, 0.96, 0.91, 0.97, 0.94, 0.96, 0.96, 0.82, 0.92, 0.93, 0.96, 0.91, 0.93, 0.97, 0.88, 0.92, 0.91, 0.94, 0.94, 0.96, 0.97, 0.93, 0.94, 0.93, 0.91, 0.95, 0.96, 0.97, 0.99, 0.95, 0.92, 0.95, 0.9, 0.94, 0.94, 0.97, 0.94, 0.93, 0.96, 0.94, 0.96, 0.92, 0.97, 0.96, 0.89, 0.98, 0.93, 0.89, 0.94, 0.97, 0.89, 0.89, 0.95, 0.94, 0.91, 0.96, 0.94, 0.96, 0.92, 0.92, 0.86, 0.9]
0.937 0.034
40
[0.96, 0.96, 0.99, 0.92, 0.99, 1.0, 0.99, 0.99, 0.94, 0.94, 0.99, 0.9, 0.98, 0.92, 0.99, 0.96, 0.97, 0.97, 0.97, 0.9, 0.95, 0.93, 0.92, 0.98, 0.9, 0.93, 0.96, 0.99, 0.94, 0.98, 0.9, 0.99, 0.99, 0.46, 0.99, 0.96, 0.86, 0.98, 0.98, 0.93, 0.94, 0.99, 0.99, 0.92, 0.99, 0.99, 0.98, 0.99, 0.99, 0.93, 0.89, 0.95, 0.97, 0.94, 0.92, 0.99, 0.93, 0.98, 0.99, 0.99, 0.96, 0.98, 0.89, 0.89, 0.97, 0.97, 1.0, 0.85, 0.95, 0.91, 0.94, 0.91, 0.94, 0.92, 0.98, 0.98, 0.97, 0.99, 0.91, 0.98, 0.95, 0.99, 0.94, 0.99, 0.99, 1.0, 0.95, 0.46, 1.0, 0.94, 1.0, 0.99, 0.9, 0.94, 0.9, 0.97, 0.99, 0.99, 0.98, 1.0]
0.948 0.078
80
[0.94, 0.97, 0.99, 0.92, 0.99, 0.92, 0.91, 0.99, 0.99, 1.0, 0.99, 1.0, 0.99, 1.0, 0.99, 0.99, 1.0, 0.99, 0.99, 1.0, 0.96, 0.97, 0.92, 0.99, 0.99, 0.99, 0.99, 0.92, 1.0, 0.99, 1.0, 1.0, 0.99, 0.99, 0.99, 0.97, 0.99, 0.99, 0.99, 0.99, 1.0, 0.98, 0.99, 0.99, 1.0, 0.99, 0.99, 0.99, 0.93, 0.99, 0.99, 0.98, 0.99, 0.9, 1.0, 0.99, 0.99, 1.0, 1.0, 0.99, 1.0, 0.44, 0.93, 1.0, 0.88, 0.92, 1.0, 0.99, 0.99, 0.99, 1.0, 0.99, 1.0, 1.0, 0.99, 0.99, 0.99, 0.94, 1.0, 1.0, 1.0, 0.99, 1.0, 1.0, 1.0, 0.99, 1.0, 0.93, 0.99, 1.0, 0.99, 0.98, 0.99, 0.99, 1.0, 0.92, 1.0, 0.98, 1.0, 1.0]
0.976 0.06
160
[0.91, 1.0, 1.0, 1.0, 0.99, 0.99, 0.99, 1.0, 1.0, 1.0, 0.99, 1.0, 0.99, 0.99, 1.0, 0.9, 0.99, 0.99, 1.0, 0.92, 0.99, 0.99, 0.99, 1.0, 1.0, 1.0, 1.0, 1.0, 1.0, 0.99, 1.0, 1.0, 1.0, 1.0, 1.0, 1.0, 1.0, 1.0, 1.0, 0.99, 1.0, 1.0, 1.0, 0.99, 1.0, 1.0, 0.99, 1.0, 0.94, 1.0, 0.99, 0.92, 0.99, 0.99, 0.99, 0.99, 1.0, 0.99, 1.0, 1.0, 0.99, 0.99, 1.0, 0.99, 0.99, 1.0, 0.94, 0.99, 0.99, 1.0, 1.0, 1.0, 1.0, 1.0, 0.99, 0.99, 1.0, 0.99, 1.0, 0.99, 1.0, 0.91, 0.99, 1.0, 0.99, 0.99, 1.0, 0.99, 0.99, 1.0, 0.99, 1.0, 1.0, 0.92, 1.0, 1.0, 1.0, 0.99, 1.0, 1.0]
0.99 0.021
320
[1.0, 1.0, 0.99, 1.0, 0.46, 1.0, 1.0, 1.0, 1.0, 1.0, 0.99, 1.0, 1.0, 0.99, 1.0, 1.0, 1.0, 1.0, 1.0, 1.0, 1.0, 1.0, 0.92, 0.91, 1.0, 0.99, 1.0, 1.0, 1.0, 1.0, 1.0, 0.99, 0.99, 0.92, 1.0, 1.0, 0.99, 0.99, 1.0, 1.0, 0.99, 0.99, 1.0, 0.99, 1.0, 1.0, 1.0, 1.0, 1.0, 0.93, 1.0, 0.99, 0.99, 1.0, 0.99, 0.91, 1.0, 0.99, 0.99, 1.0, 0.99, 0.99, 1.0, 1.0, 1.0, 0.91, 1.0, 0.87, 1.0, 1.0, 0.99, 1.0, 1.0, 1.0, 0.99, 0.99, 1.0, 1.0, 1.0, 0.99, 0.99, 0.46, 1.0, 1.0, 1.0, 0.99, 1.0, 1.0, 0.99, 0.99, 0.99, 0.99, 0.93, 0.99, 1.0, 1.0, 1.0, 1.0, 0.99, 1.0]
0.979 0.078


double cf (0.9, 0.1)
3
[0.88, 0.88, 0.9, 0.87, 0.93, 0.82, 0.86, 0.9, 0.85, 0.83, 0.93, 0.9, 0.9, 0.87, 0.79, 0.88, 0.94, 0.79, 0.85, 0.88, 0.83, 0.89, 0.91, 0.9, 0.83, 0.9, 0.83, 0.88, 0.9, 0.89, 0.89, 0.83, 0.87, 0.92, 0.88, 0.88, 0.83, 0.86, 0.84, 0.86, 0.85, 0.85, 0.92, 0.85, 0.79, 0.88, 0.9, 0.88, 0.83, 0.9, 0.88, 0.84, 0.83, 0.91, 0.8, 0.91, 0.91, 0.79, 0.93, 0.9, 0.83, 0.86, 0.88, 0.89, 0.83, 0.89, 0.88, 0.88, 0.91, 0.76, 0.92, 0.91, 0.86, 0.91, 0.8, 0.87, 0.92, 0.86, 0.89, 0.9, 0.91, 0.82, 0.85, 0.91, 0.9, 0.83, 0.87, 0.86, 0.88, 0.87, 0.75, 0.83, 0.88, 0.83, 0.92, 0.87, 0.89, 0.87, 0.87, 0.89]
0.87 0.039
5
[0.89, 0.86, 0.92, 0.89, 0.84, 0.95, 0.89, 0.9, 0.9, 0.91, 0.89, 0.9, 0.9, 0.89, 0.93, 0.8, 0.9, 0.89, 0.88, 0.9, 0.91, 0.89, 0.86, 0.91, 0.93, 0.84, 0.9, 0.9, 0.91, 0.91, 0.89, 0.92, 0.84, 0.89, 0.93, 0.9, 0.93, 0.85, 0.89, 0.91, 0.93, 0.91, 0.9, 0.92, 0.93, 0.88, 0.9, 0.88, 0.85, 0.92, 0.93, 0.91, 0.87, 0.89, 0.85, 0.86, 0.91, 0.89, 0.89, 0.91, 0.89, 0.9, 0.81, 0.91, 0.89, 0.86, 0.87, 0.94, 0.89, 0.9, 0.95, 0.87, 0.91, 0.92, 0.87, 0.87, 0.89, 0.94, 0.91, 0.9, 0.89, 0.89, 0.83, 0.94, 0.9, 0.76, 0.91, 0.94, 0.83, 0.9, 0.89, 0.86, 0.88, 0.89, 0.96, 0.91, 0.92, 0.93, 0.93, 0.9]
0.894 0.033
10
[0.95, 0.96, 0.92, 0.93, 0.84, 0.91, 0.87, 0.94, 0.9, 0.96, 0.97, 0.89, 0.86, 0.88, 0.9, 0.92, 0.9, 0.94, 0.94, 0.92, 0.92, 0.92, 0.89, 0.96, 0.92, 0.9, 0.91, 0.92, 0.93, 0.94, 0.91, 0.91, 0.91, 0.94, 0.88, 0.94, 0.91, 0.94, 0.95, 0.95, 0.91, 0.93, 0.93, 0.88, 0.92, 0.92, 0.97, 0.95, 0.88, 0.87, 0.95, 0.92, 0.98, 0.91, 0.88, 0.92, 0.95, 0.91, 0.93, 0.95, 0.89, 0.9, 0.97, 0.94, 0.92, 0.88, 0.97, 0.9, 0.91, 0.88, 0.91, 0.97, 0.9, 0.92, 0.98, 0.95, 0.88, 0.98, 0.91, 0.93, 0.95, 0.93, 0.91, 0.89, 0.94, 0.92, 0.88, 0.89, 0.88, 0.92, 0.94, 0.91, 0.9, 0.93, 0.93, 0.95, 0.94, 0.95, 0.91, 0.94]
0.921 0.029
20
[0.98, 0.97, 0.96, 0.91, 0.94, 0.92, 0.92, 0.96, 0.92, 0.9, 0.94, 0.89, 0.92, 0.94, 0.94, 0.94, 0.91, 0.98, 0.92, 0.97, 0.94, 0.96, 0.95, 0.87, 0.93, 0.93, 0.95, 0.93, 0.94, 0.98, 0.95, 0.97, 0.93, 0.96, 0.97, 0.95, 0.97, 0.92, 0.9, 0.91, 0.95, 0.94, 0.92, 0.95, 0.97, 0.96, 0.95, 0.95, 0.96, 0.94, 0.97, 0.96, 0.94, 0.94, 0.93, 0.92, 0.76, 0.91, 0.91, 0.94, 0.99, 0.94, 0.92, 0.91, 0.91, 0.95, 0.97, 0.98, 0.95, 0.83, 0.98, 0.95, 0.98, 0.96, 0.96, 0.89, 0.95, 0.94, 0.97, 0.96, 0.91, 0.91, 0.96, 0.94, 0.95, 0.92, 0.98, 0.86, 0.95, 0.93, 0.92, 0.91, 0.95, 0.97, 0.9, 0.95, 0.97, 0.95, 0.92, 0.94]
0.938 0.033
40
[0.99, 0.94, 0.99, 0.99, 0.99, 0.97, 0.99, 0.96, 0.93, 0.97, 0.96, 0.92, 0.99, 0.96, 0.96, 0.92, 0.98, 0.94, 0.93, 0.98, 0.92, 0.99, 0.99, 0.96, 0.99, 0.94, 0.98, 0.97, 0.93, 0.97, 0.98, 0.97, 0.94, 0.98, 0.94, 0.96, 0.97, 1.0, 0.98, 0.93, 0.99, 0.99, 0.89, 0.98, 0.9, 0.99, 0.94, 0.95, 0.99, 0.91, 0.98, 0.94, 0.97, 0.93, 0.99, 0.93, 0.99, 0.98, 0.94, 0.9, 0.94, 0.97, 0.98, 0.97, 0.97, 0.99, 0.99, 0.95, 0.98, 0.97, 0.98, 0.98, 0.99, 0.98, 0.95, 0.94, 0.99, 0.97, 0.97, 0.93, 0.96, 0.99, 0.93, 0.9, 0.97, 0.97, 0.95, 0.99, 0.99, 0.95, 0.98, 0.99, 0.97, 0.99, 0.96, 0.99, 0.96, 0.99, 0.93, 0.98]
0.964 0.026
80
[0.99, 0.99, 1.0, 0.99, 0.99, 0.91, 0.99, 0.94, 0.93, 1.0, 0.99, 0.99, 0.99, 0.99, 0.99, 0.99, 0.97, 0.99, 0.99, 0.99, 0.99, 0.99, 0.97, 0.99, 0.98, 0.99, 0.94, 0.98, 0.99, 0.99, 0.94, 0.93, 0.97, 0.99, 0.99, 0.93, 0.98, 0.99, 0.96, 0.99, 0.99, 0.98, 0.99, 0.98, 0.99, 0.99, 0.99, 0.93, 0.99, 0.96, 0.99, 0.99, 0.99, 0.99, 0.99, 0.99, 0.99, 0.99, 0.99, 1.0, 0.99, 0.98, 0.99, 0.99, 0.98, 0.97, 0.99, 0.99, 0.99, 0.99, 0.99, 0.99, 0.95, 0.99, 0.99, 0.99, 0.98, 1.0, 0.99, 0.99, 0.98, 0.93, 0.94, 1.0, 1.0, 0.99, 0.99, 0.99, 0.99, 0.99, 0.99, 0.99, 0.99, 0.99, 0.99, 0.99, 0.99, 0.94, 0.99, 0.99]
0.982 0.019
160
[1.0, 0.99, 0.99, 0.99, 0.99, 1.0, 0.99, 1.0, 0.99, 1.0, 0.99, 0.99, 1.0, 0.99, 0.99, 0.99, 0.99, 0.99, 0.99, 1.0, 0.99, 0.99, 0.99, 0.99, 0.99, 0.99, 0.99, 0.99, 0.99, 1.0, 0.99, 0.99, 1.0, 0.99, 0.99, 0.99, 0.99, 0.99, 1.0, 0.99, 0.99, 1.0, 0.99, 0.99, 0.99, 1.0, 0.99, 0.99, 0.99, 0.99, 1.0, 0.94, 0.99, 0.99, 0.99, 0.94, 0.99, 0.99, 1.0, 0.99, 0.99, 1.0, 0.99, 0.99, 1.0, 1.0, 1.0, 0.99, 0.99, 0.99, 1.0, 0.99, 0.99, 0.99, 0.99, 0.99, 1.0, 0.99, 0.99, 0.99, 1.0, 0.98, 0.99, 0.99, 0.99, 0.99, 1.0, 0.92, 0.88, 0.98, 0.99, 0.99, 1.0, 0.99, 0.99, 0.99, 0.99, 0.95, 0.99, 0.99]
0.989 0.016
320
[0.99, 1.0, 0.99, 0.96, 0.92, 1.0, 1.0, 1.0, 0.99, 0.99, 0.99, 1.0, 1.0, 0.99, 1.0, 0.99, 0.99, 0.99, 0.99, 0.99, 0.99, 0.99, 0.99, 1.0, 0.99, 0.99, 1.0, 0.99, 0.99, 1.0, 0.99, 0.99, 0.99, 0.99, 1.0, 0.99, 0.99, 1.0, 1.0, 0.94, 0.99, 0.99, 1.0, 0.99, 0.99, 1.0, 1.0, 0.99, 0.99, 0.93, 1.0, 0.99, 1.0, 0.94, 0.99, 1.0, 0.99, 0.99, 1.0, 1.0, 1.0, 0.99, 0.99, 0.99, 1.0, 1.0, 1.0, 0.99, 0.99, 0.99, 0.99, 0.94, 0.93, 0.99, 1.0, 0.99, 0.99, 1.0, 0.99, 0.99, 0.93, 0.99, 1.0, 0.93, 1.0, 0.94, 0.99, 0.99, 0.99, 1.0, 0.94, 0.99, 0.99, 1.0, 0.99, 0.99, 0.99, 0.99, 0.99, 0.99]
0.987 0.019
