prediction interface
3
[0.665, 0.607, 0.607, 0.567, 0.705, 0.744, 0.607, 0.641, 0.607, 0.607, 0.82, 0.741, 0.393, 0.633, 0.657, 0.607, 0.585, 0.688, 0.393, 0.706, 0.739, 0.731, 0.607, 0.644, 0.579, 0.751, 0.683, 0.644, 0.529, 0.66, 0.709, 0.488, 0.693, 0.607, 0.607, 0.607, 0.512, 0.828, 0.607, 0.457, 0.691, 0.754, 0.76, 0.393, 0.717, 0.5, 0.607, 0.448, 0.757, 0.662, 0.607, 0.706, 0.441, 0.8, 0.467, 0.606, 0.794, 0.704, 0.536, 0.735, 0.624, 0.607, 0.675, 0.424, 0.548, 0.72, 0.719, 0.711, 0.607, 0.675, 0.766, 0.697, 0.675, 0.779, 0.574, 0.691, 0.607, 0.69, 0.67, 0.488, 0.686, 0.704, 0.735, 0.557, 0.605, 0.737, 0.549, 0.607, 0.607, 0.643, 0.483, 0.731, 0.682, 0.748, 0.607, 0.683, 0.564, 0.788, 0.509, 0.607]
0.637 0.099
5
[0.69, 0.838, 0.56, 0.607, 0.691, 0.785, 0.695, 0.648, 0.771, 0.766, 0.737, 0.855, 0.816, 0.618, 0.814, 0.61, 0.789, 0.837, 0.785, 0.809, 0.678, 0.644, 0.574, 0.62, 0.448, 0.717, 0.42, 0.712, 0.823, 0.592, 0.6, 0.607, 0.778, 0.607, 0.743, 0.764, 0.753, 0.718, 0.63, 0.589, 0.831, 0.695, 0.824, 0.763, 0.607, 0.632, 0.639, 0.786, 0.699, 0.672, 0.828, 0.639, 0.637, 0.82, 0.713, 0.643, 0.696, 0.858, 0.637, 0.448, 0.661, 0.545, 0.715, 0.566, 0.607, 0.714, 0.746, 0.607, 0.731, 0.594, 0.783, 0.603, 0.597, 0.759, 0.782, 0.793, 0.541, 0.607, 0.751, 0.699, 0.776, 0.521, 0.801, 0.652, 0.735, 0.792, 0.659, 0.602, 0.761, 0.827, 0.615, 0.478, 0.653, 0.678, 0.694, 0.782, 0.588, 0.688, 0.764, 0.413]
0.687 0.101
10
[0.745, 0.744, 0.806, 0.818, 0.81, 0.79, 0.774, 0.75, 0.78, 0.816, 0.758, 0.754, 0.732, 0.785, 0.747, 0.674, 0.833, 0.536, 0.734, 0.754, 0.716, 0.742, 0.722, 0.823, 0.774, 0.842, 0.75, 0.697, 0.71, 0.719, 0.795, 0.763, 0.768, 0.768, 0.748, 0.691, 0.825, 0.761, 0.85, 0.816, 0.696, 0.81, 0.689, 0.832, 0.826, 0.758, 0.851, 0.78, 0.707, 0.828, 0.657, 0.821, 0.776, 0.73, 0.701, 0.759, 0.58, 0.814, 0.733, 0.722, 0.75, 0.515, 0.822, 0.829, 0.866, 0.782, 0.496, 0.837, 0.765, 0.767, 0.796, 0.836, 0.844, 0.783, 0.811, 0.823, 0.628, 0.723, 0.768, 0.778, 0.82, 0.694, 0.756, 0.761, 0.841, 0.81, 0.816, 0.801, 0.805, 0.802, 0.745, 0.748, 0.73, 0.786, 0.741, 0.836, 0.733, 0.816, 0.843, 0.856]
0.764 0.068
20
[0.871, 0.847, 0.775, 0.82, 0.845, 0.865, 0.846, 0.807, 0.811, 0.864, 0.844, 0.813, 0.821, 0.845, 0.831, 0.802, 0.815, 0.795, 0.762, 0.853, 0.844, 0.861, 0.833, 0.826, 0.854, 0.855, 0.727, 0.847, 0.839, 0.838, 0.811, 0.778, 0.848, 0.821, 0.796, 0.834, 0.821, 0.822, 0.715, 0.87, 0.876, 0.812, 0.781, 0.867, 0.736, 0.863, 0.806, 0.855, 0.795, 0.855, 0.799, 0.851, 0.791, 0.828, 0.789, 0.786, 0.839, 0.839, 0.825, 0.832, 0.846, 0.849, 0.889, 0.884, 0.806, 0.838, 0.805, 0.829, 0.889, 0.837, 0.826, 0.855, 0.805, 0.753, 0.874, 0.87, 0.838, 0.86, 0.795, 0.813, 0.884, 0.836, 0.802, 0.855, 0.817, 0.813, 0.813, 0.859, 0.837, 0.835, 0.855, 0.836, 0.844, 0.82, 0.858, 0.858, 0.838, 0.762, 0.774, 0.854]
0.828 0.034
40
[0.891, 0.826, 0.875, 0.886, 0.874, 0.825, 0.857, 0.85, 0.849, 0.881, 0.849, 0.883, 0.873, 0.843, 0.877, 0.866, 0.856, 0.803, 0.886, 0.879, 0.873, 0.824, 0.87, 0.885, 0.828, 0.867, 0.872, 0.865, 0.883, 0.835, 0.857, 0.799, 0.884, 0.864, 0.837, 0.877, 0.833, 0.834, 0.847, 0.852, 0.851, 0.833, 0.895, 0.887, 0.885, 0.886, 0.88, 0.854, 0.86, 0.841, 0.854, 0.82, 0.83, 0.858, 0.864, 0.861, 0.819, 0.885, 0.911, 0.873, 0.864, 0.855, 0.856, 0.865, 0.848, 0.824, 0.874, 0.891, 0.872, 0.844, 0.882, 0.839, 0.878, 0.879, 0.881, 0.872, 0.88, 0.839, 0.834, 0.857, 0.865, 0.882, 0.863, 0.881, 0.901, 0.846, 0.849, 0.883, 0.85, 0.818, 0.857, 0.824, 0.821, 0.878, 0.878, 0.891, 0.819, 0.842, 0.876, 0.824]
0.859 0.023
80
[0.886, 0.886, 0.9, 0.868, 0.848, 0.899, 0.925, 0.865, 0.906, 0.87, 0.919, 0.916, 0.893, 0.901, 0.898, 0.857, 0.872, 0.857, 0.895, 0.886, 0.901, 0.924, 0.897, 0.883, 0.898, 0.876, 0.875, 0.889, 0.878, 0.883, 0.897, 0.872, 0.856, 0.909, 0.888, 0.885, 0.899, 0.88, 0.89, 0.878, 0.894, 0.882, 0.873, 0.871, 0.91, 0.879, 0.865, 0.854, 0.877, 0.905, 0.902, 0.868, 0.917, 0.861, 0.864, 0.878, 0.906, 0.894, 0.895, 0.899, 0.896, 0.893, 0.898, 0.883, 0.869, 0.9, 0.869, 0.887, 0.889, 0.903, 0.87, 0.902, 0.891, 0.902, 0.878, 0.849, 0.902, 0.908, 0.881, 0.896, 0.895, 0.906, 0.908, 0.891, 0.889, 0.868, 0.884, 0.871, 0.86, 0.894, 0.887, 0.893, 0.9, 0.9, 0.877, 0.901, 0.884, 0.865, 0.895, 0.875]
0.887 0.017
160
[0.905, 0.923, 0.909, 0.91, 0.894, 0.899, 0.906, 0.899, 0.882, 0.918, 0.905, 0.925, 0.9, 0.901, 0.917, 0.919, 0.922, 0.916, 0.897, 0.929, 0.907, 0.916, 0.925, 0.918, 0.907, 0.915, 0.905, 0.914, 0.904, 0.908, 0.889, 0.886, 0.911, 0.925, 0.918, 0.919, 0.913, 0.899, 0.921, 0.909, 0.92, 0.906, 0.902, 0.913, 0.908, 0.932, 0.904, 0.899, 0.907, 0.894, 0.935, 0.923, 0.912, 0.905, 0.927, 0.915, 0.905, 0.905, 0.922, 0.925, 0.924, 0.903, 0.917, 0.911, 0.906, 0.91, 0.895, 0.919, 0.896, 0.927, 0.894, 0.929, 0.911, 0.87, 0.91, 0.923, 0.911, 0.918, 0.898, 0.928, 0.9, 0.907, 0.914, 0.928, 0.914, 0.901, 0.898, 0.909, 0.92, 0.919, 0.917, 0.916, 0.927, 0.907, 0.913, 0.92, 0.892, 0.894, 0.92, 0.901]
0.911 0.012
320
[0.941, 0.927, 0.918, 0.921, 0.932, 0.93, 0.929, 0.925, 0.936, 0.932, 0.933, 0.921, 0.932, 0.929, 0.933, 0.925, 0.928, 0.927, 0.938, 0.931, 0.931, 0.936, 0.94, 0.919, 0.907, 0.928, 0.92, 0.921, 0.937, 0.922, 0.924, 0.933, 0.931, 0.924, 0.935, 0.921, 0.932, 0.936, 0.924, 0.93, 0.909, 0.931, 0.945, 0.932, 0.935, 0.925, 0.923, 0.915, 0.927, 0.929, 0.929, 0.922, 0.926, 0.923, 0.933, 0.945, 0.93, 0.924, 0.922, 0.924, 0.927, 0.93, 0.934, 0.927, 0.916, 0.938, 0.924, 0.938, 0.927, 0.935, 0.937, 0.935, 0.929, 0.92, 0.935, 0.925, 0.914, 0.932, 0.933, 0.93, 0.921, 0.92, 0.933, 0.909, 0.928, 0.919, 0.927, 0.924, 0.929, 0.94, 0.921, 0.918, 0.94, 0.924, 0.945, 0.907, 0.924, 0.911, 0.945, 0.921]
0.928 0.008
640
[0.933, 0.93, 0.94, 0.945, 0.924, 0.945, 0.935, 0.909, 0.914, 0.945, 0.94, 0.951, 0.947, 0.9, 0.912, 0.925, 0.915, 0.938, 0.929, 0.938, 0.938, 0.932, 0.935, 0.939, 0.904, 0.931, 0.922, 0.935, 0.902, 0.94, 0.93, 0.941, 0.914, 0.944, 0.942, 0.922, 0.939, 0.938, 0.937, 0.945, 0.94, 0.933, 0.935, 0.956, 0.941, 0.898, 0.937, 0.939, 0.941, 0.943, 0.94, 0.947, 0.947, 0.928, 0.946, 0.933, 0.946, 0.933, 0.945, 0.929, 0.946, 0.936, 0.94, 0.924, 0.942, 0.943, 0.934, 0.941, 0.928, 0.94, 0.935, 0.939, 0.942, 0.939, 0.943, 0.932, 0.938, 0.935, 0.936, 0.94, 0.94, 0.943, 0.94, 0.954, 0.935, 0.942, 0.933, 0.936, 0.918, 0.937, 0.941, 0.942, 0.937, 0.926, 0.947, 0.934, 0.939, 0.947, 0.929, 0.933]
0.935 0.011
1280
[0.933, 0.943, 0.948, 0.959, 0.964, 0.942, 0.951, 0.929, 0.953, 0.945, 0.957, 0.947, 0.949, 0.916, 0.952, 0.924, 0.945, 0.948, 0.954, 0.955, 0.95, 0.95, 0.953, 0.948, 0.938, 0.933, 0.948, 0.952, 0.952, 0.948, 0.935, 0.953, 0.945, 0.95, 0.96, 0.95, 0.938, 0.948, 0.955, 0.935, 0.948, 0.947, 0.911, 0.935, 0.953, 0.954, 0.945, 0.946, 0.935, 0.955, 0.949, 0.953, 0.944, 0.953, 0.938, 0.934, 0.949, 0.951, 0.946, 0.939, 0.953, 0.942, 0.954, 0.954, 0.945, 0.948, 0.959, 0.944, 0.959, 0.958, 0.953, 0.951, 0.957, 0.948, 0.95, 0.944, 0.956, 0.949, 0.923, 0.942, 0.953, 0.943, 0.94, 0.938, 0.949, 0.951, 0.95, 0.947, 0.954, 0.938, 0.952, 0.935, 0.946, 0.947, 0.958, 0.958, 0.945, 0.955, 0.928, 0.946]
0.947 0.009
2615
[0.95, 0.952, 0.956, 0.959, 0.954, 0.954, 0.952, 0.959, 0.948, 0.959, 0.958, 0.955, 0.961, 0.958, 0.957, 0.958, 0.93, 0.957, 0.95, 0.956, 0.958, 0.957, 0.95, 0.954, 0.944, 0.962, 0.959, 0.961, 0.958, 0.952, 0.955, 0.96, 0.958, 0.948, 0.958, 0.956, 0.948, 0.952, 0.958, 0.957, 0.961, 0.958, 0.956, 0.955, 0.958, 0.956, 0.963, 0.959, 0.959, 0.947, 0.956, 0.954, 0.951, 0.959, 0.953, 0.941, 0.955, 0.965, 0.964, 0.959, 0.958, 0.953, 0.955, 0.96, 0.959, 0.945, 0.96, 0.946, 0.957, 0.96, 0.953, 0.956, 0.952, 0.956, 0.957, 0.945, 0.958, 0.957, 0.952, 0.961, 0.93, 0.953, 0.957, 0.96, 0.955, 0.954, 0.95, 0.961, 0.951, 0.957, 0.958, 0.948, 0.96, 0.959, 0.951, 0.958, 0.96, 0.957, 0.94, 0.956]
0.955 0.006

Model extraction
3
[0.824, 0.824, 0.802, 0.849, 0.775, 0.794, 0.827, 0.802, 0.869, 0.838, 0.783, 0.829, 0.873, 0.881, 0.792, 0.839, 0.784, 0.821, 0.843, 0.883, 0.834, 0.807, 0.831, 0.865, 0.808, 0.769, 0.844, 0.847, 0.799, 0.805, 0.786, 0.801, 0.863, 0.834, 0.811, 0.818, 0.787, 0.844, 0.816, 0.855, 0.793, 0.861, 0.813, 0.821, 0.8, 0.863, 0.842, 0.817, 0.739, 0.844, 0.784, 0.865, 0.828, 0.783, 0.872, 0.844, 0.868, 0.823, 0.787, 0.803, 0.789, 0.783, 0.848, 0.821, 0.814, 0.785, 0.853, 0.853, 0.847, 0.865, 0.855, 0.842, 0.864, 0.836, 0.829, 0.812, 0.876, 0.813, 0.808, 0.843, 0.77, 0.785, 0.806, 0.842, 0.787, 0.802, 0.867, 0.838, 0.833, 0.79, 0.802, 0.795, 0.87, 0.874, 0.813, 0.837, 0.789, 0.856, 0.847, 0.812]
0.825 0.031
5
[0.861, 0.825, 0.845, 0.852, 0.811, 0.852, 0.82, 0.866, 0.785, 0.823, 0.838, 0.876, 0.805, 0.859, 0.841, 0.854, 0.854, 0.847, 0.817, 0.833, 0.844, 0.853, 0.822, 0.867, 0.848, 0.8, 0.849, 0.835, 0.847, 0.818, 0.847, 0.822, 0.873, 0.803, 0.797, 0.787, 0.866, 0.845, 0.8, 0.784, 0.852, 0.878, 0.853, 0.852, 0.804, 0.806, 0.859, 0.846, 0.804, 0.815, 0.865, 0.858, 0.802, 0.819, 0.776, 0.794, 0.878, 0.871, 0.85, 0.887, 0.9, 0.803, 0.838, 0.783, 0.801, 0.813, 0.777, 0.835, 0.856, 0.857, 0.798, 0.851, 0.867, 0.846, 0.836, 0.841, 0.753, 0.84, 0.85, 0.766, 0.819, 0.859, 0.805, 0.795, 0.853, 0.813, 0.875, 0.841, 0.823, 0.859, 0.847, 0.86, 0.791, 0.801, 0.868, 0.885, 0.831, 0.828, 0.864, 0.854]
0.834 0.03
10
[0.847, 0.881, 0.87, 0.809, 0.834, 0.837, 0.832, 0.86, 0.844, 0.821, 0.878, 0.859, 0.856, 0.865, 0.792, 0.825, 0.87, 0.804, 0.839, 0.836, 0.849, 0.837, 0.828, 0.852, 0.852, 0.877, 0.774, 0.838, 0.868, 0.848, 0.849, 0.878, 0.86, 0.881, 0.867, 0.828, 0.853, 0.841, 0.887, 0.836, 0.857, 0.865, 0.868, 0.868, 0.835, 0.835, 0.863, 0.862, 0.85, 0.814, 0.802, 0.845, 0.87, 0.857, 0.858, 0.883, 0.864, 0.793, 0.841, 0.846, 0.801, 0.842, 0.739, 0.829, 0.836, 0.807, 0.836, 0.838, 0.87, 0.849, 0.825, 0.815, 0.887, 0.857, 0.821, 0.869, 0.833, 0.845, 0.85, 0.813, 0.869, 0.808, 0.866, 0.847, 0.874, 0.839, 0.837, 0.802, 0.805, 0.831, 0.793, 0.837, 0.852, 0.847, 0.844, 0.843, 0.86, 0.822, 0.803, 0.898]
0.843 0.027
20
[0.873, 0.868, 0.85, 0.851, 0.848, 0.874, 0.865, 0.878, 0.869, 0.852, 0.882, 0.878, 0.821, 0.87, 0.852, 0.846, 0.851, 0.875, 0.83, 0.869, 0.846, 0.863, 0.829, 0.88, 0.846, 0.828, 0.885, 0.821, 0.859, 0.867, 0.896, 0.876, 0.86, 0.855, 0.836, 0.847, 0.834, 0.816, 0.847, 0.846, 0.868, 0.83, 0.847, 0.83, 0.876, 0.862, 0.801, 0.863, 0.873, 0.844, 0.86, 0.841, 0.853, 0.85, 0.875, 0.835, 0.842, 0.879, 0.855, 0.848, 0.84, 0.817, 0.835, 0.863, 0.818, 0.844, 0.852, 0.836, 0.883, 0.85, 0.846, 0.83, 0.88, 0.861, 0.855, 0.788, 0.851, 0.842, 0.869, 0.831, 0.813, 0.855, 0.863, 0.825, 0.874, 0.891, 0.899, 0.839, 0.832, 0.872, 0.867, 0.841, 0.833, 0.863, 0.886, 0.801, 0.846, 0.861, 0.855, 0.82]
0.852 0.022
40
[0.907, 0.878, 0.877, 0.871, 0.857, 0.861, 0.873, 0.858, 0.876, 0.857, 0.879, 0.885, 0.872, 0.896, 0.864, 0.865, 0.89, 0.878, 0.867, 0.884, 0.829, 0.88, 0.869, 0.863, 0.857, 0.888, 0.821, 0.844, 0.899, 0.876, 0.849, 0.821, 0.862, 0.902, 0.854, 0.874, 0.868, 0.88, 0.865, 0.896, 0.898, 0.877, 0.856, 0.905, 0.862, 0.891, 0.854, 0.865, 0.886, 0.873, 0.833, 0.869, 0.89, 0.858, 0.869, 0.872, 0.882, 0.871, 0.86, 0.866, 0.865, 0.895, 0.883, 0.911, 0.854, 0.866, 0.877, 0.887, 0.878, 0.868, 0.846, 0.859, 0.882, 0.852, 0.887, 0.869, 0.846, 0.843, 0.894, 0.898, 0.841, 0.852, 0.86, 0.842, 0.84, 0.855, 0.85, 0.855, 0.829, 0.856, 0.882, 0.821, 0.89, 0.87, 0.875, 0.899, 0.839, 0.861, 0.862, 0.856]
0.868 0.02
80
[0.903, 0.887, 0.901, 0.888, 0.87, 0.859, 0.894, 0.878, 0.91, 0.884, 0.893, 0.899, 0.895, 0.894, 0.882, 0.885, 0.907, 0.887, 0.892, 0.901, 0.891, 0.901, 0.887, 0.891, 0.887, 0.898, 0.895, 0.896, 0.864, 0.887, 0.91, 0.884, 0.895, 0.902, 0.896, 0.868, 0.862, 0.889, 0.86, 0.892, 0.893, 0.877, 0.883, 0.886, 0.891, 0.876, 0.887, 0.883, 0.898, 0.907, 0.912, 0.878, 0.921, 0.901, 0.873, 0.914, 0.871, 0.847, 0.893, 0.87, 0.898, 0.884, 0.891, 0.903, 0.891, 0.888, 0.902, 0.876, 0.908, 0.877, 0.891, 0.88, 0.891, 0.902, 0.866, 0.855, 0.902, 0.895, 0.875, 0.89, 0.899, 0.909, 0.897, 0.879, 0.899, 0.88, 0.87, 0.885, 0.917, 0.878, 0.881, 0.906, 0.93, 0.871, 0.873, 0.888, 0.895, 0.91, 0.894, 0.895]
0.889 0.015
160
[0.924, 0.886, 0.904, 0.896, 0.912, 0.911, 0.908, 0.911, 0.915, 0.899, 0.904, 0.881, 0.916, 0.887, 0.89, 0.895, 0.901, 0.925, 0.903, 0.908, 0.902, 0.903, 0.897, 0.931, 0.912, 0.925, 0.901, 0.91, 0.896, 0.911, 0.895, 0.907, 0.902, 0.892, 0.896, 0.909, 0.903, 0.886, 0.908, 0.915, 0.917, 0.906, 0.915, 0.905, 0.924, 0.896, 0.922, 0.91, 0.929, 0.887, 0.907, 0.912, 0.907, 0.925, 0.902, 0.913, 0.92, 0.892, 0.915, 0.913, 0.898, 0.91, 0.896, 0.893, 0.915, 0.885, 0.905, 0.911, 0.894, 0.902, 0.883, 0.908, 0.904, 0.913, 0.919, 0.912, 0.899, 0.91, 0.905, 0.907, 0.877, 0.894, 0.904, 0.9, 0.904, 0.917, 0.911, 0.908, 0.885, 0.908, 0.907, 0.913, 0.92, 0.922, 0.894, 0.912, 0.883, 0.899, 0.903, 0.897]
0.905 0.011
320
[0.917, 0.931, 0.916, 0.932, 0.926, 0.912, 0.928, 0.918, 0.928, 0.924, 0.93, 0.922, 0.915, 0.924, 0.927, 0.906, 0.91, 0.918, 0.927, 0.935, 0.92, 0.932, 0.927, 0.919, 0.924, 0.913, 0.925, 0.926, 0.9, 0.931, 0.917, 0.925, 0.917, 0.929, 0.92, 0.926, 0.924, 0.928, 0.927, 0.913, 0.883, 0.93, 0.912, 0.927, 0.92, 0.911, 0.919, 0.913, 0.893, 0.917, 0.922, 0.923, 0.93, 0.911, 0.907, 0.931, 0.926, 0.925, 0.918, 0.922, 0.924, 0.922, 0.921, 0.912, 0.922, 0.922, 0.911, 0.924, 0.928, 0.925, 0.908, 0.911, 0.922, 0.934, 0.909, 0.924, 0.922, 0.925, 0.925, 0.927, 0.919, 0.919, 0.922, 0.927, 0.93, 0.927, 0.927, 0.907, 0.914, 0.923, 0.909, 0.937, 0.924, 0.925, 0.923, 0.923, 0.932, 0.922, 0.909, 0.926]
0.921 0.009
640
[0.926, 0.925, 0.928, 0.932, 0.938, 0.928, 0.937, 0.932, 0.93, 0.929, 0.929, 0.936, 0.94, 0.928, 0.926, 0.939, 0.933, 0.937, 0.924, 0.935, 0.925, 0.935, 0.931, 0.934, 0.924, 0.933, 0.94, 0.928, 0.937, 0.927, 0.936, 0.922, 0.93, 0.922, 0.932, 0.934, 0.935, 0.922, 0.931, 0.927, 0.925, 0.933, 0.93, 0.942, 0.935, 0.943, 0.931, 0.922, 0.935, 0.934, 0.921, 0.938, 0.937, 0.939, 0.942, 0.934, 0.918, 0.927, 0.932, 0.933, 0.933, 0.928, 0.941, 0.934, 0.936, 0.939, 0.928, 0.94, 0.934, 0.942, 0.935, 0.939, 0.93, 0.93, 0.923, 0.927, 0.943, 0.933, 0.936, 0.937, 0.933, 0.934, 0.93, 0.925, 0.932, 0.93, 0.941, 0.932, 0.94, 0.929, 0.937, 0.925, 0.934, 0.938, 0.925, 0.935, 0.931, 0.929, 0.937, 0.932]
0.932 0.006
1280
[0.934, 0.946, 0.943, 0.946, 0.934, 0.946, 0.943, 0.951, 0.94, 0.939, 0.941, 0.946, 0.943, 0.95, 0.938, 0.928, 0.943, 0.948, 0.94, 0.946, 0.95, 0.944, 0.943, 0.944, 0.932, 0.936, 0.943, 0.951, 0.938, 0.949, 0.932, 0.938, 0.948, 0.938, 0.945, 0.937, 0.935, 0.94, 0.944, 0.937, 0.936, 0.937, 0.944, 0.947, 0.941, 0.943, 0.939, 0.94, 0.943, 0.937, 0.943, 0.943, 0.946, 0.939, 0.944, 0.936, 0.941, 0.943, 0.94, 0.944, 0.941, 0.941, 0.942, 0.948, 0.938, 0.939, 0.946, 0.938, 0.95, 0.94, 0.941, 0.951, 0.943, 0.938, 0.935, 0.937, 0.928, 0.939, 0.943, 0.935, 0.942, 0.93, 0.933, 0.942, 0.935, 0.946, 0.935, 0.94, 0.953, 0.944, 0.937, 0.937, 0.936, 0.938, 0.941, 0.934, 0.947, 0.943, 0.944, 0.94]
0.941 0.005
2615
[0.949, 0.95, 0.946, 0.945, 0.956, 0.946, 0.947, 0.949, 0.951, 0.947, 0.947, 0.949, 0.946, 0.94, 0.955, 0.94, 0.947, 0.953, 0.948, 0.957, 0.943, 0.945, 0.953, 0.944, 0.95, 0.943, 0.953, 0.943, 0.95, 0.946, 0.946, 0.948, 0.947, 0.941, 0.947, 0.946, 0.946, 0.939, 0.954, 0.948, 0.946, 0.946, 0.952, 0.949, 0.961, 0.944, 0.949, 0.946, 0.952, 0.945, 0.954, 0.946, 0.944, 0.944, 0.944, 0.938, 0.948, 0.945, 0.943, 0.945, 0.948, 0.948, 0.951, 0.946, 0.941, 0.94, 0.951, 0.945, 0.945, 0.945, 0.95, 0.954, 0.945, 0.954, 0.942, 0.943, 0.953, 0.948, 0.95, 0.941, 0.945, 0.947, 0.951, 0.946, 0.953, 0.948, 0.956, 0.946, 0.947, 0.948, 0.946, 0.95, 0.956, 0.95, 0.949, 0.955, 0.94, 0.953, 0.953, 0.951]
0.948 0.004

Double CF
3
[0.836, 0.862, 0.741, 0.846, 0.788, 0.683, 0.767, 0.792, 0.866, 0.779, 0.77, 0.811, 0.87, 0.565, 0.764, 0.784, 0.729, 0.826, 0.841, 0.857, 0.707, 0.746, 0.734, 0.772, 0.848, 0.757, 0.81, 0.853, 0.739, 0.774, 0.854, 0.752, 0.758, 0.835, 0.768, 0.84, 0.761, 0.745, 0.792, 0.763, 0.747, 0.779, 0.802, 0.83, 0.787, 0.84, 0.805, 0.877, 0.832, 0.815, 0.69, 0.841, 0.753, 0.798, 0.671, 0.789, 0.793, 0.884, 0.801, 0.808, 0.709, 0.803, 0.753, 0.872, 0.82, 0.75, 0.779, 0.73, 0.759, 0.689, 0.783, 0.815, 0.854, 0.823, 0.865, 0.847, 0.73, 0.74, 0.809, 0.859, 0.742, 0.843, 0.753, 0.782, 0.738, 0.786, 0.813, 0.782, 0.875, 0.856, 0.704, 0.834, 0.861, 0.825, 0.739, 0.832, 0.829, 0.805, 0.867, 0.834]
0.792 0.055
5
[0.875, 0.761, 0.813, 0.866, 0.831, 0.823, 0.785, 0.836, 0.782, 0.814, 0.852, 0.782, 0.81, 0.835, 0.821, 0.773, 0.829, 0.824, 0.858, 0.743, 0.839, 0.8, 0.84, 0.862, 0.707, 0.879, 0.839, 0.772, 0.847, 0.836, 0.804, 0.815, 0.725, 0.746, 0.835, 0.74, 0.797, 0.784, 0.798, 0.793, 0.83, 0.837, 0.891, 0.826, 0.833, 0.802, 0.871, 0.857, 0.833, 0.826, 0.832, 0.799, 0.805, 0.709, 0.822, 0.754, 0.762, 0.798, 0.805, 0.727, 0.888, 0.841, 0.84, 0.722, 0.815, 0.66, 0.859, 0.738, 0.783, 0.826, 0.857, 0.826, 0.828, 0.823, 0.806, 0.857, 0.779, 0.858, 0.822, 0.823, 0.789, 0.824, 0.841, 0.815, 0.82, 0.861, 0.842, 0.749, 0.788, 0.836, 0.805, 0.821, 0.839, 0.757, 0.847, 0.717, 0.814, 0.84, 0.833, 0.855]
0.811 0.043
10
[0.82, 0.868, 0.86, 0.837, 0.8, 0.729, 0.803, 0.84, 0.861, 0.882, 0.839, 0.8, 0.815, 0.693, 0.825, 0.839, 0.878, 0.825, 0.833, 0.829, 0.754, 0.857, 0.822, 0.862, 0.825, 0.795, 0.883, 0.816, 0.813, 0.799, 0.827, 0.774, 0.855, 0.798, 0.852, 0.793, 0.798, 0.849, 0.805, 0.821, 0.855, 0.785, 0.81, 0.817, 0.818, 0.876, 0.868, 0.822, 0.863, 0.867, 0.806, 0.799, 0.838, 0.824, 0.795, 0.818, 0.813, 0.837, 0.86, 0.846, 0.773, 0.842, 0.903, 0.808, 0.802, 0.821, 0.847, 0.837, 0.741, 0.876, 0.841, 0.838, 0.852, 0.842, 0.848, 0.846, 0.8, 0.847, 0.842, 0.826, 0.69, 0.752, 0.79, 0.811, 0.845, 0.786, 0.773, 0.82, 0.815, 0.841, 0.773, 0.822, 0.81, 0.849, 0.847, 0.768, 0.844, 0.826, 0.806, 0.852]
0.822 0.037
20
[0.857, 0.841, 0.854, 0.844, 0.838, 0.828, 0.896, 0.836, 0.848, 0.879, 0.846, 0.842, 0.848, 0.858, 0.861, 0.852, 0.84, 0.857, 0.864, 0.821, 0.832, 0.867, 0.858, 0.844, 0.839, 0.857, 0.856, 0.842, 0.854, 0.869, 0.862, 0.837, 0.841, 0.862, 0.862, 0.852, 0.846, 0.862, 0.828, 0.849, 0.864, 0.867, 0.838, 0.872, 0.85, 0.891, 0.881, 0.863, 0.856, 0.853, 0.86, 0.848, 0.838, 0.821, 0.816, 0.869, 0.873, 0.846, 0.872, 0.846, 0.85, 0.87, 0.848, 0.845, 0.865, 0.867, 0.855, 0.842, 0.866, 0.867, 0.867, 0.861, 0.858, 0.84, 0.857, 0.863, 0.846, 0.852, 0.856, 0.881, 0.812, 0.859, 0.858, 0.842, 0.834, 0.849, 0.847, 0.836, 0.8, 0.837, 0.841, 0.854, 0.849, 0.873, 0.865, 0.858, 0.833, 0.874, 0.845, 0.85]
0.852 0.016
40
[0.833, 0.84, 0.891, 0.876, 0.875, 0.88, 0.833, 0.847, 0.86, 0.823, 0.87, 0.876, 0.843, 0.87, 0.857, 0.874, 0.87, 0.878, 0.867, 0.881, 0.87, 0.849, 0.822, 0.835, 0.85, 0.873, 0.838, 0.847, 0.849, 0.867, 0.865, 0.861, 0.855, 0.864, 0.84, 0.863, 0.864, 0.851, 0.842, 0.854, 0.854, 0.872, 0.856, 0.846, 0.867, 0.847, 0.847, 0.836, 0.872, 0.886, 0.846, 0.841, 0.849, 0.864, 0.855, 0.856, 0.861, 0.875, 0.849, 0.854, 0.86, 0.861, 0.863, 0.848, 0.857, 0.85, 0.848, 0.841, 0.847, 0.82, 0.833, 0.85, 0.856, 0.843, 0.874, 0.859, 0.856, 0.886, 0.874, 0.847, 0.857, 0.862, 0.848, 0.829, 0.833, 0.859, 0.871, 0.852, 0.814, 0.863, 0.894, 0.862, 0.885, 0.867, 0.867, 0.848, 0.843, 0.844, 0.839, 0.873]
0.856 0.016
80
[0.859, 0.875, 0.863, 0.873, 0.842, 0.867, 0.867, 0.886, 0.853, 0.862, 0.867, 0.852, 0.878, 0.86, 0.864, 0.876, 0.87, 0.855, 0.865, 0.845, 0.863, 0.873, 0.859, 0.855, 0.876, 0.862, 0.881, 0.852, 0.863, 0.867, 0.88, 0.864, 0.864, 0.873, 0.866, 0.863, 0.867, 0.852, 0.837, 0.869, 0.862, 0.87, 0.867, 0.866, 0.852, 0.863, 0.844, 0.863, 0.861, 0.859, 0.866, 0.865, 0.855, 0.816, 0.876, 0.869, 0.865, 0.844, 0.873, 0.857, 0.865, 0.89, 0.877, 0.869, 0.858, 0.857, 0.853, 0.88, 0.88, 0.857, 0.881, 0.848, 0.879, 0.857, 0.852, 0.872, 0.881, 0.876, 0.865, 0.866, 0.877, 0.863, 0.881, 0.866, 0.864, 0.866, 0.857, 0.862, 0.867, 0.875, 0.849, 0.884, 0.862, 0.878, 0.859, 0.871, 0.87, 0.855, 0.854, 0.844]
0.864 0.012
160




