prediction interface
3
[0.616, 0.87, 0.616, 0.598, 0.66, 0.784, 0.869, 0.661, 0.694, 0.732, 0.67, 0.748, 0.654, 0.384, 0.576, 0.726, 0.622, 0.384, 0.791, 0.637, 0.616, 0.702, 0.744, 0.618, 0.508, 0.759, 0.682, 0.384, 0.824, 0.79, 0.688, 0.637, 0.616, 0.71, 0.76, 0.616, 0.648, 0.688, 0.685, 0.646, 0.748, 0.616, 0.648, 0.616, 0.384, 0.749, 0.384, 0.616, 0.581, 0.659, 0.859, 0.616, 0.501, 0.616, 0.616, 0.617, 0.828, 0.44, 0.616, 0.384, 0.576, 0.655, 0.703, 0.782, 0.628, 0.603, 0.79, 0.605, 0.759, 0.73, 0.824, 0.702, 0.656, 0.651, 0.803, 0.71, 0.702, 0.711, 0.738, 0.67, 0.661, 0.616, 0.616, 0.82, 0.816, 0.633, 0.655, 0.722, 0.616, 0.641, 0.649, 0.638, 0.616, 0.616, 0.616, 0.534, 0.616, 0.733, 0.788, 0.694]
0.66 0.106
5
[0.616, 0.664, 0.591, 0.595, 0.748, 0.842, 0.763, 0.756, 0.678, 0.616, 0.783, 0.782, 0.725, 0.707, 0.734, 0.719, 0.779, 0.719, 0.803, 0.718, 0.677, 0.683, 0.748, 0.671, 0.697, 0.749, 0.585, 0.872, 0.516, 0.775, 0.792, 0.849, 0.707, 0.616, 0.56, 0.874, 0.747, 0.785, 0.577, 0.616, 0.794, 0.849, 0.785, 0.765, 0.677, 0.728, 0.801, 0.899, 0.616, 0.616, 0.642, 0.76, 0.818, 0.649, 0.732, 0.705, 0.832, 0.785, 0.617, 0.834, 0.796, 0.834, 0.761, 0.701, 0.823, 0.786, 0.672, 0.708, 0.682, 0.649, 0.667, 0.774, 0.837, 0.616, 0.676, 0.81, 0.616, 0.832, 0.564, 0.807, 0.567, 0.65, 0.823, 0.616, 0.804, 0.881, 0.616, 0.738, 0.716, 0.629, 0.756, 0.715, 0.758, 0.697, 0.771, 0.795, 0.592, 0.616, 0.616, 0.76]
0.721 0.087
10
[0.853, 0.704, 0.802, 0.709, 0.754, 0.8, 0.814, 0.678, 0.819, 0.67, 0.714, 0.73, 0.699, 0.821, 0.817, 0.745, 0.886, 0.844, 0.812, 0.855, 0.796, 0.829, 0.769, 0.791, 0.707, 0.746, 0.818, 0.85, 0.807, 0.726, 0.782, 0.772, 0.842, 0.824, 0.879, 0.748, 0.815, 0.78, 0.859, 0.819, 0.783, 0.831, 0.772, 0.849, 0.809, 0.81, 0.783, 0.795, 0.791, 0.758, 0.757, 0.765, 0.791, 0.875, 0.808, 0.792, 0.7, 0.788, 0.87, 0.693, 0.834, 0.841, 0.846, 0.845, 0.787, 0.761, 0.644, 0.781, 0.766, 0.833, 0.823, 0.85, 0.753, 0.789, 0.896, 0.782, 0.864, 0.754, 0.821, 0.832, 0.837, 0.813, 0.853, 0.828, 0.783, 0.785, 0.725, 0.8, 0.799, 0.652, 0.761, 0.855, 0.864, 0.855, 0.779, 0.853, 0.858, 0.816, 0.84, 0.803]
0.796 0.053
20
[0.869, 0.863, 0.868, 0.861, 0.879, 0.846, 0.871, 0.8, 0.813, 0.898, 0.88, 0.78, 0.878, 0.855, 0.81, 0.859, 0.805, 0.821, 0.85, 0.867, 0.9, 0.781, 0.855, 0.881, 0.875, 0.876, 0.807, 0.795, 0.837, 0.833, 0.845, 0.898, 0.869, 0.822, 0.866, 0.871, 0.86, 0.849, 0.807, 0.765, 0.895, 0.866, 0.907, 0.884, 0.862, 0.85, 0.843, 0.821, 0.886, 0.877, 0.858, 0.828, 0.889, 0.819, 0.886, 0.826, 0.865, 0.847, 0.84, 0.69, 0.844, 0.862, 0.761, 0.869, 0.896, 0.866, 0.896, 0.814, 0.875, 0.867, 0.861, 0.859, 0.872, 0.888, 0.846, 0.777, 0.862, 0.891, 0.869, 0.806, 0.837, 0.887, 0.863, 0.853, 0.733, 0.83, 0.852, 0.843, 0.871, 0.872, 0.885, 0.876, 0.87, 0.858, 0.881, 0.782, 0.855, 0.84, 0.872, 0.839]
0.85 0.038
40
[0.886, 0.858, 0.858, 0.908, 0.907, 0.89, 0.89, 0.896, 0.889, 0.87, 0.892, 0.907, 0.904, 0.889, 0.902, 0.906, 0.883, 0.876, 0.885, 0.859, 0.914, 0.896, 0.887, 0.9, 0.869, 0.881, 0.913, 0.903, 0.891, 0.893, 0.888, 0.901, 0.893, 0.862, 0.9, 0.851, 0.878, 0.886, 0.895, 0.873, 0.883, 0.887, 0.852, 0.915, 0.909, 0.874, 0.886, 0.879, 0.871, 0.889, 0.892, 0.895, 0.894, 0.912, 0.853, 0.86, 0.846, 0.854, 0.855, 0.874, 0.88, 0.877, 0.876, 0.877, 0.865, 0.909, 0.888, 0.893, 0.879, 0.892, 0.911, 0.865, 0.907, 0.917, 0.915, 0.883, 0.875, 0.883, 0.873, 0.88, 0.92, 0.911, 0.901, 0.886, 0.862, 0.886, 0.911, 0.909, 0.844, 0.884, 0.858, 0.876, 0.849, 0.886, 0.867, 0.853, 0.892, 0.848, 0.893, 0.884]
0.885 0.019
80
[0.909, 0.927, 0.901, 0.916, 0.906, 0.922, 0.93, 0.928, 0.899, 0.926, 0.928, 0.936, 0.908, 0.902, 0.907, 0.903, 0.911, 0.884, 0.923, 0.907, 0.928, 0.893, 0.913, 0.928, 0.917, 0.928, 0.928, 0.907, 0.882, 0.909, 0.93, 0.886, 0.906, 0.914, 0.878, 0.932, 0.922, 0.892, 0.917, 0.918, 0.92, 0.926, 0.898, 0.919, 0.927, 0.917, 0.904, 0.914, 0.912, 0.924, 0.921, 0.919, 0.917, 0.915, 0.897, 0.901, 0.901, 0.901, 0.915, 0.931, 0.912, 0.917, 0.937, 0.917, 0.933, 0.907, 0.915, 0.907, 0.917, 0.927, 0.915, 0.906, 0.893, 0.927, 0.92, 0.918, 0.88, 0.893, 0.914, 0.905, 0.933, 0.894, 0.892, 0.924, 0.914, 0.898, 0.906, 0.916, 0.911, 0.918, 0.941, 0.913, 0.93, 0.935, 0.935, 0.914, 0.913, 0.896, 0.88, 0.93]
0.913 0.014
160
[0.924, 0.919, 0.938, 0.939, 0.936, 0.929, 0.947, 0.924, 0.932, 0.94, 0.927, 0.939, 0.915, 0.929, 0.922, 0.941, 0.941, 0.94, 0.946, 0.907, 0.92, 0.924, 0.928, 0.927, 0.915, 0.937, 0.933, 0.929, 0.919, 0.942, 0.946, 0.933, 0.934, 0.939, 0.94, 0.93, 0.926, 0.933, 0.927, 0.918, 0.929, 0.933, 0.928, 0.924, 0.925, 0.933, 0.928, 0.943, 0.927, 0.936, 0.929, 0.935, 0.951, 0.942, 0.936, 0.917, 0.936, 0.932, 0.936, 0.935, 0.938, 0.937, 0.928, 0.944, 0.926, 0.932, 0.948, 0.93, 0.911, 0.935, 0.946, 0.94, 0.933, 0.942, 0.947, 0.945, 0.942, 0.929, 0.938, 0.946, 0.931, 0.94, 0.925, 0.915, 0.928, 0.937, 0.946, 0.921, 0.937, 0.904, 0.921, 0.94, 0.933, 0.93, 0.924, 0.942, 0.925, 0.931, 0.938, 0.942]
0.932 0.009
320
[0.949, 0.945, 0.952, 0.948, 0.942, 0.949, 0.946, 0.955, 0.951, 0.944, 0.944, 0.953, 0.945, 0.951, 0.96, 0.953, 0.95, 0.948, 0.937, 0.94, 0.951, 0.952, 0.941, 0.94, 0.948, 0.941, 0.947, 0.939, 0.954, 0.955, 0.941, 0.95, 0.946, 0.956, 0.947, 0.952, 0.948, 0.943, 0.945, 0.94, 0.95, 0.954, 0.935, 0.951, 0.938, 0.935, 0.959, 0.95, 0.947, 0.955, 0.946, 0.94, 0.947, 0.948, 0.947, 0.958, 0.95, 0.953, 0.95, 0.956, 0.953, 0.943, 0.95, 0.943, 0.944, 0.95, 0.955, 0.943, 0.948, 0.945, 0.957, 0.944, 0.949, 0.949, 0.945, 0.947, 0.941, 0.95, 0.949, 0.943, 0.954, 0.946, 0.944, 0.953, 0.944, 0.955, 0.945, 0.958, 0.955, 0.943, 0.951, 0.955, 0.943, 0.959, 0.954, 0.958, 0.955, 0.946, 0.947, 0.95]
0.948 0.006
640
[0.961, 0.958, 0.967, 0.961, 0.958, 0.954, 0.96, 0.961, 0.958, 0.956, 0.958, 0.956, 0.958, 0.959, 0.964, 0.959, 0.958, 0.958, 0.963, 0.953, 0.957, 0.958, 0.963, 0.954, 0.961, 0.953, 0.954, 0.964, 0.96, 0.964, 0.959, 0.964, 0.967, 0.959, 0.966, 0.958, 0.959, 0.959, 0.958, 0.959, 0.952, 0.954, 0.962, 0.956, 0.961, 0.95, 0.955, 0.957, 0.961, 0.957, 0.963, 0.952, 0.965, 0.958, 0.968, 0.958, 0.951, 0.955, 0.962, 0.959, 0.96, 0.957, 0.965, 0.961, 0.96, 0.961, 0.961, 0.954, 0.959, 0.943, 0.955, 0.956, 0.966, 0.964, 0.958, 0.961, 0.958, 0.958, 0.958, 0.959, 0.963, 0.967, 0.96, 0.964, 0.958, 0.963, 0.961, 0.955, 0.956, 0.958, 0.954, 0.956, 0.961, 0.952, 0.964, 0.963, 0.961, 0.956, 0.964, 0.963]
0.959 0.004
1280
[0.964, 0.961, 0.967, 0.969, 0.966, 0.966, 0.967, 0.966, 0.967, 0.964, 0.968, 0.971, 0.964, 0.96, 0.96, 0.967, 0.967, 0.971, 0.967, 0.962, 0.968, 0.964, 0.971, 0.964, 0.966, 0.965, 0.967, 0.968, 0.968, 0.972, 0.97, 0.964, 0.961, 0.963, 0.966, 0.965, 0.965, 0.964, 0.968, 0.968, 0.962, 0.966, 0.967, 0.963, 0.963, 0.97, 0.959, 0.962, 0.971, 0.96, 0.965, 0.965, 0.967, 0.964, 0.969, 0.966, 0.967, 0.966, 0.966, 0.966, 0.961, 0.964, 0.967, 0.964, 0.969, 0.971, 0.967, 0.969, 0.969, 0.964, 0.971, 0.967, 0.967, 0.967, 0.963, 0.961, 0.966, 0.967, 0.967, 0.961, 0.963, 0.963, 0.963, 0.963, 0.97, 0.967, 0.964, 0.967, 0.968, 0.964, 0.962, 0.967, 0.962, 0.966, 0.962, 0.966, 0.969, 0.969, 0.967, 0.96]
0.966 0.003
2615
[0.97, 0.972, 0.972, 0.969, 0.971, 0.969, 0.969, 0.966, 0.966, 0.968, 0.968, 0.969, 0.972, 0.972, 0.971, 0.973, 0.965, 0.97, 0.971, 0.969, 0.97, 0.971, 0.968, 0.973, 0.971, 0.971, 0.966, 0.969, 0.975, 0.971, 0.972, 0.968, 0.967, 0.971, 0.967, 0.971, 0.97, 0.972, 0.968, 0.974, 0.972, 0.974, 0.972, 0.966, 0.972, 0.969, 0.967, 0.972, 0.968, 0.968, 0.972, 0.969, 0.972, 0.971, 0.971, 0.972, 0.97, 0.968, 0.966, 0.968, 0.973, 0.969, 0.971, 0.971, 0.969, 0.971, 0.972, 0.974, 0.972, 0.971, 0.965, 0.971, 0.969, 0.971, 0.971, 0.967, 0.97, 0.971, 0.968, 0.967, 0.969, 0.97, 0.97, 0.975, 0.966, 0.97, 0.97, 0.97, 0.967, 0.972, 0.965, 0.968, 0.972, 0.969, 0.968, 0.973, 0.966, 0.971, 0.97, 0.97]
0.97 0.002


model extraction
3
[0.815, 0.8, 0.813, 0.819, 0.743, 0.686, 0.763, 0.846, 0.847, 0.872, 0.881, 0.765, 0.884, 0.844, 0.84, 0.699, 0.845, 0.772, 0.792, 0.848, 0.833, 0.828, 0.798, 0.855, 0.881, 0.841, 0.844, 0.833, 0.844, 0.807, 0.86, 0.813, 0.819, 0.864, 0.761, 0.842, 0.88, 0.824, 0.829, 0.834, 0.851, 0.892, 0.79, 0.808, 0.817, 0.866, 0.847, 0.872, 0.903, 0.809, 0.856, 0.85, 0.762, 0.833, 0.863, 0.88, 0.7, 0.776, 0.829, 0.822, 0.864, 0.899, 0.828, 0.878, 0.85, 0.779, 0.839, 0.867, 0.88, 0.891, 0.616, 0.88, 0.753, 0.794, 0.808, 0.831, 0.858, 0.846, 0.8, 0.867, 0.805, 0.854, 0.888, 0.84, 0.875, 0.852, 0.726, 0.848, 0.744, 0.797, 0.849, 0.821, 0.8, 0.833, 0.722, 0.849, 0.823, 0.843, 0.809, 0.801]
0.825 0.05
5
[0.844, 0.848, 0.861, 0.872, 0.855, 0.87, 0.9, 0.881, 0.899, 0.81, 0.818, 0.842, 0.85, 0.806, 0.879, 0.788, 0.866, 0.829, 0.843, 0.877, 0.799, 0.848, 0.843, 0.847, 0.848, 0.906, 0.857, 0.839, 0.803, 0.851, 0.811, 0.802, 0.88, 0.855, 0.747, 0.876, 0.861, 0.812, 0.826, 0.864, 0.847, 0.852, 0.826, 0.876, 0.833, 0.854, 0.867, 0.912, 0.816, 0.85, 0.868, 0.811, 0.864, 0.787, 0.795, 0.801, 0.864, 0.863, 0.854, 0.868, 0.86, 0.823, 0.88, 0.829, 0.868, 0.841, 0.813, 0.852, 0.847, 0.848, 0.87, 0.893, 0.87, 0.769, 0.771, 0.884, 0.856, 0.885, 0.797, 0.844, 0.812, 0.886, 0.851, 0.779, 0.76, 0.884, 0.831, 0.837, 0.844, 0.872, 0.841, 0.827, 0.897, 0.865, 0.882, 0.846, 0.875, 0.848, 0.862, 0.859]
0.846 0.033
10
[0.875, 0.823, 0.859, 0.879, 0.771, 0.848, 0.862, 0.817, 0.826, 0.847, 0.854, 0.889, 0.83, 0.867, 0.856, 0.818, 0.84, 0.848, 0.858, 0.865, 0.856, 0.885, 0.837, 0.875, 0.82, 0.873, 0.829, 0.884, 0.883, 0.879, 0.888, 0.878, 0.88, 0.881, 0.872, 0.849, 0.872, 0.883, 0.858, 0.833, 0.873, 0.888, 0.88, 0.884, 0.903, 0.857, 0.859, 0.844, 0.819, 0.854, 0.871, 0.851, 0.86, 0.863, 0.842, 0.871, 0.867, 0.873, 0.868, 0.836, 0.889, 0.813, 0.884, 0.863, 0.799, 0.771, 0.891, 0.821, 0.873, 0.886, 0.873, 0.817, 0.866, 0.868, 0.886, 0.867, 0.87, 0.872, 0.844, 0.866, 0.828, 0.821, 0.834, 0.817, 0.821, 0.763, 0.795, 0.858, 0.871, 0.814, 0.855, 0.844, 0.862, 0.864, 0.851, 0.858, 0.884, 0.856, 0.863, 0.863]
0.855 0.028
20
[0.869, 0.885, 0.827, 0.833, 0.876, 0.839, 0.87, 0.874, 0.871, 0.897, 0.854, 0.906, 0.908, 0.826, 0.875, 0.847, 0.889, 0.848, 0.835, 0.861, 0.881, 0.862, 0.797, 0.883, 0.875, 0.868, 0.834, 0.887, 0.866, 0.844, 0.827, 0.88, 0.903, 0.851, 0.878, 0.864, 0.892, 0.83, 0.858, 0.859, 0.872, 0.855, 0.865, 0.847, 0.831, 0.879, 0.875, 0.865, 0.804, 0.874, 0.893, 0.888, 0.876, 0.892, 0.893, 0.854, 0.876, 0.862, 0.893, 0.872, 0.894, 0.833, 0.838, 0.854, 0.896, 0.863, 0.889, 0.896, 0.844, 0.866, 0.885, 0.866, 0.885, 0.868, 0.861, 0.863, 0.897, 0.872, 0.888, 0.885, 0.906, 0.86, 0.879, 0.847, 0.889, 0.795, 0.896, 0.87, 0.875, 0.869, 0.879, 0.91, 0.824, 0.876, 0.888, 0.887, 0.89, 0.885, 0.867, 0.883]
0.868 0.024
40
[0.869, 0.874, 0.862, 0.899, 0.895, 0.878, 0.872, 0.871, 0.88, 0.888, 0.895, 0.864, 0.885, 0.856, 0.874, 0.871, 0.899, 0.865, 0.859, 0.886, 0.896, 0.87, 0.844, 0.844, 0.879, 0.898, 0.902, 0.919, 0.853, 0.855, 0.898, 0.89, 0.871, 0.881, 0.875, 0.867, 0.908, 0.892, 0.883, 0.845, 0.883, 0.862, 0.88, 0.889, 0.893, 0.85, 0.875, 0.885, 0.905, 0.876, 0.9, 0.864, 0.881, 0.892, 0.877, 0.903, 0.896, 0.879, 0.904, 0.908, 0.885, 0.883, 0.844, 0.885, 0.883, 0.844, 0.855, 0.888, 0.867, 0.883, 0.878, 0.873, 0.883, 0.867, 0.884, 0.906, 0.867, 0.898, 0.868, 0.886, 0.849, 0.902, 0.878, 0.889, 0.896, 0.88, 0.888, 0.885, 0.915, 0.909, 0.873, 0.894, 0.904, 0.867, 0.87, 0.854, 0.891, 0.894, 0.899, 0.875]
0.881 0.017
80
[0.915, 0.899, 0.905, 0.901, 0.909, 0.902, 0.9, 0.88, 0.906, 0.902, 0.917, 0.903, 0.901, 0.888, 0.895, 0.897, 0.911, 0.914, 0.906, 0.902, 0.9, 0.917, 0.911, 0.897, 0.904, 0.889, 0.893, 0.898, 0.902, 0.904, 0.911, 0.892, 0.926, 0.892, 0.874, 0.889, 0.891, 0.881, 0.902, 0.902, 0.907, 0.885, 0.896, 0.912, 0.907, 0.91, 0.914, 0.887, 0.884, 0.905, 0.898, 0.902, 0.851, 0.917, 0.914, 0.914, 0.894, 0.885, 0.902, 0.905, 0.903, 0.901, 0.902, 0.874, 0.886, 0.881, 0.914, 0.91, 0.907, 0.894, 0.914, 0.904, 0.919, 0.897, 0.893, 0.91, 0.9, 0.887, 0.91, 0.908, 0.906, 0.912, 0.898, 0.891, 0.879, 0.901, 0.909, 0.903, 0.915, 0.878, 0.893, 0.904, 0.902, 0.889, 0.907, 0.922, 0.902, 0.906, 0.883, 0.918]
0.9 0.012
160
[0.915, 0.927, 0.912, 0.929, 0.93, 0.912, 0.909, 0.899, 0.924, 0.908, 0.925, 0.924, 0.901, 0.925, 0.934, 0.919, 0.913, 0.923, 0.918, 0.917, 0.91, 0.912, 0.905, 0.927, 0.911, 0.925, 0.924, 0.92, 0.925, 0.903, 0.916, 0.914, 0.919, 0.885, 0.91, 0.921, 0.908, 0.92, 0.931, 0.911, 0.914, 0.922, 0.924, 0.917, 0.904, 0.915, 0.905, 0.926, 0.927, 0.925, 0.911, 0.929, 0.908, 0.905, 0.912, 0.922, 0.916, 0.91, 0.924, 0.919, 0.918, 0.915, 0.915, 0.915, 0.911, 0.916, 0.916, 0.883, 0.899, 0.918, 0.927, 0.917, 0.931, 0.922, 0.914, 0.909, 0.907, 0.927, 0.913, 0.93, 0.899, 0.903, 0.928, 0.909, 0.923, 0.923, 0.931, 0.93, 0.927, 0.905, 0.924, 0.92, 0.928, 0.911, 0.903, 0.915, 0.918, 0.907, 0.927, 0.923]
0.917 0.01
320
[0.923, 0.933, 0.93, 0.923, 0.928, 0.916, 0.935, 0.918, 0.928, 0.931, 0.927, 0.922, 0.931, 0.922, 0.94, 0.92, 0.941, 0.928, 0.932, 0.932, 0.921, 0.921, 0.932, 0.937, 0.926, 0.936, 0.914, 0.933, 0.933, 0.934, 0.94, 0.92, 0.929, 0.94, 0.932, 0.925, 0.924, 0.928, 0.924, 0.928, 0.922, 0.939, 0.94, 0.932, 0.926, 0.928, 0.924, 0.933, 0.925, 0.933, 0.917, 0.936, 0.93, 0.935, 0.919, 0.93, 0.931, 0.924, 0.928, 0.923, 0.92, 0.924, 0.928, 0.923, 0.936, 0.93, 0.917, 0.931, 0.916, 0.933, 0.934, 0.922, 0.92, 0.925, 0.929, 0.929, 0.924, 0.925, 0.924, 0.921, 0.924, 0.92, 0.928, 0.945, 0.932, 0.933, 0.933, 0.918, 0.931, 0.936, 0.924, 0.92, 0.925, 0.925, 0.927, 0.926, 0.927, 0.924, 0.919, 0.93]
0.928 0.006
640
[0.942, 0.935, 0.943, 0.938, 0.941, 0.928, 0.938, 0.934, 0.941, 0.94, 0.937, 0.945, 0.937, 0.937, 0.938, 0.938, 0.934, 0.939, 0.94, 0.938, 0.945, 0.934, 0.935, 0.941, 0.94, 0.945, 0.95, 0.941, 0.941, 0.945, 0.943, 0.924, 0.94, 0.94, 0.94, 0.936, 0.942, 0.935, 0.949, 0.939, 0.949, 0.939, 0.941, 0.936, 0.939, 0.95, 0.937, 0.938, 0.94, 0.937, 0.947, 0.938, 0.938, 0.943, 0.941, 0.939, 0.937, 0.948, 0.942, 0.94, 0.947, 0.932, 0.946, 0.94, 0.941, 0.943, 0.934, 0.943, 0.954, 0.94, 0.939, 0.938, 0.937, 0.944, 0.938, 0.941, 0.938, 0.932, 0.941, 0.94, 0.941, 0.933, 0.948, 0.943, 0.942, 0.938, 0.928, 0.935, 0.946, 0.929, 0.944, 0.926, 0.934, 0.938, 0.941, 0.938, 0.943, 0.938, 0.942, 0.946]
0.94 0.005
1280
[0.948, 0.945, 0.941, 0.948, 0.954, 0.957, 0.942, 0.952, 0.944, 0.952, 0.944, 0.951, 0.948, 0.951, 0.949, 0.95, 0.943, 0.946, 0.937, 0.95, 0.947, 0.954, 0.949, 0.945, 0.953, 0.95, 0.951, 0.951, 0.953, 0.946, 0.951, 0.95, 0.941, 0.948, 0.95, 0.949, 0.95, 0.952, 0.952, 0.946, 0.943, 0.946, 0.948, 0.946, 0.949, 0.948, 0.95, 0.95, 0.95, 0.943, 0.946, 0.942, 0.95, 0.945, 0.952, 0.954, 0.956, 0.949, 0.95, 0.948, 0.947, 0.948, 0.949, 0.944, 0.951, 0.947, 0.95, 0.953, 0.943, 0.946, 0.949, 0.952, 0.945, 0.949, 0.948, 0.938, 0.946, 0.943, 0.946, 0.952, 0.947, 0.95, 0.942, 0.948, 0.945, 0.958, 0.954, 0.945, 0.952, 0.948, 0.95, 0.948, 0.95, 0.953, 0.948, 0.956, 0.948, 0.948, 0.951, 0.949]
0.948 0.004
2615
[0.951, 0.958, 0.956, 0.954, 0.956, 0.954, 0.955, 0.958, 0.958, 0.959, 0.955, 0.957, 0.955, 0.953, 0.956, 0.958, 0.958, 0.954, 0.956, 0.959, 0.957, 0.955, 0.957, 0.956, 0.955, 0.954, 0.956, 0.959, 0.955, 0.955, 0.951, 0.955, 0.959, 0.954, 0.955, 0.957, 0.953, 0.955, 0.952, 0.958, 0.959, 0.96, 0.955, 0.959, 0.958, 0.956, 0.953, 0.956, 0.959, 0.954, 0.953, 0.953, 0.953, 0.952, 0.959, 0.954, 0.958, 0.958, 0.955, 0.956, 0.957, 0.96, 0.956, 0.953, 0.956, 0.957, 0.956, 0.954, 0.957, 0.958, 0.96, 0.951, 0.955, 0.952, 0.958, 0.954, 0.96, 0.96, 0.953, 0.958, 0.956, 0.954, 0.956, 0.958, 0.954, 0.963, 0.954, 0.959, 0.954, 0.957, 0.954, 0.957, 0.956, 0.957, 0.956, 0.956, 0.953, 0.959, 0.955, 0.958]
0.956 0.002

double CF
3
[0.866, 0.87, 0.797, 0.844, 0.847, 0.858, 0.862, 0.901, 0.839, 0.865, 0.819, 0.828, 0.875, 0.885, 0.866, 0.859, 0.85, 0.835, 0.819, 0.854, 0.801, 0.823, 0.89, 0.869, 0.863, 0.845, 0.816, 0.874, 0.89, 0.853, 0.85, 0.885, 0.861, 0.838, 0.792, 0.813, 0.903, 0.831, 0.86, 0.798, 0.85, 0.855, 0.767, 0.831, 0.889, 0.803, 0.883, 0.878, 0.803, 0.881, 0.769, 0.855, 0.878, 0.885, 0.821, 0.847, 0.846, 0.867, 0.863, 0.827, 0.858, 0.865, 0.841, 0.852, 0.887, 0.829, 0.88, 0.908, 0.863, 0.817, 0.856, 0.813, 0.892, 0.862, 0.887, 0.881, 0.829, 0.832, 0.868, 0.856, 0.867, 0.869, 0.865, 0.856, 0.853, 0.885, 0.881, 0.88, 0.842, 0.826, 0.822, 0.857, 0.89, 0.861, 0.783, 0.867, 0.83, 0.906, 0.898, 0.88]
0.853 0.03
5
[0.879, 0.832, 0.765, 0.891, 0.859, 0.838, 0.785, 0.839, 0.871, 0.84, 0.88, 0.882, 0.884, 0.873, 0.823, 0.842, 0.825, 0.808, 0.854, 0.859, 0.853, 0.894, 0.83, 0.861, 0.918, 0.857, 0.876, 0.892, 0.803, 0.851, 0.841, 0.842, 0.849, 0.888, 0.818, 0.881, 0.894, 0.782, 0.848, 0.853, 0.857, 0.888, 0.842, 0.88, 0.844, 0.836, 0.85, 0.836, 0.892, 0.902, 0.841, 0.871, 0.904, 0.812, 0.859, 0.886, 0.824, 0.805, 0.879, 0.834, 0.87, 0.868, 0.828, 0.859, 0.885, 0.859, 0.842, 0.87, 0.876, 0.863, 0.886, 0.868, 0.857, 0.855, 0.824, 0.8, 0.842, 0.865, 0.834, 0.828, 0.877, 0.864, 0.849, 0.851, 0.786, 0.883, 0.819, 0.861, 0.862, 0.841, 0.808, 0.865, 0.818, 0.84, 0.857, 0.885, 0.851, 0.777, 0.83, 0.826]
0.851 0.03
10
[0.851, 0.875, 0.847, 0.842, 0.852, 0.819, 0.888, 0.895, 0.854, 0.823, 0.871, 0.823, 0.847, 0.893, 0.852, 0.857, 0.821, 0.858, 0.89, 0.848, 0.857, 0.858, 0.869, 0.799, 0.848, 0.841, 0.839, 0.857, 0.868, 0.805, 0.887, 0.857, 0.855, 0.863, 0.891, 0.856, 0.846, 0.845, 0.862, 0.907, 0.875, 0.836, 0.854, 0.869, 0.885, 0.868, 0.833, 0.84, 0.846, 0.842, 0.833, 0.885, 0.87, 0.833, 0.868, 0.855, 0.85, 0.817, 0.847, 0.84, 0.873, 0.88, 0.836, 0.84, 0.846, 0.866, 0.82, 0.85, 0.836, 0.83, 0.894, 0.82, 0.878, 0.849, 0.862, 0.894, 0.872, 0.859, 0.833, 0.881, 0.852, 0.856, 0.891, 0.838, 0.86, 0.851, 0.816, 0.848, 0.89, 0.817, 0.848, 0.805, 0.843, 0.816, 0.9, 0.862, 0.817, 0.865, 0.841, 0.843]
0.853 0.023
20
[0.838, 0.867, 0.873, 0.862, 0.874, 0.813, 0.869, 0.84, 0.868, 0.868, 0.859, 0.836, 0.833, 0.86, 0.866, 0.863, 0.865, 0.865, 0.856, 0.867, 0.859, 0.87, 0.868, 0.862, 0.853, 0.87, 0.859, 0.873, 0.869, 0.864, 0.85, 0.85, 0.831, 0.846, 0.845, 0.877, 0.858, 0.878, 0.85, 0.859, 0.874, 0.857, 0.829, 0.852, 0.852, 0.852, 0.852, 0.867, 0.843, 0.837, 0.801, 0.832, 0.853, 0.839, 0.834, 0.815, 0.862, 0.873, 0.845, 0.877, 0.876, 0.851, 0.836, 0.828, 0.874, 0.846, 0.835, 0.861, 0.859, 0.852, 0.828, 0.893, 0.857, 0.876, 0.863, 0.879, 0.861, 0.881, 0.859, 0.839, 0.86, 0.849, 0.87, 0.87, 0.859, 0.849, 0.841, 0.847, 0.851, 0.824, 0.855, 0.852, 0.883, 0.872, 0.823, 0.869, 0.849, 0.883, 0.861, 0.88]
0.856 0.017
40
[0.858, 0.879, 0.863, 0.862, 0.873, 0.849, 0.871, 0.868, 0.844, 0.861, 0.874, 0.868, 0.844, 0.856, 0.821, 0.885, 0.853, 0.849, 0.88, 0.844, 0.865, 0.881, 0.877, 0.872, 0.824, 0.849, 0.856, 0.871, 0.877, 0.858, 0.886, 0.874, 0.853, 0.863, 0.843, 0.847, 0.881, 0.854, 0.881, 0.867, 0.868, 0.858, 0.851, 0.878, 0.865, 0.874, 0.87, 0.863, 0.881, 0.865, 0.878, 0.84, 0.825, 0.86, 0.879, 0.869, 0.86, 0.862, 0.873, 0.872, 0.849, 0.856, 0.865, 0.854, 0.865, 0.852, 0.875, 0.864, 0.86, 0.865, 0.874, 0.858, 0.855, 0.841, 0.852, 0.872, 0.866, 0.873, 0.869, 0.87, 0.869, 0.875, 0.863, 0.87, 0.867, 0.876, 0.846, 0.877, 0.861, 0.862, 0.86, 0.848, 0.863, 0.86, 0.88, 0.851, 0.841, 0.845, 0.863, 0.869]
0.863 0.013
80
[0.86, 0.874, 0.864, 0.86, 0.865, 0.871, 0.868, 0.873, 0.866, 0.878, 0.851, 0.87, 0.843, 0.857, 0.869, 0.864, 0.869, 0.854, 0.874, 0.855, 0.852, 0.875, 0.858, 0.873, 0.854, 0.883, 0.87, 0.867, 0.872, 0.879, 0.868, 0.878, 0.866, 0.869, 0.864, 0.859, 0.86, 0.874, 0.87, 0.863, 0.872, 0.88, 0.864, 0.868, 0.865, 0.856, 0.867, 0.861, 0.881, 0.87, 0.876, 0.86, 0.875, 0.863, 0.86, 0.851, 0.866, 0.87, 0.863, 0.87, 0.877, 0.866, 0.867, 0.857, 0.864, 0.875, 0.856, 0.865, 0.859, 0.862, 0.871, 0.884, 0.882, 0.873, 0.877, 0.868, 0.851, 0.863, 0.873, 0.865, 0.868, 0.878, 0.865, 0.858, 0.86, 0.861, 0.864, 0.877, 0.862, 0.863, 0.887, 0.855, 0.864, 0.853, 0.871, 0.862, 0.876, 0.875, 0.867, 0.86]
0.867 0.008
160
[0.877, 0.872, 0.872, 0.876, 0.87, 0.87, 0.878, 0.87, 0.862, 0.87, 0.877, 0.871, 0.876, 0.866, 0.869, 0.871, 0.852, 0.869, 0.87, 0.871, 0.865, 0.866, 0.869, 0.876, 0.865, 0.878, 0.877, 0.875, 0.866, 0.88, 0.875, 0.87, 0.87, 0.869, 0.888, 0.87, 0.878, 0.872, 0.856, 0.875, 0.867, 0.869, 0.877, 0.88, 0.863, 0.875, 0.871, 0.878, 0.864, 0.869, 0.867, 0.872, 0.875, 0.87, 0.88, 0.872, 0.864, 0.875, 0.873, 0.864, 0.86, 0.871, 0.876, 0.865, 0.878, 0.868, 0.874, 0.876, 0.877, 0.866, 0.869, 0.865, 0.868, 0.875, 0.871, 0.867, 0.869, 0.862, 0.878, 0.885, 0.869, 0.879, 0.87, 0.877, 0.876, 0.865, 0.873, 0.877, 0.867, 0.883, 0.874, 0.875, 0.87, 0.868, 0.872, 0.871, 0.865, 0.87, 0.871, 0.86]
0.871 0.006

