prediction interface 
3
[0.5, 0.5, 0.82, 0.81, 0.5, 0.57, 0.79, 0.69, 0.77, 0.75, 0.67, 0.68, 0.6, 0.79, 0.5, 0.79, 0.81, 0.59, 0.51, 0.74, 0.65, 0.75, 0.51, 0.5, 0.5, 0.5, 0.64, 0.81, 0.66, 0.82, 0.53, 0.5, 0.89, 0.5, 0.73, 0.61, 0.5, 0.65, 0.79, 0.63, 0.5, 0.7, 0.5, 0.75, 0.5, 0.5, 0.53, 0.65, 0.73, 0.5, 0.62, 0.5, 0.78, 0.76, 0.79, 0.55, 0.5, 0.5, 0.65, 0.72, 0.62, 0.73, 0.51, 0.5, 0.7, 0.76, 0.5, 0.5, 0.76, 0.77, 0.81, 0.5, 0.5, 0.81, 0.5, 0.69, 0.72, 0.77, 0.65, 0.57, 0.79, 0.5, 0.69, 0.8, 0.68, 0.5, 0.76, 0.84, 0.58, 0.5, 0.5, 0.74, 0.51, 0.79, 0.75, 0.77, 0.5, 0.57, 0.7, 0.76]
0.644 0.121
5
[0.61, 0.64, 0.55, 0.77, 0.77, 0.73, 0.69, 0.8, 0.6, 0.78, 0.71, 0.5, 0.84, 0.72, 0.64, 0.78, 0.66, 0.62, 0.74, 0.72, 0.8, 0.59, 0.77, 0.63, 0.81, 0.7, 0.7, 0.5, 0.64, 0.49, 0.72, 0.8, 0.81, 0.67, 0.83, 0.82, 0.75, 0.77, 0.82, 0.6, 0.64, 0.78, 0.75, 0.79, 0.79, 0.72, 0.71, 0.71, 0.5, 0.88, 0.66, 0.69, 0.75, 0.73, 0.67, 0.79, 0.85, 0.83, 0.8, 0.63, 0.7, 0.66, 0.66, 0.77, 0.88, 0.74, 0.86, 0.56, 0.69, 0.82, 0.72, 0.78, 0.89, 0.82, 0.74, 0.77, 0.81, 0.76, 0.59, 0.82, 0.63, 0.73, 0.76, 0.75, 0.83, 0.63, 0.7, 0.77, 0.71, 0.67, 0.76, 0.78, 0.65, 0.69, 0.84, 0.72, 0.5, 0.66, 0.87, 0.74]
0.722 0.092
10
[0.8, 0.83, 0.8, 0.84, 0.69, 0.81, 0.78, 0.77, 0.79, 0.78, 0.71, 0.85, 0.83, 0.77, 0.78, 0.82, 0.85, 0.87, 0.81, 0.8, 0.82, 0.73, 0.69, 0.78, 0.78, 0.84, 0.74, 0.79, 0.79, 0.72, 0.78, 0.82, 0.83, 0.82, 0.85, 0.78, 0.89, 0.8, 0.77, 0.8, 0.79, 0.79, 0.86, 0.72, 0.69, 0.87, 0.77, 0.84, 0.71, 0.81, 0.77, 0.75, 0.8, 0.83, 0.69, 0.82, 0.75, 0.84, 0.74, 0.81, 0.77, 0.77, 0.82, 0.84, 0.83, 0.86, 0.83, 0.76, 0.78, 0.78, 0.83, 0.78, 0.78, 0.86, 0.83, 0.73, 0.8, 0.85, 0.8, 0.76, 0.8, 0.78, 0.5, 0.85, 0.79, 0.85, 0.87, 0.79, 0.74, 0.72, 0.68, 0.84, 0.77, 0.86, 0.79, 0.87, 0.78, 0.83, 0.83, 0.78]
0.792 0.055
20
[0.87, 0.84, 0.8, 0.88, 0.8, 0.86, 0.86, 0.79, 0.9, 0.87, 0.88, 0.88, 0.88, 0.9, 0.9, 0.85, 0.84, 0.89, 0.76, 0.85, 0.84, 0.85, 0.86, 0.86, 0.88, 0.86, 0.9, 0.88, 0.91, 0.88, 0.8, 0.89, 0.87, 0.83, 0.88, 0.87, 0.84, 0.89, 0.86, 0.89, 0.85, 0.87, 0.91, 0.88, 0.86, 0.9, 0.86, 0.86, 0.86, 0.85, 0.84, 0.78, 0.87, 0.85, 0.85, 0.87, 0.9, 0.85, 0.88, 0.85, 0.85, 0.88, 0.88, 0.9, 0.83, 0.86, 0.83, 0.88, 0.82, 0.85, 0.88, 0.86, 0.9, 0.85, 0.85, 0.86, 0.83, 0.89, 0.85, 0.89, 0.87, 0.87, 0.84, 0.89, 0.89, 0.79, 0.86, 0.89, 0.84, 0.78, 0.89, 0.85, 0.89, 0.89, 0.8, 0.87, 0.82, 0.85, 0.86, 0.85]
0.86 0.031
40
[0.92, 0.88, 0.93, 0.91, 0.88, 0.85, 0.9, 0.92, 0.92, 0.89, 0.91, 0.9, 0.9, 0.9, 0.83, 0.89, 0.89, 0.89, 0.87, 0.87, 0.9, 0.91, 0.92, 0.87, 0.88, 0.88, 0.91, 0.9, 0.9, 0.92, 0.87, 0.92, 0.91, 0.89, 0.88, 0.86, 0.91, 0.89, 0.9, 0.9, 0.88, 0.91, 0.91, 0.86, 0.88, 0.92, 0.85, 0.89, 0.87, 0.89, 0.93, 0.89, 0.91, 0.87, 0.89, 0.92, 0.9, 0.89, 0.89, 0.9, 0.9, 0.91, 0.89, 0.94, 0.9, 0.87, 0.87, 0.89, 0.92, 0.85, 0.9, 0.88, 0.86, 0.93, 0.91, 0.89, 0.92, 0.84, 0.89, 0.9, 0.88, 0.87, 0.91, 0.87, 0.9, 0.9, 0.92, 0.87, 0.9, 0.91, 0.87, 0.89, 0.88, 0.88, 0.87, 0.9, 0.9, 0.91, 0.9, 0.79]
0.892 0.023
80
[0.93, 0.93, 0.9, 0.92, 0.93, 0.92, 0.92, 0.95, 0.93, 0.94, 0.89, 0.92, 0.96, 0.93, 0.9, 0.93, 0.92, 0.9, 0.91, 0.91, 0.92, 0.92, 0.93, 0.93, 0.94, 0.91, 0.92, 0.9, 0.92, 0.93, 0.93, 0.9, 0.94, 0.93, 0.94, 0.9, 0.93, 0.93, 0.94, 0.92, 0.93, 0.93, 0.92, 0.94, 0.94, 0.91, 0.93, 0.93, 0.92, 0.91, 0.93, 0.92, 0.92, 0.91, 0.93, 0.92, 0.92, 0.91, 0.92, 0.9, 0.93, 0.92, 0.92, 0.91, 0.89, 0.91, 0.93, 0.91, 0.94, 0.94, 0.93, 0.92, 0.94, 0.92, 0.9, 0.92, 0.93, 0.93, 0.92, 0.91, 0.95, 0.92, 0.92, 0.94, 0.91, 0.92, 0.93, 0.92, 0.95, 0.94, 0.93, 0.92, 0.92, 0.93, 0.93, 0.95, 0.92, 0.94, 0.9, 0.94]
0.924 0.014
160
[0.95, 0.94, 0.94, 0.95, 0.93, 0.95, 0.97, 0.95, 0.94, 0.95, 0.95, 0.97, 0.96, 0.95, 0.93, 0.95, 0.93, 0.94, 0.94, 0.94, 0.94, 0.94, 0.94, 0.95, 0.95, 0.93, 0.95, 0.96, 0.94, 0.95, 0.95, 0.95, 0.94, 0.93, 0.93, 0.96, 0.95, 0.94, 0.94, 0.94, 0.94, 0.94, 0.96, 0.95, 0.94, 0.95, 0.95, 0.95, 0.95, 0.94, 0.94, 0.95, 0.95, 0.94, 0.96, 0.94, 0.94, 0.94, 0.93, 0.96, 0.95, 0.93, 0.94, 0.95, 0.95, 0.95, 0.93, 0.94, 0.93, 0.95, 0.94, 0.95, 0.94, 0.95, 0.96, 0.95, 0.97, 0.96, 0.95, 0.93, 0.95, 0.94, 0.92, 0.95, 0.95, 0.96, 0.95, 0.94, 0.95, 0.96, 0.95, 0.95, 0.95, 0.94, 0.94, 0.96, 0.95, 0.93, 0.94, 0.94]
0.946 0.01
320
[0.95, 0.97, 0.96, 0.96, 0.96, 0.96, 0.96, 0.96, 0.97, 0.96, 0.95, 0.96, 0.96, 0.97, 0.97, 0.96, 0.96, 0.96, 0.96, 0.97, 0.96, 0.96, 0.96, 0.96, 0.95, 0.96, 0.96, 0.95, 0.96, 0.97, 0.96, 0.97, 0.97, 0.97, 0.96, 0.97, 0.96, 0.97, 0.96, 0.96, 0.98, 0.95, 0.96, 0.96, 0.97, 0.96, 0.97, 0.96, 0.95, 0.97, 0.96, 0.96, 0.96, 0.97, 0.98, 0.97, 0.97, 0.96, 0.96, 0.95, 0.96, 0.96, 0.96, 0.95, 0.95, 0.96, 0.96, 0.96, 0.96, 0.96, 0.96, 0.96, 0.97, 0.97, 0.97, 0.97, 0.95, 0.95, 0.96, 0.96, 0.96, 0.97, 0.96, 0.96, 0.96, 0.97, 0.96, 0.97, 0.97, 0.95, 0.97, 0.96, 0.96, 0.96, 0.97, 0.96, 0.96, 0.97, 0.97, 0.96]
0.962 0.007
640
[0.97, 0.97, 0.97, 0.97, 0.97, 0.98, 0.97, 0.98, 0.97, 0.98, 0.97, 0.97, 0.97, 0.97, 0.98, 0.97, 0.97, 0.97, 0.98, 0.98, 0.97, 0.98, 0.97, 0.97, 0.97, 0.98, 0.98, 0.98, 0.98, 0.98, 0.97, 0.98, 0.98, 0.98, 0.98, 0.97, 0.97, 0.98, 0.98, 0.98, 0.98, 0.97, 0.98, 0.97, 0.98, 0.97, 0.96, 0.98, 0.98, 0.98, 0.97, 0.98, 0.97, 0.97, 0.98, 0.98, 0.97, 0.97, 0.97, 0.97, 0.97, 0.97, 0.97, 0.98, 0.97, 0.97, 0.98, 0.97, 0.97, 0.97, 0.98, 0.97, 0.97, 0.97, 0.97, 0.97, 0.98, 0.97, 0.97, 0.98, 0.97, 0.97, 0.97, 0.97, 0.98, 0.97, 0.97, 0.98, 0.98, 0.97, 0.97, 0.98, 0.98, 0.98, 0.97, 0.97, 0.98, 0.97, 0.97, 0.97]
0.974 0.005

prediction interface + coreset
3
[0.5, 0.5, 0.72, 0.5, 0.73, 0.58, 0.49, 0.5, 0.5, 0.68, 0.61, 0.72, 0.68, 0.47, 0.77, 0.53, 0.45, 0.5, 0.77, 0.5, 0.5, 0.69, 0.5, 0.49, 0.61, 0.5, 0.63, 0.7, 0.5, 0.5, 0.49, 0.46, 0.49, 0.62, 0.7, 0.6, 0.65, 0.5, 0.64, 0.75, 0.52, 0.65, 0.5, 0.78, 0.5, 0.67, 0.55, 0.63, 0.64, 0.65, 0.5, 0.49, 0.5, 0.48, 0.49, 0.49, 0.5, 0.5, 0.49, 0.65, 0.49, 0.67, 0.6, 0.65, 0.71, 0.56, 0.5, 0.72, 0.66, 0.65, 0.61, 0.5, 0.48, 0.49, 0.63, 0.68, 0.5, 0.67, 0.49, 0.49, 0.64, 0.5, 0.5, 0.6, 0.69, 0.5, 0.5, 0.5, 0.5, 0.5, 0.69, 0.71, 0.5, 0.5, 0.67, 0.64, 0.5, 0.5, 0.49, 0.5]
0.573 0.091
5
[0.68, 0.47, 0.5, 0.5, 0.69, 0.56, 0.53, 0.7, 0.5, 0.78, 0.68, 0.5, 0.67, 0.49, 0.49, 0.72, 0.63, 0.5, 0.62, 0.5, 0.5, 0.5, 0.7, 0.5, 0.64, 0.71, 0.63, 0.66, 0.68, 0.5, 0.69, 0.5, 0.66, 0.5, 0.69, 0.5, 0.59, 0.5, 0.49, 0.65, 0.58, 0.63, 0.54, 0.63, 0.72, 0.7, 0.58, 0.5, 0.63, 0.67, 0.66, 0.7, 0.74, 0.7, 0.76, 0.67, 0.5, 0.5, 0.49, 0.67, 0.65, 0.55, 0.73, 0.49, 0.67, 0.51, 0.67, 0.7, 0.49, 0.61, 0.5, 0.73, 0.5, 0.5, 0.66, 0.58, 0.5, 0.5, 0.75, 0.73, 0.7, 0.63, 0.66, 0.7, 0.5, 0.71, 0.49, 0.64, 0.68, 0.5, 0.68, 0.66, 0.67, 0.5, 0.5, 0.63, 0.49, 0.49, 0.68, 0.5]
0.601 0.091
10
[0.64, 0.84, 0.8, 0.69, 0.5, 0.65, 0.56, 0.78, 0.87, 0.5, 0.74, 0.79, 0.7, 0.7, 0.66, 0.76, 0.79, 0.5, 0.84, 0.82, 0.5, 0.7, 0.72, 0.71, 0.71, 0.61, 0.68, 0.78, 0.73, 0.72, 0.79, 0.5, 0.8, 0.71, 0.51, 0.8, 0.72, 0.5, 0.66, 0.7, 0.87, 0.87, 0.78, 0.67, 0.85, 0.74, 0.68, 0.8, 0.68, 0.61, 0.76, 0.5, 0.79, 0.81, 0.72, 0.77, 0.5, 0.61, 0.71, 0.5, 0.74, 0.71, 0.82, 0.64, 0.76, 0.82, 0.88, 0.68, 0.65, 0.56, 0.86, 0.6, 0.5, 0.51, 0.61, 0.74, 0.8, 0.87, 0.75, 0.66, 0.73, 0.62, 0.5, 0.77, 0.65, 0.7, 0.5, 0.79, 0.72, 0.73, 0.5, 0.83, 0.86, 0.81, 0.5, 0.76, 0.79, 0.65, 0.72, 0.76]
0.7 0.112
20
[0.81, 0.84, 0.87, 0.83, 0.84, 0.86, 0.76, 0.88, 0.85, 0.86, 0.88, 0.82, 0.82, 0.89, 0.83, 0.84, 0.89, 0.83, 0.78, 0.87, 0.78, 0.8, 0.85, 0.74, 0.78, 0.84, 0.83, 0.86, 0.79, 0.92, 0.79, 0.86, 0.77, 0.82, 0.87, 0.78, 0.76, 0.78, 0.91, 0.86, 0.89, 0.86, 0.85, 0.81, 0.89, 0.54, 0.8, 0.81, 0.9, 0.79, 0.83, 0.89, 0.87, 0.83, 0.81, 0.78, 0.89, 0.86, 0.75, 0.9, 0.86, 0.9, 0.82, 0.8, 0.89, 0.81, 0.86, 0.82, 0.86, 0.89, 0.9, 0.83, 0.85, 0.89, 0.82, 0.84, 0.9, 0.83, 0.93, 0.86, 0.93, 0.88, 0.89, 0.77, 0.85, 0.83, 0.73, 0.89, 0.87, 0.86, 0.81, 0.89, 0.74, 0.84, 0.85, 0.8, 0.81, 0.82, 0.89, 0.87]
0.838 0.054
40
[0.89, 0.92, 0.92, 0.9, 0.81, 0.9, 0.92, 0.87, 0.9, 0.89, 0.92, 0.82, 0.91, 0.91, 0.89, 0.81, 0.88, 0.9, 0.91, 0.84, 0.91, 0.88, 0.9, 0.89, 0.87, 0.92, 0.86, 0.9, 0.92, 0.9, 0.85, 0.83, 0.84, 0.86, 0.91, 0.81, 0.9, 0.92, 0.9, 0.93, 0.9, 0.86, 0.91, 0.9, 0.86, 0.88, 0.74, 0.84, 0.92, 0.89, 0.91, 0.91, 0.88, 0.85, 0.8, 0.94, 0.88, 0.85, 0.9, 0.87, 0.86, 0.91, 0.92, 0.82, 0.84, 0.93, 0.89, 0.86, 0.93, 0.84, 0.86, 0.89, 0.84, 0.91, 0.81, 0.89, 0.82, 0.84, 0.87, 0.82, 0.91, 0.89, 0.91, 0.82, 0.88, 0.89, 0.92, 0.92, 0.92, 0.86, 0.83, 0.82, 0.89, 0.9, 0.9, 0.92, 0.89, 0.91, 0.93, 0.9]
0.881 0.038
80
[0.9, 0.94, 0.94, 0.93, 0.94, 0.92, 0.92, 0.93, 0.92, 0.89, 0.92, 0.92, 0.91, 0.92, 0.9, 0.86, 0.88, 0.89, 0.93, 0.92, 0.89, 0.91, 0.92, 0.92, 0.9, 0.9, 0.93, 0.92, 0.91, 0.87, 0.91, 0.91, 0.9, 0.91, 0.86, 0.9, 0.9, 0.91, 0.94, 0.92, 0.93, 0.91, 0.91, 0.88, 0.93, 0.91, 0.93, 0.91, 0.91, 0.92, 0.94, 0.91, 0.92, 0.91, 0.92, 0.86, 0.94, 0.94, 0.9, 0.93, 0.92, 0.91, 0.92, 0.86, 0.88, 0.93, 0.85, 0.91, 0.92, 0.91, 0.95, 0.89, 0.9, 0.89, 0.93, 0.88, 0.94, 0.83, 0.87, 0.89, 0.93, 0.93, 0.89, 0.92, 0.95, 0.9, 0.94, 0.9, 0.93, 0.89, 0.91, 0.92, 0.94, 0.86, 0.88, 0.95, 0.84, 0.92, 0.89, 0.93]
0.909 0.025
160
[0.95, 0.94, 0.94, 0.95, 0.94, 0.9, 0.94, 0.95, 0.95, 0.94, 0.92, 0.91, 0.95, 0.96, 0.95, 0.92, 0.92, 0.93, 0.94, 0.94, 0.94, 0.88, 0.95, 0.92, 0.94, 0.93, 0.89, 0.94, 0.95, 0.94, 0.95, 0.94, 0.96, 0.9, 0.94, 0.91, 0.91, 0.92, 0.93, 0.97, 0.96, 0.94, 0.91, 0.95, 0.93, 0.96, 0.94, 0.96, 0.93, 0.95, 0.96, 0.94, 0.96, 0.95, 0.92, 0.89, 0.96, 0.96, 0.92, 0.95, 0.93, 0.95, 0.92, 0.96, 0.94, 0.96, 0.97, 0.96, 0.94, 0.89, 0.96, 0.92, 0.94, 0.96, 0.9, 0.89, 0.95, 0.94, 0.95, 0.89, 0.93, 0.93, 0.91, 0.93, 0.93, 0.94, 0.94, 0.97, 0.96, 0.91, 0.94, 0.88, 0.92, 0.94, 0.94, 0.94, 0.94, 0.93, 0.92, 0.93]
0.935 0.021
320
[0.97, 0.97, 0.97, 0.96, 0.96, 0.97, 0.93, 0.96, 0.94, 0.97, 0.96, 0.96, 0.97, 0.97, 0.96, 0.97, 0.94, 0.96, 0.95, 0.96, 0.97, 0.98, 0.97, 0.97, 0.96, 0.97, 0.95, 0.93, 0.93, 0.96, 0.96, 0.96, 0.96, 0.96, 0.94, 0.95, 0.96, 0.98, 0.95, 0.96, 0.96, 0.97, 0.96, 0.94, 0.97, 0.96, 0.96, 0.96, 0.97, 0.96, 0.96, 0.95, 0.97, 0.97, 0.97, 0.97, 0.96, 0.96, 0.96, 0.97, 0.92, 0.97, 0.94, 0.97, 0.95, 0.97, 0.94, 0.97, 0.97, 0.95, 0.93, 0.96, 0.95, 0.95, 0.97, 0.93, 0.96, 0.96, 0.96, 0.92, 0.96, 0.97, 0.96, 0.94, 0.97, 0.97, 0.96, 0.95, 0.95, 0.95, 0.95, 0.97, 0.93, 0.96, 0.97, 0.94, 0.97, 0.97, 0.97, 0.96]
0.958 0.013
640
[0.97, 0.97, 0.98, 0.98, 0.97, 0.97, 0.97, 0.97, 0.97, 0.98, 0.98, 0.96, 0.97, 0.98, 0.98, 0.97, 0.98, 0.97, 0.96, 0.97, 0.97, 0.97, 0.97, 0.97, 0.97, 0.97, 0.97, 0.95, 0.97, 0.96, 0.97, 0.98, 0.98, 0.98, 0.97, 0.97, 0.97, 0.98, 0.97, 0.96, 0.97, 0.98, 0.97, 0.97, 0.95, 0.97, 0.97, 0.98, 0.97, 0.97, 0.98, 0.98, 0.98, 0.98, 0.97, 0.94, 0.97, 0.98, 0.96, 0.97, 0.97, 0.98, 0.98, 0.97, 0.97, 0.97, 0.98, 0.97, 0.97, 0.97, 0.98, 0.97, 0.97, 0.98, 0.98, 0.98, 0.97, 0.97, 0.97, 0.98, 0.96, 0.97, 0.98, 0.97, 0.97, 0.96, 0.98, 0.96, 0.96, 0.98, 0.98, 0.96, 0.97, 0.98, 0.98, 0.97, 0.98, 0.97, 0.97, 0.97]
0.972 0.008

model extraction
3
[0.86, 0.79, 0.83, 0.89, 0.88, 0.86, 0.88, 0.78, 0.85, 0.85, 0.83, 0.88, 0.8, 0.79, 0.84, 0.78, 0.84, 0.86, 0.87, 0.82, 0.88, 0.91, 0.88, 0.81, 0.87, 0.84, 0.86, 0.86, 0.86, 0.84, 0.85, 0.89, 0.85, 0.81, 0.83, 0.92, 0.87, 0.88, 0.86, 0.82, 0.89, 0.79, 0.85, 0.88, 0.89, 0.85, 0.87, 0.85, 0.85, 0.79, 0.87, 0.81, 0.83, 0.85, 0.87, 0.84, 0.83, 0.85, 0.89, 0.9, 0.81, 0.87, 0.8, 0.8, 0.86, 0.81, 0.85, 0.84, 0.91, 0.84, 0.85, 0.91, 0.91, 0.89, 0.77, 0.88, 0.85, 0.84, 0.87, 0.85, 0.89, 0.86, 0.86, 0.83, 0.84, 0.88, 0.86, 0.8, 0.81, 0.84, 0.87, 0.85, 0.89, 0.9, 0.9, 0.85, 0.87, 0.87, 0.85, 0.8]
0.852 0.033
5
[0.79, 0.85, 0.9, 0.88, 0.85, 0.88, 0.81, 0.81, 0.87, 0.87, 0.88, 0.87, 0.9, 0.89, 0.87, 0.87, 0.89, 0.9, 0.92, 0.89, 0.86, 0.91, 0.87, 0.92, 0.84, 0.87, 0.84, 0.89, 0.92, 0.85, 0.88, 0.9, 0.87, 0.83, 0.87, 0.81, 0.8, 0.84, 0.88, 0.91, 0.88, 0.88, 0.89, 0.87, 0.87, 0.88, 0.83, 0.88, 0.81, 0.85, 0.84, 0.86, 0.88, 0.82, 0.88, 0.83, 0.84, 0.92, 0.88, 0.88, 0.88, 0.8, 0.91, 0.82, 0.88, 0.89, 0.87, 0.88, 0.86, 0.83, 0.89, 0.89, 0.86, 0.86, 0.9, 0.86, 0.84, 0.92, 0.87, 0.86, 0.92, 0.85, 0.85, 0.78, 0.82, 0.87, 0.87, 0.89, 0.82, 0.88, 0.84, 0.79, 0.92, 0.8, 0.85, 0.89, 0.87, 0.85, 0.88, 0.86]
0.865 0.033
10
[0.88, 0.94, 0.91, 0.83, 0.89, 0.88, 0.9, 0.9, 0.9, 0.91, 0.89, 0.86, 0.84, 0.88, 0.87, 0.89, 0.9, 0.84, 0.88, 0.86, 0.91, 0.91, 0.87, 0.89, 0.88, 0.89, 0.89, 0.89, 0.87, 0.92, 0.87, 0.9, 0.91, 0.81, 0.92, 0.89, 0.89, 0.93, 0.82, 0.86, 0.91, 0.9, 0.95, 0.91, 0.86, 0.89, 0.89, 0.86, 0.92, 0.94, 0.88, 0.86, 0.88, 0.91, 0.89, 0.88, 0.9, 0.87, 0.93, 0.84, 0.92, 0.87, 0.9, 0.89, 0.9, 0.88, 0.9, 0.9, 0.88, 0.88, 0.9, 0.9, 0.91, 0.89, 0.82, 0.89, 0.93, 0.92, 0.87, 0.88, 0.86, 0.83, 0.86, 0.9, 0.88, 0.89, 0.89, 0.89, 0.88, 0.89, 0.92, 0.93, 0.89, 0.9, 0.92, 0.9, 0.86, 0.9, 0.89, 0.93]
0.889 0.027
20
[0.87, 0.92, 0.93, 0.9, 0.94, 0.9, 0.93, 0.93, 0.94, 0.94, 0.94, 0.92, 0.91, 0.93, 0.93, 0.94, 0.87, 0.93, 0.91, 0.9, 0.94, 0.93, 0.92, 0.93, 0.94, 0.93, 0.92, 0.89, 0.91, 0.9, 0.93, 0.88, 0.9, 0.89, 0.91, 0.9, 0.92, 0.93, 0.95, 0.93, 0.92, 0.93, 0.92, 0.92, 0.92, 0.91, 0.91, 0.93, 0.88, 0.9, 0.94, 0.93, 0.93, 0.93, 0.91, 0.93, 0.91, 0.94, 0.93, 0.92, 0.93, 0.89, 0.9, 0.95, 0.92, 0.91, 0.9, 0.9, 0.92, 0.95, 0.93, 0.9, 0.9, 0.94, 0.96, 0.92, 0.94, 0.95, 0.92, 0.91, 0.9, 0.92, 0.93, 0.94, 0.92, 0.92, 0.91, 0.93, 0.94, 0.93, 0.93, 0.93, 0.92, 0.93, 0.9, 0.95, 0.93, 0.93, 0.94, 0.93]
0.921 0.018
40
[0.95, 0.96, 0.95, 0.94, 0.95, 0.96, 0.93, 0.94, 0.94, 0.94, 0.94, 0.94, 0.94, 0.93, 0.93, 0.94, 0.96, 0.93, 0.95, 0.94, 0.95, 0.95, 0.94, 0.93, 0.95, 0.95, 0.93, 0.95, 0.94, 0.95, 0.93, 0.95, 0.95, 0.97, 0.94, 0.92, 0.93, 0.94, 0.93, 0.95, 0.95, 0.94, 0.96, 0.94, 0.95, 0.95, 0.93, 0.95, 0.94, 0.94, 0.95, 0.93, 0.95, 0.96, 0.96, 0.95, 0.93, 0.95, 0.94, 0.93, 0.94, 0.95, 0.96, 0.95, 0.94, 0.95, 0.94, 0.95, 0.95, 0.95, 0.95, 0.94, 0.95, 0.93, 0.96, 0.94, 0.95, 0.94, 0.94, 0.94, 0.96, 0.93, 0.96, 0.95, 0.95, 0.96, 0.96, 0.94, 0.93, 0.95, 0.94, 0.93, 0.94, 0.94, 0.95, 0.95, 0.94, 0.94, 0.93, 0.95]
0.944 0.01
80
[0.96, 0.96, 0.97, 0.95, 0.95, 0.97, 0.96, 0.96, 0.97, 0.95, 0.95, 0.96, 0.96, 0.96, 0.96, 0.96, 0.96, 0.97, 0.95, 0.96, 0.96, 0.96, 0.96, 0.96, 0.95, 0.95, 0.95, 0.95, 0.96, 0.96, 0.96, 0.96, 0.97, 0.96, 0.97, 0.95, 0.97, 0.96, 0.97, 0.96, 0.95, 0.96, 0.96, 0.95, 0.98, 0.96, 0.96, 0.96, 0.95, 0.95, 0.96, 0.95, 0.97, 0.97, 0.96, 0.96, 0.96, 0.97, 0.96, 0.97, 0.96, 0.97, 0.96, 0.96, 0.95, 0.97, 0.97, 0.97, 0.95, 0.96, 0.96, 0.95, 0.96, 0.95, 0.96, 0.95, 0.94, 0.96, 0.96, 0.96, 0.93, 0.96, 0.94, 0.96, 0.96, 0.96, 0.95, 0.96, 0.96, 0.94, 0.95, 0.95, 0.96, 0.96, 0.97, 0.96, 0.96, 0.96, 0.96, 0.95]
0.959 0.008
160
[0.97, 0.97, 0.96, 0.97, 0.97, 0.97, 0.97, 0.96, 0.97, 0.96, 0.97, 0.97, 0.97, 0.95, 0.96, 0.96, 0.96, 0.96, 0.97, 0.97, 0.96, 0.97, 0.97, 0.97, 0.97, 0.97, 0.98, 0.97, 0.97, 0.97, 0.96, 0.97, 0.97, 0.97, 0.95, 0.96, 0.96, 0.97, 0.98, 0.96, 0.96, 0.97, 0.97, 0.97, 0.96, 0.97, 0.98, 0.98, 0.96, 0.97, 0.97, 0.97, 0.97, 0.96, 0.97, 0.97, 0.97, 0.97, 0.98, 0.97, 0.97, 0.97, 0.97, 0.97, 0.97, 0.96, 0.96, 0.96, 0.97, 0.96, 0.98, 0.96, 0.97, 0.97, 0.98, 0.96, 0.97, 0.97, 0.96, 0.97, 0.97, 0.96, 0.97, 0.97, 0.97, 0.97, 0.97, 0.96, 0.95, 0.97, 0.97, 0.97, 0.97, 0.97, 0.97, 0.98, 0.97, 0.96, 0.96, 0.96]
0.967 0.006
320
[0.97, 0.97, 0.98, 0.97, 0.98, 0.97, 0.97, 0.97, 0.98, 0.97, 0.98, 0.98, 0.98, 0.97, 0.97, 0.97, 0.98, 0.97, 0.97, 0.97, 0.97, 0.98, 0.98, 0.98, 0.98, 0.97, 0.97, 0.97, 0.98, 0.97, 0.96, 0.97, 0.98, 0.97, 0.97, 0.96, 0.97, 0.97, 0.97, 0.98, 0.97, 0.98, 0.97, 0.97, 0.98, 0.97, 0.97, 0.98, 0.98, 0.97, 0.97, 0.97, 0.97, 0.98, 0.97, 0.97, 0.97, 0.97, 0.97, 0.97, 0.97, 0.96, 0.97, 0.97, 0.97, 0.97, 0.98, 0.98, 0.98, 0.98, 0.97, 0.98, 0.98, 0.97, 0.98, 0.98, 0.97, 0.97, 0.98, 0.97, 0.98, 0.98, 0.97, 0.97, 0.97, 0.97, 0.98, 0.98, 0.98, 0.97, 0.97, 0.97, 0.98, 0.98, 0.97, 0.97, 0.97, 0.97, 0.98, 0.97]
0.973 0.005
640
[0.98, 0.98, 0.98, 0.98, 0.98, 0.98, 0.98, 0.98, 0.98, 0.98, 0.98, 0.98, 0.98, 0.98, 0.97, 0.98, 0.98, 0.98, 0.98, 0.98, 0.98, 0.98, 0.98, 0.97, 0.97, 0.98, 0.98, 0.98, 0.98, 0.98, 0.98, 0.98, 0.98, 0.98, 0.98, 0.98, 0.98, 0.98, 0.98, 0.98, 0.98, 0.98, 0.98, 0.98, 0.98, 0.98, 0.98, 0.98, 0.98, 0.98, 0.97, 0.98, 0.98, 0.97, 0.98, 0.98, 0.98, 0.98, 0.98, 0.98, 0.98, 0.98, 0.98, 0.98, 0.98, 0.98, 0.98, 0.98, 0.98, 0.98, 0.98, 0.98, 0.98, 0.98, 0.98, 0.98, 0.98, 0.98, 0.98, 0.97, 0.98, 0.98, 0.97, 0.98, 0.98, 0.98, 0.98, 0.98, 0.98, 0.98, 0.98, 0.98, 0.98, 0.98, 0.98, 0.98, 0.98, 0.98, 0.98, 0.98]
0.979 0.003

double CF
3
[0.921, 0.869, 0.915, 0.876, 0.898, 0.887, 0.884, 0.898, 0.916, 0.905, 0.876, 0.905, 0.927, 0.905, 0.895, 0.874, 0.902, 0.883, 0.928, 0.854, 0.898, 0.897, 0.906, 0.899, 0.871, 0.882, 0.878, 0.898, 0.896, 0.92, 0.931, 0.885, 0.895, 0.863, 0.91, 0.83, 0.865, 0.902, 0.9, 0.889, 0.895, 0.888, 0.874, 0.856, 0.907, 0.916, 0.902, 0.917, 0.896, 0.887, 0.903, 0.913, 0.872, 0.892, 0.908, 0.871, 0.875, 0.937, 0.86, 0.894, 0.87, 0.922, 0.909, 0.874, 0.888, 0.911, 0.888, 0.85, 0.898, 0.888, 0.94, 0.881, 0.883, 0.908, 0.862, 0.853, 0.931, 0.859, 0.926, 0.883, 0.884, 0.856, 0.856, 0.924, 0.872, 0.901, 0.898, 0.92, 0.914, 0.861, 0.887, 0.911, 0.844, 0.893, 0.911, 0.861, 0.863, 0.877, 0.871, 0.873]
0.891 0.023
5
[0.925, 0.92, 0.906, 0.917, 0.88, 0.918, 0.903, 0.9, 0.889, 0.923, 0.926, 0.904, 0.886, 0.876, 0.931, 0.919, 0.913, 0.928, 0.888, 0.899, 0.921, 0.858, 0.898, 0.881, 0.919, 0.878, 0.878, 0.917, 0.931, 0.912, 0.912, 0.929, 0.905, 0.904, 0.882, 0.877, 0.891, 0.922, 0.857, 0.923, 0.905, 0.903, 0.925, 0.884, 0.876, 0.904, 0.929, 0.926, 0.883, 0.906, 0.912, 0.934, 0.857, 0.905, 0.889, 0.895, 0.921, 0.905, 0.931, 0.863, 0.933, 0.923, 0.897, 0.935, 0.915, 0.875, 0.896, 0.916, 0.919, 0.935, 0.926, 0.924, 0.911, 0.89, 0.885, 0.878, 0.89, 0.923, 0.902, 0.895, 0.9, 0.907, 0.849, 0.896, 0.925, 0.922, 0.907, 0.925, 0.9, 0.887, 0.931, 0.937, 0.883, 0.899, 0.886, 0.891, 0.916, 0.926, 0.918, 0.885]
0.905 0.02
10
[0.922, 0.931, 0.944, 0.915, 0.929, 0.936, 0.9, 0.934, 0.912, 0.889, 0.932, 0.909, 0.93, 0.918, 0.934, 0.924, 0.923, 0.932, 0.92, 0.908, 0.904, 0.902, 0.923, 0.925, 0.891, 0.904, 0.909, 0.934, 0.906, 0.925, 0.91, 0.913, 0.915, 0.917, 0.95, 0.894, 0.913, 0.929, 0.921, 0.918, 0.927, 0.927, 0.907, 0.904, 0.94, 0.935, 0.913, 0.908, 0.911, 0.924, 0.919, 0.945, 0.914, 0.94, 0.925, 0.895, 0.93, 0.902, 0.945, 0.926, 0.928, 0.905, 0.907, 0.897, 0.921, 0.927, 0.932, 0.934, 0.912, 0.9, 0.919, 0.908, 0.929, 0.921, 0.937, 0.949, 0.889, 0.904, 0.938, 0.897, 0.923, 0.931, 0.935, 0.93, 0.904, 0.923, 0.926, 0.902, 0.887, 0.911, 0.917, 0.921, 0.871, 0.927, 0.906, 0.909, 0.919, 0.889, 0.938, 0.93]
0.918 0.015
20
[0.932, 0.943, 0.94, 0.927, 0.934, 0.943, 0.945, 0.944, 0.939, 0.929, 0.939, 0.941, 0.924, 0.905, 0.936, 0.935, 0.934, 0.926, 0.92, 0.909, 0.92, 0.941, 0.932, 0.94, 0.9, 0.946, 0.943, 0.95, 0.943, 0.931, 0.927, 0.938, 0.917, 0.948, 0.927, 0.93, 0.927, 0.935, 0.947, 0.941, 0.927, 0.923, 0.93, 0.934, 0.914, 0.95, 0.939, 0.929, 0.907, 0.925, 0.931, 0.912, 0.904, 0.92, 0.927, 0.959, 0.94, 0.911, 0.919, 0.913, 0.946, 0.917, 0.95, 0.933, 0.928, 0.923, 0.933, 0.953, 0.906, 0.899, 0.939, 0.916, 0.933, 0.935, 0.927, 0.938, 0.94, 0.929, 0.937, 0.937, 0.938, 0.915, 0.939, 0.945, 0.941, 0.942, 0.922, 0.942, 0.927, 0.924, 0.941, 0.941, 0.907, 0.92, 0.938, 0.953, 0.938, 0.914, 0.93, 0.935]
0.931 0.013
40
[0.952, 0.926, 0.959, 0.956, 0.931, 0.953, 0.941, 0.952, 0.961, 0.931, 0.92, 0.947, 0.939, 0.95, 0.948, 0.936, 0.945, 0.935, 0.959, 0.939, 0.956, 0.942, 0.958, 0.956, 0.944, 0.94, 0.937, 0.948, 0.935, 0.959, 0.938, 0.944, 0.949, 0.939, 0.947, 0.95, 0.947, 0.941, 0.946, 0.952, 0.948, 0.948, 0.943, 0.946, 0.939, 0.948, 0.959, 0.939, 0.952, 0.943, 0.942, 0.941, 0.942, 0.933, 0.94, 0.931, 0.944, 0.928, 0.947, 0.945, 0.949, 0.939, 0.966, 0.952, 0.942, 0.958, 0.932, 0.934, 0.953, 0.948, 0.942, 0.94, 0.951, 0.951, 0.932, 0.946, 0.958, 0.956, 0.95, 0.966, 0.939, 0.94, 0.951, 0.948, 0.946, 0.956, 0.945, 0.91, 0.94, 0.951, 0.931, 0.952, 0.943, 0.947, 0.948, 0.954, 0.946, 0.937, 0.95, 0.95]
0.945 0.009
80
[0.952, 0.948, 0.957, 0.961, 0.949, 0.951, 0.951, 0.95, 0.955, 0.949, 0.963, 0.951, 0.953, 0.953, 0.963, 0.951, 0.945, 0.948, 0.974, 0.928, 0.957, 0.954, 0.958, 0.956, 0.962, 0.958, 0.954, 0.958, 0.942, 0.958, 0.953, 0.952, 0.958, 0.961, 0.964, 0.94, 0.946, 0.945, 0.958, 0.945, 0.954, 0.959, 0.953, 0.936, 0.958, 0.969, 0.948, 0.96, 0.948, 0.95, 0.955, 0.954, 0.951, 0.945, 0.968, 0.943, 0.955, 0.948, 0.968, 0.953, 0.956, 0.941, 0.958, 0.958, 0.964, 0.959, 0.945, 0.951, 0.962, 0.962, 0.957, 0.951, 0.953, 0.96, 0.961, 0.929, 0.945, 0.948, 0.936, 0.956, 0.954, 0.942, 0.953, 0.953, 0.96, 0.948, 0.944, 0.952, 0.942, 0.942, 0.946, 0.932, 0.95, 0.954, 0.928, 0.966, 0.941, 0.942, 0.958, 0.953]
0.952 0.009
160
[0.952, 0.967, 0.965, 0.957, 0.96, 0.953, 0.964, 0.964, 0.959, 0.965, 0.954, 0.929, 0.952, 0.96, 0.953, 0.95, 0.957, 0.95, 0.953, 0.958, 0.961, 0.917, 0.957, 0.953, 0.932, 0.954, 0.946, 0.962, 0.921, 0.958, 0.961, 0.948, 0.964, 0.934, 0.958, 0.964, 0.96, 0.965, 0.968, 0.959, 0.964, 0.957, 0.952, 0.948, 0.952, 0.963, 0.958, 0.953, 0.957, 0.962, 0.958, 0.961, 0.949, 0.958, 0.94, 0.958, 0.941, 0.962, 0.967, 0.946, 0.956, 0.949, 0.959, 0.964, 0.961, 0.96, 0.961, 0.955, 0.97, 0.944, 0.967, 0.957, 0.953, 0.95, 0.942, 0.964, 0.953, 0.955, 0.96, 0.95, 0.962, 0.959, 0.966, 0.963, 0.953, 0.955, 0.962, 0.961, 0.884, 0.96, 0.943, 0.935, 0.953, 0.96, 0.954, 0.965, 0.951, 0.957, 0.956, 0.958]
0.955 0.012
320
[0.955, 0.952, 0.954, 0.96, 0.96, 0.959, 0.948, 0.95, 0.931, 0.941, 0.954, 0.957, 0.929, 0.955, 0.966, 0.951, 0.945, 0.96, 0.968, 0.959, 0.956, 0.964, 0.949, 0.963, 0.955, 0.97, 0.961, 0.967, 0.955, 0.959, 0.974, 0.959, 0.919, 0.953, 0.946, 0.954, 0.951, 0.96, 0.971, 0.941, 0.954, 0.959, 0.954, 0.952, 0.972, 0.959, 0.959, 0.962, 0.94, 0.934, 0.963, 0.951, 0.961, 0.952, 0.953, 0.961, 0.959, 0.958, 0.953, 0.962, 0.962, 0.969, 0.963, 0.929, 0.962, 0.964, 0.964, 0.961, 0.951, 0.95, 0.948, 0.955, 0.967, 0.954, 0.929, 0.961, 0.947, 0.943, 0.944, 0.959, 0.96, 0.964, 0.96, 0.96, 0.942, 0.949, 0.946, 0.947, 0.958, 0.953, 0.947, 0.962, 0.966, 0.942, 0.932, 0.959, 0.95, 0.961, 0.961, 0.932]
0.954 0.01
640
[0.961, 0.95, 0.961, 0.969, 0.961, 0.959, 0.953, 0.92, 0.938, 0.948, 0.96, 0.968, 0.966, 0.956, 0.958, 0.971, 0.953, 0.954, 0.956, 0.964, 0.954, 0.958, 0.96, 0.947, 0.955, 0.961, 0.949, 0.965, 0.962, 0.953, 0.95, 0.955, 0.924, 0.957, 0.956, 0.937, 0.944, 0.934, 0.957, 0.959, 0.954, 0.968, 0.953, 0.901, 0.934, 0.948, 0.949, 0.957, 0.947, 0.963, 0.968, 0.939, 0.964, 0.922, 0.887, 0.958, 0.955, 0.956, 0.937, 0.943, 0.956, 0.941, 0.963, 0.948, 0.952, 0.961, 0.96, 0.957, 0.91, 0.935, 0.941, 0.895, 0.954, 0.953, 0.941, 0.955, 0.966, 0.961, 0.964, 0.947, 0.942, 0.953, 0.95, 0.955, 0.908, 0.919, 0.905, 0.967, 0.952, 0.963, 0.945, 0.962, 0.913, 0.938, 0.938, 0.921, 0.952, 0.954, 0.943, 0.951]
0.949 0.017

model cf + input
3
[0.9, 0.95, 0.91, 0.89, 0.91, 0.87, 0.9, 0.84, 0.91, 0.88, 0.94, 0.93, 0.89, 0.9, 0.9, 0.91, 0.9, 0.9, 0.88, 0.86, 0.89, 0.84, 0.92, 0.92, 0.92, 0.93, 0.91, 0.93, 0.9, 0.9, 0.88, 0.87, 0.88, 0.91, 0.92, 0.88, 0.9, 0.86, 0.9, 0.92, 0.87, 0.9, 0.87, 0.88, 0.93, 0.92, 0.89, 0.92, 0.92, 0.91, 0.91, 0.91, 0.91, 0.88, 0.91, 0.91, 0.88, 0.92, 0.89, 0.89, 0.9, 0.9, 0.89, 0.92, 0.87, 0.91, 0.88, 0.88, 0.91, 0.88, 0.87, 0.9, 0.9, 0.92, 0.91, 0.89, 0.9, 0.86, 0.89, 0.93, 0.91, 0.9, 0.9, 0.92, 0.92, 0.92, 0.89, 0.94, 0.91, 0.9, 0.9, 0.94, 0.93, 0.85, 0.87, 0.9, 0.9, 0.92, 0.9, 0.89]
0.9 0.022
5
[0.93, 0.91, 0.92, 0.9, 0.9, 0.89, 0.94, 0.9, 0.92, 0.93, 0.92, 0.92, 0.92, 0.93, 0.92, 0.88, 0.91, 0.89, 0.93, 0.89, 0.92, 0.91, 0.87, 0.91, 0.9, 0.88, 0.89, 0.9, 0.94, 0.89, 0.89, 0.86, 0.92, 0.91, 0.93, 0.89, 0.93, 0.89, 0.9, 0.85, 0.93, 0.94, 0.9, 0.89, 0.92, 0.94, 0.91, 0.93, 0.9, 0.91, 0.9, 0.92, 0.9, 0.92, 0.91, 0.89, 0.9, 0.93, 0.93, 0.87, 0.93, 0.89, 0.91, 0.87, 0.91, 0.93, 0.93, 0.91, 0.85, 0.92, 0.92, 0.86, 0.84, 0.91, 0.91, 0.87, 0.91, 0.92, 0.95, 0.88, 0.93, 0.87, 0.91, 0.9, 0.89, 0.9, 0.93, 0.9, 0.85, 0.93, 0.89, 0.92, 0.89, 0.91, 0.88, 0.92, 0.9, 0.92, 0.9, 0.88]
0.905 0.023
10
[0.93, 0.92, 0.91, 0.92, 0.94, 0.94, 0.93, 0.92, 0.93, 0.92, 0.92, 0.93, 0.94, 0.95, 0.91, 0.94, 0.92, 0.93, 0.9, 0.93, 0.92, 0.92, 0.93, 0.92, 0.93, 0.91, 0.94, 0.93, 0.92, 0.94, 0.9, 0.94, 0.94, 0.95, 0.94, 0.95, 0.95, 0.9, 0.93, 0.91, 0.94, 0.92, 0.94, 0.91, 0.91, 0.92, 0.94, 0.91, 0.91, 0.92, 0.92, 0.93, 0.93, 0.93, 0.92, 0.94, 0.92, 0.94, 0.9, 0.92, 0.91, 0.91, 0.96, 0.93, 0.93, 0.93, 0.94, 0.91, 0.95, 0.91, 0.89, 0.93, 0.93, 0.93, 0.93, 0.93, 0.92, 0.92, 0.91, 0.93, 0.92, 0.93, 0.93, 0.93, 0.94, 0.92, 0.93, 0.93, 0.92, 0.91, 0.87, 0.93, 0.92, 0.91, 0.92, 0.93, 0.95, 0.91, 0.92, 0.92]
0.925 0.014
20
[0.92, 0.94, 0.96, 0.95, 0.92, 0.95, 0.94, 0.93, 0.94, 0.93, 0.92, 0.95, 0.94, 0.95, 0.95, 0.93, 0.96, 0.95, 0.95, 0.96, 0.94, 0.91, 0.93, 0.95, 0.93, 0.95, 0.93, 0.95, 0.95, 0.96, 0.94, 0.95, 0.94, 0.91, 0.95, 0.95, 0.93, 0.92, 0.92, 0.93, 0.93, 0.93, 0.94, 0.95, 0.94, 0.93, 0.94, 0.94, 0.94, 0.94, 0.94, 0.95, 0.95, 0.94, 0.95, 0.94, 0.94, 0.92, 0.94, 0.96, 0.94, 0.96, 0.93, 0.94, 0.92, 0.94, 0.95, 0.93, 0.95, 0.96, 0.93, 0.93, 0.94, 0.93, 0.95, 0.93, 0.95, 0.94, 0.94, 0.95, 0.93, 0.95, 0.94, 0.94, 0.94, 0.95, 0.92, 0.94, 0.93, 0.95, 0.94, 0.92, 0.9, 0.89, 0.95, 0.95, 0.93, 0.92, 0.94, 0.96]
0.939 0.013
40
[0.97, 0.97, 0.96, 0.94, 0.96, 0.96, 0.95, 0.95, 0.96, 0.95, 0.96, 0.95, 0.95, 0.97, 0.92, 0.95, 0.96, 0.95, 0.95, 0.96, 0.95, 0.95, 0.93, 0.95, 0.95, 0.94, 0.95, 0.97, 0.95, 0.94, 0.96, 0.95, 0.96, 0.95, 0.97, 0.96, 0.96, 0.96, 0.96, 0.96, 0.95, 0.95, 0.95, 0.95, 0.96, 0.96, 0.96, 0.95, 0.96, 0.95, 0.94, 0.96, 0.95, 0.96, 0.94, 0.95, 0.95, 0.95, 0.96, 0.95, 0.95, 0.95, 0.96, 0.94, 0.96, 0.95, 0.95, 0.94, 0.96, 0.95, 0.94, 0.95, 0.94, 0.95, 0.95, 0.94, 0.94, 0.96, 0.97, 0.95, 0.96, 0.95, 0.94, 0.96, 0.96, 0.95, 0.95, 0.95, 0.95, 0.95, 0.95, 0.95, 0.95, 0.96, 0.94, 0.95, 0.94, 0.96, 0.92, 0.95]
0.952 0.009
80
[0.95, 0.96, 0.96, 0.97, 0.98, 0.96, 0.96, 0.97, 0.97, 0.95, 0.96, 0.96, 0.96, 0.95, 0.96, 0.95, 0.96, 0.96, 0.97, 0.97, 0.97, 0.96, 0.96, 0.95, 0.95, 0.96, 0.96, 0.94, 0.97, 0.97, 0.96, 0.97, 0.96, 0.96, 0.95, 0.96, 0.96, 0.97, 0.97, 0.95, 0.96, 0.97, 0.97, 0.97, 0.97, 0.97, 0.97, 0.97, 0.97, 0.94, 0.96, 0.96, 0.97, 0.96, 0.96, 0.96, 0.96, 0.97, 0.95, 0.97, 0.97, 0.97, 0.96, 0.95, 0.97, 0.96, 0.96, 0.96, 0.96, 0.95, 0.96, 0.97, 0.95, 0.96, 0.96, 0.96, 0.96, 0.96, 0.97, 0.96, 0.97, 0.96, 0.96, 0.96, 0.96, 0.97, 0.96, 0.96, 0.98, 0.96, 0.97, 0.96, 0.96, 0.96, 0.97, 0.96, 0.96, 0.97, 0.97, 0.97]
0.962 0.008
160
[0.97, 0.96, 0.97, 0.97, 0.97, 0.97, 0.97, 0.97, 0.97, 0.96, 0.98, 0.96, 0.96, 0.96, 0.97, 0.97, 0.97, 0.96, 0.97, 0.97, 0.97, 0.97, 0.97, 0.97, 0.96, 0.97, 0.97, 0.98, 0.96, 0.96, 0.98, 0.97, 0.97, 0.97, 0.97, 0.96, 0.97, 0.97, 0.97, 0.97, 0.96, 0.97, 0.96, 0.97, 0.96, 0.96, 0.98, 0.97, 0.97, 0.97, 0.96, 0.97, 0.97, 0.96, 0.97, 0.97, 0.96, 0.97, 0.97, 0.96, 0.97, 0.96, 0.97, 0.97, 0.96, 0.97, 0.97, 0.97, 0.97, 0.97, 0.97, 0.97, 0.96, 0.97, 0.96, 0.96, 0.97, 0.97, 0.97, 0.98, 0.97, 0.96, 0.97, 0.95, 0.96, 0.97, 0.98, 0.97, 0.97, 0.95, 0.97, 0.97, 0.97, 0.97, 0.97, 0.97, 0.98, 0.98, 0.96, 0.97]
0.968 0.006
320
[0.97, 0.96, 0.98, 0.97, 0.98, 0.96, 0.98, 0.97, 0.98, 0.97, 0.97, 0.98, 0.98, 0.97, 0.98, 0.97, 0.97, 0.97, 0.98, 0.98, 0.97, 0.97, 0.97, 0.97, 0.97, 0.98, 0.97, 0.98, 0.98, 0.98, 0.97, 0.97, 0.97, 0.98, 0.98, 0.97, 0.98, 0.97, 0.97, 0.97, 0.98, 0.98, 0.97, 0.97, 0.97, 0.97, 0.98, 0.97, 0.98, 0.98, 0.97, 0.98, 0.97, 0.98, 0.97, 0.97, 0.97, 0.98, 0.98, 0.97, 0.97, 0.97, 0.98, 0.98, 0.97, 0.97, 0.97, 0.98, 0.96, 0.98, 0.98, 0.97, 0.98, 0.98, 0.98, 0.98, 0.97, 0.97, 0.97, 0.97, 0.98, 0.98, 0.97, 0.98, 0.98, 0.97, 0.97, 0.97, 0.98, 0.98, 0.97, 0.98, 0.97, 0.97, 0.98, 0.97, 0.97, 0.97, 0.98, 0.97]
0.974 0.005
640
[0.98, 0.98, 0.98, 0.98, 0.98, 0.98, 0.98, 0.97, 0.98, 0.98, 0.97, 0.98, 0.98, 0.98, 0.98, 0.98, 0.98, 0.98, 0.98, 0.98, 0.98, 0.97, 0.98, 0.97, 0.98, 0.97, 0.98, 0.98, 0.98, 0.98, 0.98, 0.98, 0.98, 0.98, 0.98, 0.98, 0.98, 0.98, 0.98, 0.98, 0.98, 0.98, 0.98, 0.97, 0.98, 0.98, 0.98, 0.98, 0.98, 0.97, 0.97, 0.98, 0.98, 0.98, 0.97, 0.98, 0.98, 0.97, 0.98, 0.98, 0.98, 0.98, 0.97, 0.98, 0.98, 0.98, 0.98, 0.97, 0.98, 0.98, 0.98, 0.98, 0.98, 0.97, 0.98, 0.98, 0.98, 0.98, 0.98, 0.97, 0.98, 0.98, 0.98, 0.98, 0.98, 0.98, 0.98, 0.98, 0.98, 0.98, 0.98, 0.98, 0.98, 0.98, 0.98, 0.98, 0.98, 0.98, 0.97, 0.98]
0.979 0.004
