double cf (0.6, 0.4) L2
3
[0.97, 0.98, 0.94, 0.93, 0.99, 0.97, 0.96, 0.98, 0.98, 0.98, 0.96, 0.97, 0.97, 0.97, 0.97, 0.96, 0.99, 0.96, 0.98, 0.96, 0.93, 0.99, 0.98, 0.93, 0.97, 0.96, 0.95, 0.96, 0.98, 0.99, 0.94, 0.98, 0.99, 0.99, 0.99, 0.9, 0.98, 0.99, 0.96, 0.94, 0.97, 0.99, 0.92, 0.98, 0.97, 0.99, 0.93, 0.95, 0.98, 0.98, 0.96, 0.98, 0.99, 0.99, 0.94, 0.99, 0.9, 0.97, 0.97, 0.96, 0.89, 0.96, 0.98, 0.99, 0.92, 0.97, 0.98, 0.95, 0.99, 0.99, 0.98, 0.98, 0.91, 0.99, 0.98, 0.98, 0.99, 0.93, 0.96, 0.99, 0.94, 0.94, 0.96, 0.99, 0.95, 0.92, 0.99, 0.94, 0.98, 0.98, 0.99, 0.92, 0.97, 0.97, 0.97, 0.99, 0.97, 0.95, 0.98, 0.98]
0.966 0.024
5
[0.98, 0.98, 0.97, 0.93, 0.98, 0.98, 0.97, 0.92, 0.99, 0.97, 0.93, 0.98, 0.97, 0.99, 0.99, 0.99, 0.98, 0.98, 0.99, 0.98, 0.98, 0.98, 0.99, 0.98, 0.98, 0.85, 0.92, 1.0, 0.97, 0.93, 0.98, 0.89, 0.97, 0.99, 0.99, 0.95, 0.93, 0.97, 0.99, 0.98, 0.95, 0.96, 0.99, 0.99, 0.97, 0.99, 0.98, 0.93, 0.96, 0.98, 0.97, 0.98, 0.96, 0.99, 0.98, 0.98, 0.99, 0.97, 0.99, 0.95, 0.96, 0.99, 0.98, 0.99, 0.98, 0.89, 0.95, 0.99, 0.93, 0.99, 0.99, 0.96, 0.97, 0.93, 0.97, 0.98, 0.99, 0.95, 0.97, 0.96, 0.97, 0.99, 0.96, 0.98, 0.98, 0.96, 0.99, 0.98, 0.95, 0.89, 0.94, 0.98, 0.97, 0.91, 0.98, 0.98, 0.97, 0.96, 0.96, 0.98]
0.967 0.026
10
[0.99, 0.99, 0.99, 0.97, 0.97, 0.98, 0.99, 0.93, 0.99, 0.99, 0.99, 0.98, 0.98, 0.98, 0.98, 0.98, 0.98, 0.98, 0.98, 0.99, 0.98, 0.98, 0.98, 0.98, 0.98, 0.98, 0.99, 0.98, 0.97, 0.98, 0.98, 0.98, 0.98, 0.97, 0.98, 0.98, 0.97, 0.97, 0.97, 0.99, 0.98, 0.99, 0.98, 0.98, 0.99, 0.94, 0.98, 0.98, 0.98, 0.99, 0.99, 0.98, 1.0, 0.98, 0.99, 0.99, 0.97, 0.98, 0.99, 0.97, 0.99, 0.98, 0.98, 0.99, 0.99, 0.97, 0.99, 0.98, 0.98, 0.98, 0.98, 0.99, 0.99, 0.98, 0.98, 0.99, 0.98, 0.99, 0.98, 0.99, 0.96, 0.97, 0.97, 0.98, 0.97, 0.99, 0.98, 0.98, 0.98, 0.98, 0.97, 0.98, 0.99, 0.98, 0.98, 0.99, 0.95, 0.98, 0.96, 0.99]
0.98 0.01
20
[0.99, 0.98, 0.97, 0.97, 0.99, 0.98, 0.98, 0.96, 0.98, 0.98, 0.99, 0.98, 0.95, 0.97, 0.98, 0.98, 0.99, 0.97, 0.99, 0.97, 0.98, 0.98, 0.99, 0.98, 0.99, 0.97, 0.98, 0.98, 0.98, 0.99, 0.98, 0.98, 0.98, 0.98, 0.99, 0.99, 0.98, 0.98, 0.98, 0.98, 0.99, 0.95, 0.99, 0.99, 0.99, 0.99, 0.98, 0.98, 0.98, 0.98, 0.98, 0.97, 0.97, 0.97, 0.99, 0.99, 0.99, 0.96, 0.98, 0.99, 0.98, 0.98, 0.98, 0.99, 0.97, 0.99, 0.98, 0.99, 0.99, 0.99, 0.98, 0.99, 0.97, 0.97, 0.98, 0.98, 0.96, 0.98, 0.98, 0.99, 0.98, 0.98, 0.99, 0.98, 0.99, 0.99, 0.99, 0.99, 0.99, 0.99, 0.98, 0.98, 0.98, 0.98, 0.99, 0.98, 0.97, 0.98, 0.97, 0.98]
0.981 0.009
40
[1.0, 1.0, 1.0, 0.99, 0.99, 0.99, 1.0, 0.99, 0.99, 1.0, 0.99, 1.0, 1.0, 0.99, 1.0, 0.99, 0.99, 0.99, 1.0, 0.99, 0.99, 0.99, 0.98, 1.0, 0.99, 0.99, 0.99, 1.0, 0.99, 1.0, 0.99, 0.99, 0.99, 0.99, 0.99, 1.0, 0.99, 0.99, 0.99, 0.99, 0.99, 1.0, 1.0, 1.0, 0.99, 1.0, 0.99, 0.99, 1.0, 0.99, 0.99, 0.99, 0.99, 1.0, 1.0, 0.99, 1.0, 0.99, 1.0, 1.0, 0.99, 0.99, 0.99, 0.99, 1.0, 1.0, 0.99, 1.0, 0.99, 0.99, 1.0, 0.99, 0.99, 0.99, 0.99, 1.0, 0.99, 0.99, 0.99, 1.0, 0.99, 1.0, 0.99, 0.99, 1.0, 1.0, 0.99, 0.99, 0.99, 0.99, 0.99, 0.99, 1.0, 1.0, 0.99, 1.0, 0.99, 0.99, 0.99, 0.99]
0.993 0.005
80
[0.99, 1.0, 1.0, 1.0, 1.0, 1.0, 1.0, 0.99, 1.0, 1.0, 1.0, 1.0, 1.0, 1.0, 1.0, 0.99, 1.0, 1.0, 1.0, 1.0, 0.99, 1.0, 0.99, 0.99, 1.0, 1.0, 1.0, 0.99, 1.0, 1.0, 0.99, 1.0, 1.0, 1.0, 1.0, 1.0, 1.0, 1.0, 1.0, 1.0, 1.0, 0.99, 1.0, 1.0, 0.99, 1.0, 1.0, 0.99, 1.0, 1.0, 1.0, 1.0, 1.0, 0.99, 1.0, 0.99, 1.0, 1.0, 0.99, 1.0, 1.0, 1.0, 1.0, 1.0, 1.0, 1.0, 1.0, 1.0, 1.0, 1.0, 0.99, 0.99, 1.0, 1.0, 1.0, 1.0, 1.0, 1.0, 1.0, 0.99, 0.99, 1.0, 1.0, 1.0, 0.99, 1.0, 1.0, 1.0, 1.0, 1.0, 1.0, 0.99, 1.0, 0.99, 1.0, 1.0, 0.99, 1.0, 1.0, 0.99]
0.998 0.004
160
[1.0, 1.0, 1.0, 1.0, 1.0, 1.0, 1.0, 0.99, 1.0, 1.0, 1.0, 1.0, 1.0, 1.0, 1.0, 1.0, 1.0, 1.0, 1.0, 1.0, 1.0, 1.0, 1.0, 0.99, 1.0, 1.0, 1.0, 1.0, 1.0, 1.0, 1.0, 1.0, 1.0, 1.0, 1.0, 1.0, 1.0, 1.0, 1.0, 1.0, 1.0, 1.0, 1.0, 1.0, 1.0, 1.0, 1.0, 0.99, 1.0, 1.0, 1.0, 1.0, 1.0, 1.0, 1.0, 1.0, 1.0, 1.0, 1.0, 1.0, 1.0, 1.0, 1.0, 1.0, 1.0, 1.0, 1.0, 1.0, 1.0, 1.0, 1.0, 1.0, 1.0, 1.0, 1.0, 1.0, 1.0, 1.0, 1.0, 1.0, 1.0, 1.0, 1.0, 1.0, 1.0, 1.0, 1.0, 1.0, 1.0, 1.0, 1.0, 1.0, 1.0, 1.0, 1.0, 1.0, 1.0, 1.0, 1.0, 1.0]
1.0 0.002
320
[1.0, 1.0, 1.0, 1.0, 1.0, 1.0, 1.0, 1.0, 1.0, 1.0, 1.0, 1.0, 1.0, 1.0, 1.0, 1.0, 1.0, 1.0, 1.0, 1.0, 1.0, 1.0, 1.0, 1.0, 1.0, 1.0, 1.0, 1.0, 1.0, 1.0, 1.0, 0.99, 1.0, 1.0, 1.0, 1.0, 1.0, 1.0, 1.0, 1.0, 1.0, 0.99, 1.0, 1.0, 1.0, 1.0, 1.0, 1.0, 1.0, 1.0, 1.0, 1.0, 1.0, 1.0, 1.0, 1.0, 1.0, 1.0, 1.0, 1.0, 1.0, 1.0, 1.0, 1.0, 1.0, 1.0, 1.0, 1.0, 1.0, 1.0, 1.0, 1.0, 1.0, 1.0, 1.0, 1.0, 1.0, 1.0, 1.0, 1.0, 1.0, 1.0, 1.0, 1.0, 1.0, 1.0, 1.0, 1.0, 1.0, 1.0, 1.0, 1.0, 1.0, 1.0, 1.0, 1.0, 1.0, 1.0, 1.0, 1.0]
1.0 0.001

double CF L1
3
[0.97, 0.97, 0.85, 0.98, 0.99, 0.95, 0.97, 0.98, 0.96, 0.97, 0.93, 0.94, 0.99, 0.92, 0.98, 0.95, 0.98, 0.95, 0.96, 0.99, 1.0, 0.94, 1.0, 0.97, 0.97, 0.94, 0.99, 0.97, 0.99, 0.89, 0.98, 0.97, 0.99, 1.0, 0.95, 0.97, 0.97, 0.92, 0.98, 0.95, 0.97, 0.98, 1.0, 0.95, 0.98, 0.97, 0.89, 0.89, 0.98, 1.0, 1.0, 0.95, 0.91, 0.97, 0.98, 0.98, 0.98, 0.98, 0.98, 0.89, 0.95, 0.94, 0.99, 0.94, 0.93, 0.99, 0.91, 0.99, 0.98, 0.99, 0.97, 0.85, 0.9, 0.87, 0.99, 0.98, 0.99, 0.93, 0.97, 0.99, 0.98, 0.99, 0.98, 0.95, 0.93, 0.89, 0.96, 0.94, 0.89, 0.93, 0.97, 0.94, 0.99, 0.97, 0.85, 0.94, 1.0, 0.99, 0.92, 0.5]
0.953 0.058
5
[0.93, 0.96, 0.98, 0.98, 0.98, 0.98, 0.97, 0.98, 0.99, 0.98, 0.98, 0.98, 0.96, 0.97, 0.99, 0.89, 0.94, 0.99, 0.98, 0.97, 0.99, 0.97, 0.99, 0.97, 0.99, 0.97, 0.97, 0.99, 0.94, 0.92, 0.98, 0.99, 0.99, 0.95, 0.98, 0.97, 0.94, 0.98, 0.99, 0.95, 0.98, 0.99, 0.95, 0.99, 0.99, 0.97, 1.0, 0.98, 0.98, 0.99, 0.97, 0.88, 0.99, 0.98, 0.98, 0.97, 0.99, 0.99, 0.89, 0.97, 0.94, 0.98, 0.98, 0.98, 0.98, 0.98, 0.99, 0.98, 0.99, 0.96, 0.99, 0.99, 0.99, 1.0, 0.98, 0.99, 1.0, 0.94, 0.91, 0.97, 0.98, 0.98, 0.97, 0.98, 0.88, 0.99, 0.96, 0.98, 0.95, 0.96, 0.98, 0.95, 0.97, 0.99, 0.99, 0.95, 0.97, 0.99, 0.97, 0.96]
0.971 0.025
10
[0.98, 0.93, 0.98, 0.98, 0.97, 0.99, 0.99, 0.91, 0.93, 0.95, 0.98, 0.94, 0.97, 0.96, 0.99, 0.98, 0.98, 0.97, 0.99, 0.98, 0.96, 0.98, 0.97, 0.98, 0.95, 0.75, 1.0, 0.99, 0.98, 0.99, 0.98, 0.97, 0.96, 0.99, 0.97, 0.99, 0.98, 1.0, 0.98, 0.99, 0.99, 0.98, 0.98, 0.98, 0.98, 0.97, 0.99, 0.99, 0.98, 0.99, 0.98, 0.98, 0.97, 0.98, 1.0, 0.96, 0.99, 0.92, 0.98, 0.98, 1.0, 0.98, 1.0, 0.94, 0.98, 0.98, 0.99, 0.97, 0.97, 0.97, 0.95, 0.98, 0.98, 0.97, 0.99, 0.98, 0.96, 0.99, 0.99, 0.98, 0.98, 1.0, 0.97, 0.99, 0.98, 0.97, 0.98, 0.98, 0.98, 0.99, 0.98, 0.98, 0.96, 0.98, 0.99, 0.98, 0.98, 0.97, 0.98, 0.96]
0.974 0.028
20
[0.98, 0.98, 0.98, 0.98, 0.97, 0.98, 0.97, 0.98, 0.98, 0.99, 0.97, 0.98, 0.97, 0.99, 0.99, 0.99, 0.97, 0.99, 0.99, 0.98, 0.95, 0.98, 0.98, 0.93, 0.98, 0.97, 0.97, 0.99, 0.98, 0.97, 0.98, 0.98, 0.97, 0.99, 0.98, 0.98, 0.98, 0.97, 0.98, 0.98, 1.0, 0.95, 0.98, 0.98, 0.99, 0.98, 0.98, 0.99, 0.98, 0.98, 0.98, 0.99, 0.98, 0.98, 0.98, 0.99, 0.98, 0.99, 0.98, 0.98, 1.0, 0.98, 0.99, 0.97, 0.98, 0.96, 0.97, 0.97, 0.97, 0.99, 0.98, 0.99, 1.0, 0.98, 0.96, 0.97, 0.98, 0.98, 0.99, 0.98, 0.99, 0.98, 0.99, 1.0, 0.99, 0.97, 0.98, 0.98, 0.95, 0.97, 0.98, 0.98, 0.98, 0.98, 0.98, 0.98, 0.98, 0.98, 0.98, 0.97]
0.979 0.011
40
[0.99, 0.99, 0.99, 0.99, 0.99, 1.0, 0.99, 0.99, 0.99, 0.99, 1.0, 0.99, 0.99, 0.99, 0.99, 0.99, 0.99, 0.99, 0.99, 0.99, 0.98, 0.99, 0.99, 0.99, 0.99, 0.99, 0.99, 0.99, 0.99, 0.99, 0.98, 0.99, 0.99, 0.99, 0.99, 0.99, 0.99, 0.98, 0.99, 1.0, 0.99, 0.99, 1.0, 0.99, 0.99, 0.99, 0.99, 0.99, 0.99, 1.0, 0.99, 1.0, 0.99, 0.99, 0.99, 0.99, 0.98, 1.0, 0.99, 1.0, 0.99, 1.0, 0.99, 0.99, 0.99, 1.0, 0.99, 0.99, 1.0, 0.99, 0.99, 0.99, 0.99, 0.99, 0.99, 0.99, 0.99, 1.0, 0.99, 0.99, 1.0, 0.99, 0.99, 0.99, 0.99, 1.0, 0.99, 0.99, 0.99, 0.98, 0.99, 0.99, 0.99, 0.99, 0.99, 0.99, 1.0, 0.99, 0.98, 1.0]
0.991 0.005
80
[1.0, 0.99, 1.0, 1.0, 0.99, 0.99, 1.0, 0.99, 0.99, 1.0, 1.0, 1.0, 1.0, 1.0, 1.0, 1.0, 1.0, 1.0, 1.0, 1.0, 1.0, 1.0, 1.0, 1.0, 1.0, 1.0, 1.0, 1.0, 1.0, 0.99, 0.99, 0.99, 1.0, 1.0, 0.99, 1.0, 1.0, 0.99, 1.0, 0.99, 1.0, 1.0, 1.0, 1.0, 1.0, 0.99, 1.0, 1.0, 1.0, 1.0, 1.0, 1.0, 0.99, 0.99, 1.0, 0.99, 1.0, 0.99, 1.0, 1.0, 0.99, 1.0, 1.0, 1.0, 0.99, 1.0, 0.99, 1.0, 1.0, 1.0, 1.0, 1.0, 1.0, 0.99, 1.0, 0.99, 1.0, 0.99, 1.0, 0.99, 1.0, 1.0, 1.0, 1.0, 0.99, 1.0, 1.0, 0.99, 0.99, 1.0, 1.0, 1.0, 1.0, 1.0, 0.99, 1.0, 0.99, 1.0, 0.99, 0.99]
0.997 0.005
160
[1.0, 1.0, 1.0, 1.0, 1.0, 1.0, 1.0, 1.0, 1.0, 1.0, 0.99, 1.0, 1.0, 1.0, 1.0, 1.0, 1.0, 1.0, 1.0, 1.0, 1.0, 1.0, 1.0, 1.0, 1.0, 1.0, 1.0, 1.0, 1.0, 1.0, 1.0, 1.0, 1.0, 1.0, 1.0, 1.0, 0.99, 1.0, 1.0, 1.0, 1.0, 1.0, 1.0, 1.0, 1.0, 1.0, 1.0, 1.0, 1.0, 1.0, 1.0, 0.99, 1.0, 0.99, 1.0, 1.0, 1.0, 1.0, 1.0, 1.0, 1.0, 1.0, 1.0, 1.0, 1.0, 1.0, 1.0, 1.0, 1.0, 1.0, 1.0, 1.0, 1.0, 1.0, 1.0, 1.0, 1.0, 1.0, 1.0, 0.99, 1.0, 1.0, 1.0, 1.0, 1.0, 1.0, 1.0, 1.0, 0.99, 1.0, 1.0, 1.0, 1.0, 1.0, 1.0, 1.0, 1.0, 1.0, 1.0, 1.0]
0.999 0.002
320
[1.0, 1.0, 1.0, 1.0, 1.0, 1.0, 1.0, 1.0, 1.0, 1.0, 1.0, 1.0, 1.0, 1.0, 1.0, 1.0, 1.0, 0.99, 1.0, 1.0, 1.0, 1.0, 1.0, 1.0, 1.0, 1.0, 1.0, 1.0, 1.0, 1.0, 1.0, 1.0, 1.0, 1.0, 1.0, 1.0, 1.0, 1.0, 1.0, 1.0, 1.0, 1.0, 1.0, 0.99, 1.0, 1.0, 1.0, 1.0, 1.0, 1.0, 1.0, 1.0, 1.0, 1.0, 1.0, 1.0, 0.99, 1.0, 1.0, 1.0, 1.0, 1.0, 1.0, 1.0, 1.0, 1.0, 1.0, 1.0, 1.0, 1.0, 1.0, 1.0, 1.0, 1.0, 1.0, 1.0, 1.0, 1.0, 1.0, 1.0, 1.0, 1.0, 1.0, 1.0, 1.0, 1.0, 1.0, 1.0, 1.0, 1.0, 1.0, 1.0, 1.0, 1.0, 1.0, 1.0, 1.0, 1.0, 1.0, 1.0]
1.0 0.002


double CF MAD
3
[0.94, 1.0, 0.98, 0.99, 0.98, 0.99, 0.96, 0.95, 0.87, 0.94, 1.0, 0.96, 0.99, 0.99, 0.9, 0.98, 0.99, 1.0, 0.98, 0.99, 0.98, 0.99, 0.99, 0.99, 0.99, 0.97, 0.99, 0.89, 0.96, 0.97, 0.97, 0.96, 0.98, 0.96, 0.99, 0.98, 0.75, 0.98, 0.98, 0.99, 0.96, 0.99, 0.97, 0.87, 0.96, 0.99, 0.95, 0.98, 1.0, 0.95, 0.97, 0.95, 1.0, 0.98, 0.99, 0.99, 0.84, 0.98, 0.99, 0.98, 0.98, 0.99, 0.92, 0.97, 0.96, 0.95, 0.99, 0.99, 1.0, 0.96, 0.99, 0.96, 0.93, 0.87, 1.0, 0.97, 0.98, 0.99, 0.97, 0.98, 0.98, 0.97, 0.98, 0.99, 0.97, 0.99, 0.99, 0.97, 0.97, 1.0, 1.0, 0.95, 0.99, 0.96, 0.99, 1.0, 1.0, 0.99, 0.87, 0.98]
0.968 0.039
5
[1.0, 1.0, 0.98, 0.95, 1.0, 0.99, 0.98, 1.0, 1.0, 0.99, 0.98, 0.99, 0.94, 0.95, 0.99, 0.99, 0.99, 0.98, 0.99, 0.99, 0.97, 1.0, 0.97, 0.99, 0.99, 0.99, 0.99, 0.99, 0.99, 0.98, 0.95, 0.99, 0.99, 1.0, 0.87, 0.96, 1.0, 0.99, 0.99, 0.99, 0.98, 1.0, 0.91, 0.99, 0.99, 1.0, 0.99, 0.99, 0.98, 0.89, 0.98, 0.98, 1.0, 0.92, 0.99, 1.0, 0.96, 0.93, 0.95, 0.99, 0.99, 1.0, 0.99, 0.97, 0.98, 0.99, 0.99, 0.99, 0.94, 0.98, 0.94, 0.99, 0.98, 0.98, 0.99, 0.97, 1.0, 0.9, 0.93, 1.0, 0.99, 0.99, 0.99, 0.99, 0.99, 0.99, 0.98, 0.98, 0.98, 0.98, 1.0, 0.99, 0.99, 1.0, 0.99, 0.99, 0.98, 0.94, 0.72, 1.0]
0.976 0.036
10
[0.99, 0.98, 0.98, 0.99, 0.98, 0.99, 0.98, 1.0, 0.98, 0.99, 0.99, 0.97, 0.99, 0.77, 0.98, 0.98, 1.0, 0.98, 0.98, 0.99, 0.99, 0.98, 0.99, 0.99, 1.0, 0.99, 0.99, 0.99, 0.99, 0.98, 0.99, 0.98, 0.99, 1.0, 0.99, 0.99, 0.96, 0.99, 0.97, 1.0, 0.99, 0.98, 0.98, 1.0, 1.0, 0.99, 0.99, 1.0, 0.99, 1.0, 0.99, 0.98, 0.99, 1.0, 1.0, 1.0, 1.0, 0.99, 0.99, 0.98, 0.97, 0.98, 1.0, 0.99, 0.99, 0.97, 0.99, 1.0, 1.0, 0.99, 0.99, 1.0, 0.99, 0.99, 0.98, 0.99, 0.99, 0.99, 0.99, 0.99, 0.99, 0.99, 1.0, 1.0, 0.98, 0.99, 0.98, 1.0, 0.99, 1.0, 0.96, 0.99, 1.0, 0.98, 0.98, 0.98, 0.98, 0.97, 0.98, 1.0]
0.986 0.024
20
[0.99, 0.99, 0.99, 0.99, 0.98, 0.99, 0.99, 1.0, 1.0, 0.98, 0.98, 0.99, 0.99, 0.98, 0.99, 0.99, 1.0, 0.99, 0.98, 1.0, 0.98, 0.99, 0.99, 0.98, 0.99, 0.99, 0.99, 1.0, 0.99, 0.98, 0.99, 0.99, 1.0, 1.0, 1.0, 0.99, 0.99, 0.99, 0.99, 0.98, 0.99, 0.99, 0.97, 0.98, 0.98, 0.99, 0.99, 0.98, 0.99, 1.0, 0.99, 0.98, 0.99, 0.99, 0.99, 0.99, 0.99, 1.0, 1.0, 0.99, 1.0, 1.0, 0.98, 0.99, 0.99, 0.99, 0.98, 1.0, 0.99, 0.98, 0.99, 0.99, 0.99, 0.98, 1.0, 1.0, 0.98, 0.99, 0.98, 1.0, 0.99, 0.99, 0.99, 0.99, 0.99, 0.99, 0.98, 0.99, 0.99, 0.99, 0.98, 0.98, 0.97, 0.99, 0.99, 0.98, 0.99, 1.0, 0.99, 0.98]
0.989 0.007
40
[0.99, 1.0, 1.0, 0.99, 0.99, 1.0, 1.0, 1.0, 1.0, 1.0, 1.0, 1.0, 1.0, 1.0, 1.0, 1.0, 1.0, 1.0, 1.0, 1.0, 1.0, 1.0, 0.99, 1.0, 1.0, 1.0, 1.0, 1.0, 1.0, 1.0, 1.0, 1.0, 1.0, 1.0, 1.0, 1.0, 1.0, 1.0, 0.99, 1.0, 1.0, 1.0, 1.0, 1.0, 1.0, 1.0, 1.0, 1.0, 1.0, 1.0, 1.0, 1.0, 0.99, 1.0, 0.99, 1.0, 0.99, 1.0, 1.0, 1.0, 1.0, 1.0, 1.0, 1.0, 1.0, 1.0, 1.0, 1.0, 1.0, 1.0, 1.0, 1.0, 1.0, 1.0, 0.99, 1.0, 1.0, 1.0, 1.0, 1.0, 1.0, 1.0, 1.0, 1.0, 1.0, 1.0, 0.99, 1.0, 1.0, 1.0, 1.0, 0.99, 1.0, 1.0, 1.0, 1.0, 1.0, 1.0, 1.0, 0.99]
0.999 0.003
80
[1.0, 1.0, 1.0, 1.0, 1.0, 1.0, 1.0, 1.0, 1.0, 1.0, 1.0, 1.0, 1.0, 1.0, 1.0, 1.0, 1.0, 1.0, 1.0, 1.0, 1.0, 1.0, 1.0, 1.0, 1.0, 1.0, 1.0, 1.0, 1.0, 1.0, 1.0, 1.0, 1.0, 1.0, 1.0, 1.0, 1.0, 1.0, 1.0, 1.0, 1.0, 1.0, 1.0, 1.0, 1.0, 1.0, 1.0, 1.0, 1.0, 1.0, 1.0, 1.0, 1.0, 1.0, 1.0, 1.0, 1.0, 1.0, 1.0, 1.0, 1.0, 1.0, 1.0, 1.0, 1.0, 1.0, 1.0, 1.0, 1.0, 1.0, 1.0, 1.0, 1.0, 1.0, 1.0, 1.0, 1.0, 1.0, 1.0, 1.0, 1.0, 1.0, 1.0, 1.0, 1.0, 1.0, 1.0, 1.0, 0.99, 1.0, 1.0, 1.0, 0.99, 1.0, 1.0, 1.0, 1.0, 1.0, 1.0, 1.0]
1.0 0.001
160
[1.0, 1.0, 1.0, 1.0, 1.0, 1.0, 1.0, 1.0, 1.0, 1.0, 1.0, 1.0, 1.0, 1.0, 1.0, 1.0, 1.0, 1.0, 1.0, 1.0, 1.0, 1.0, 1.0, 1.0, 1.0, 1.0, 1.0, 1.0, 1.0, 1.0, 1.0, 1.0, 1.0, 1.0, 1.0, 1.0, 1.0, 1.0, 1.0, 1.0, 1.0, 1.0, 1.0, 1.0, 1.0, 1.0, 1.0, 1.0, 1.0, 1.0, 1.0, 1.0, 1.0, 1.0, 1.0, 0.99, 1.0, 1.0, 1.0, 1.0, 1.0, 1.0, 1.0, 1.0, 1.0, 1.0, 1.0, 1.0, 1.0, 1.0, 1.0, 1.0, 1.0, 1.0, 1.0, 1.0, 1.0, 1.0, 1.0, 1.0, 1.0, 1.0, 0.99, 1.0, 1.0, 1.0, 1.0, 1.0, 1.0, 1.0, 1.0, 1.0, 1.0, 1.0, 1.0, 1.0, 0.99, 1.0, 1.0, 1.0]
1.0 0.002
320
[1.0, 1.0, 1.0, 1.0, 1.0, 1.0, 1.0, 1.0, 1.0, 1.0, 1.0, 1.0, 1.0, 1.0, 1.0, 1.0, 1.0, 1.0, 1.0, 1.0, 1.0, 1.0, 1.0, 1.0, 1.0, 1.0, 1.0, 1.0, 1.0, 1.0, 1.0, 1.0, 1.0, 1.0, 1.0, 1.0, 1.0, 1.0, 1.0, 1.0, 1.0, 1.0, 1.0, 0.99, 1.0, 1.0, 1.0, 1.0, 0.99, 1.0, 1.0, 1.0, 1.0, 1.0, 1.0, 1.0, 1.0, 1.0, 1.0, 1.0, 1.0, 1.0, 1.0, 1.0, 1.0, 1.0, 1.0, 1.0, 1.0, 1.0, 1.0, 1.0, 1.0, 1.0, 1.0, 1.0, 1.0, 1.0, 1.0, 1.0, 1.0, 1.0, 1.0, 1.0, 1.0, 1.0, 1.0, 1.0, 1.0, 1.0, 1.0, 1.0, 1.0, 1.0, 1.0, 1.0, 1.0, 1.0, 1.0, 1.0]
1.0 0.001

