double CF (0.6, 0.4)
3
[0.921, 0.869, 0.915, 0.876, 0.898, 0.887, 0.884, 0.898, 0.916, 0.905, 0.876, 0.905, 0.927, 0.905, 0.895, 0.874, 0.902, 0.883, 0.928, 0.854, 0.898, 0.897, 0.906, 0.899, 0.871, 0.882, 0.878, 0.898, 0.896, 0.92, 0.931, 0.885, 0.895, 0.863, 0.91, 0.83, 0.865, 0.902, 0.9, 0.889, 0.895, 0.888, 0.874, 0.856, 0.907, 0.916, 0.902, 0.917, 0.896, 0.887, 0.903, 0.913, 0.872, 0.892, 0.908, 0.871, 0.875, 0.937, 0.86, 0.894, 0.87, 0.922, 0.909, 0.874, 0.888, 0.911, 0.888, 0.85, 0.898, 0.888, 0.94, 0.881, 0.883, 0.908, 0.862, 0.853, 0.931, 0.859, 0.926, 0.883, 0.884, 0.856, 0.856, 0.924, 0.872, 0.901, 0.898, 0.92, 0.914, 0.861, 0.887, 0.911, 0.844, 0.893, 0.911, 0.861, 0.863, 0.877, 0.871, 0.873]
0.891 0.023
5
[0.925, 0.92, 0.906, 0.917, 0.88, 0.918, 0.903, 0.9, 0.889, 0.923, 0.926, 0.904, 0.886, 0.876, 0.931, 0.919, 0.913, 0.928, 0.888, 0.899, 0.921, 0.858, 0.898, 0.881, 0.919, 0.878, 0.878, 0.917, 0.931, 0.912, 0.912, 0.929, 0.905, 0.904, 0.882, 0.877, 0.891, 0.922, 0.857, 0.923, 0.905, 0.903, 0.925, 0.884, 0.876, 0.904, 0.929, 0.926, 0.883, 0.906, 0.912, 0.934, 0.857, 0.905, 0.889, 0.895, 0.921, 0.905, 0.931, 0.863, 0.933, 0.923, 0.897, 0.935, 0.915, 0.875, 0.896, 0.916, 0.919, 0.935, 0.926, 0.924, 0.911, 0.89, 0.885, 0.878, 0.89, 0.923, 0.902, 0.895, 0.9, 0.907, 0.849, 0.896, 0.925, 0.922, 0.907, 0.925, 0.9, 0.887, 0.931, 0.937, 0.883, 0.899, 0.886, 0.891, 0.916, 0.926, 0.918, 0.885]
0.905 0.02
10
[0.922, 0.931, 0.944, 0.915, 0.929, 0.936, 0.9, 0.934, 0.912, 0.889, 0.932, 0.909, 0.93, 0.918, 0.934, 0.924, 0.923, 0.932, 0.92, 0.908, 0.904, 0.902, 0.923, 0.925, 0.891, 0.904, 0.909, 0.934, 0.906, 0.925, 0.91, 0.913, 0.915, 0.917, 0.95, 0.894, 0.913, 0.929, 0.921, 0.918, 0.927, 0.927, 0.907, 0.904, 0.94, 0.935, 0.913, 0.908, 0.911, 0.924, 0.919, 0.945, 0.914, 0.94, 0.925, 0.895, 0.93, 0.902, 0.945, 0.926, 0.928, 0.905, 0.907, 0.897, 0.921, 0.927, 0.932, 0.934, 0.912, 0.9, 0.919, 0.908, 0.929, 0.921, 0.937, 0.949, 0.889, 0.904, 0.938, 0.897, 0.923, 0.931, 0.935, 0.93, 0.904, 0.923, 0.926, 0.902, 0.887, 0.911, 0.917, 0.921, 0.871, 0.927, 0.906, 0.909, 0.919, 0.889, 0.938, 0.93]
0.918 0.015
20
[0.932, 0.943, 0.94, 0.927, 0.934, 0.943, 0.945, 0.944, 0.939, 0.929, 0.939, 0.941, 0.924, 0.905, 0.936, 0.935, 0.934, 0.926, 0.92, 0.909, 0.92, 0.941, 0.932, 0.94, 0.9, 0.946, 0.943, 0.95, 0.943, 0.931, 0.927, 0.938, 0.917, 0.948, 0.927, 0.93, 0.927, 0.935, 0.947, 0.941, 0.927, 0.923, 0.93, 0.934, 0.914, 0.95, 0.939, 0.929, 0.907, 0.925, 0.931, 0.912, 0.904, 0.92, 0.927, 0.959, 0.94, 0.911, 0.919, 0.913, 0.946, 0.917, 0.95, 0.933, 0.928, 0.923, 0.933, 0.953, 0.906, 0.899, 0.939, 0.916, 0.933, 0.935, 0.927, 0.938, 0.94, 0.929, 0.937, 0.937, 0.938, 0.915, 0.939, 0.945, 0.941, 0.942, 0.922, 0.942, 0.927, 0.924, 0.941, 0.941, 0.907, 0.92, 0.938, 0.953, 0.938, 0.914, 0.93, 0.935]
0.931 0.013
40
[0.952, 0.926, 0.959, 0.956, 0.931, 0.953, 0.941, 0.952, 0.961, 0.931, 0.92, 0.947, 0.939, 0.95, 0.948, 0.936, 0.945, 0.935, 0.959, 0.939, 0.956, 0.942, 0.958, 0.956, 0.944, 0.94, 0.937, 0.948, 0.935, 0.959, 0.938, 0.944, 0.949, 0.939, 0.947, 0.95, 0.947, 0.941, 0.946, 0.952, 0.948, 0.948, 0.943, 0.946, 0.939, 0.948, 0.959, 0.939, 0.952, 0.943, 0.942, 0.941, 0.942, 0.933, 0.94, 0.931, 0.944, 0.928, 0.947, 0.945, 0.949, 0.939, 0.966, 0.952, 0.942, 0.958, 0.932, 0.934, 0.953, 0.948, 0.942, 0.94, 0.951, 0.951, 0.932, 0.946, 0.958, 0.956, 0.95, 0.966, 0.939, 0.94, 0.951, 0.948, 0.946, 0.956, 0.945, 0.91, 0.94, 0.951, 0.931, 0.952, 0.943, 0.947, 0.948, 0.954, 0.946, 0.937, 0.95, 0.95]
0.945 0.009
80
[0.952, 0.948, 0.957, 0.961, 0.949, 0.951, 0.951, 0.95, 0.955, 0.949, 0.963, 0.951, 0.953, 0.953, 0.963, 0.951, 0.945, 0.948, 0.974, 0.928, 0.957, 0.954, 0.958, 0.956, 0.962, 0.958, 0.954, 0.958, 0.942, 0.958, 0.953, 0.952, 0.958, 0.961, 0.964, 0.94, 0.946, 0.945, 0.958, 0.945, 0.954, 0.959, 0.953, 0.936, 0.958, 0.969, 0.948, 0.96, 0.948, 0.95, 0.955, 0.954, 0.951, 0.945, 0.968, 0.943, 0.955, 0.948, 0.968, 0.953, 0.956, 0.941, 0.958, 0.958, 0.964, 0.959, 0.945, 0.951, 0.962, 0.962, 0.957, 0.951, 0.953, 0.96, 0.961, 0.929, 0.945, 0.948, 0.936, 0.956, 0.954, 0.942, 0.953, 0.953, 0.96, 0.948, 0.944, 0.952, 0.942, 0.942, 0.946, 0.932, 0.95, 0.954, 0.928, 0.966, 0.941, 0.942, 0.958, 0.953]
0.952 0.009
160
[0.952, 0.967, 0.965, 0.957, 0.96, 0.953, 0.964, 0.964, 0.959, 0.965, 0.954, 0.929, 0.952, 0.96, 0.953, 0.95, 0.957, 0.95, 0.953, 0.958, 0.961, 0.917, 0.957, 0.953, 0.932, 0.954, 0.946, 0.962, 0.921, 0.958, 0.961, 0.948, 0.964, 0.934, 0.958, 0.964, 0.96, 0.965, 0.968, 0.959, 0.964, 0.957, 0.952, 0.948, 0.952, 0.963, 0.958, 0.953, 0.957, 0.962, 0.958, 0.961, 0.949, 0.958, 0.94, 0.958, 0.941, 0.962, 0.967, 0.946, 0.956, 0.949, 0.959, 0.964, 0.961, 0.96, 0.961, 0.955, 0.97, 0.944, 0.967, 0.957, 0.953, 0.95, 0.942, 0.964, 0.953, 0.955, 0.96, 0.95, 0.962, 0.959, 0.966, 0.963, 0.953, 0.955, 0.962, 0.961, 0.884, 0.96, 0.943, 0.935, 0.953, 0.96, 0.954, 0.965, 0.951, 0.957, 0.956, 0.958]
0.955 0.012
320
[0.955, 0.952, 0.954, 0.96, 0.96, 0.959, 0.948, 0.95, 0.931, 0.941, 0.954, 0.957, 0.929, 0.955, 0.966, 0.951, 0.945, 0.96, 0.968, 0.959, 0.956, 0.964, 0.949, 0.963, 0.955, 0.97, 0.961, 0.967, 0.955, 0.959, 0.974, 0.959, 0.919, 0.953, 0.946, 0.954, 0.951, 0.96, 0.971, 0.941, 0.954, 0.959, 0.954, 0.952, 0.972, 0.959, 0.959, 0.962, 0.94, 0.934, 0.963, 0.951, 0.961, 0.952, 0.953, 0.961, 0.959, 0.958, 0.953, 0.962, 0.962, 0.969, 0.963, 0.929, 0.962, 0.964, 0.964, 0.961, 0.951, 0.95, 0.948, 0.955, 0.967, 0.954, 0.929, 0.961, 0.947, 0.943, 0.944, 0.959, 0.96, 0.964, 0.96, 0.96, 0.942, 0.949, 0.946, 0.947, 0.958, 0.953, 0.947, 0.962, 0.966, 0.942, 0.932, 0.959, 0.95, 0.961, 0.961, 0.932]
0.954 0.01
640
[0.961, 0.95, 0.961, 0.969, 0.961, 0.959, 0.953, 0.92, 0.938, 0.948, 0.96, 0.968, 0.966, 0.956, 0.958, 0.971, 0.953, 0.954, 0.956, 0.964, 0.954, 0.958, 0.96, 0.947, 0.955, 0.961, 0.949, 0.965, 0.962, 0.953, 0.95, 0.955, 0.924, 0.957, 0.956, 0.937, 0.944, 0.934, 0.957, 0.959, 0.954, 0.968, 0.953, 0.901, 0.934, 0.948, 0.949, 0.957, 0.947, 0.963, 0.968, 0.939, 0.964, 0.922, 0.887, 0.958, 0.955, 0.956, 0.937, 0.943, 0.956, 0.941, 0.963, 0.948, 0.952, 0.961, 0.96, 0.957, 0.91, 0.935, 0.941, 0.895, 0.954, 0.953, 0.941, 0.955, 0.966, 0.961, 0.964, 0.947, 0.942, 0.953, 0.95, 0.955, 0.908, 0.919, 0.905, 0.967, 0.952, 0.963, 0.945, 0.962, 0.913, 0.938, 0.938, 0.921, 0.952, 0.954, 0.943, 0.951]
0.949 0.017

double CF (0.7, 0.3)
3
[0.901, 0.905, 0.898, 0.867, 0.865, 0.902, 0.86, 0.918, 0.911, 0.871, 0.892, 0.88, 0.893, 0.887, 0.901, 0.913, 0.917, 0.918, 0.909, 0.926, 0.888, 0.893, 0.898, 0.873, 0.906, 0.897, 0.896, 0.908, 0.915, 0.876, 0.914, 0.91, 0.882, 0.885, 0.915, 0.893, 0.882, 0.908, 0.888, 0.907, 0.853, 0.908, 0.923, 0.867, 0.889, 0.902, 0.873, 0.926, 0.886, 0.91, 0.896, 0.858, 0.931, 0.868, 0.922, 0.9, 0.95, 0.914, 0.914, 0.896, 0.912, 0.915, 0.853, 0.936, 0.887, 0.902, 0.899, 0.922, 0.925, 0.878, 0.917, 0.868, 0.902, 0.922, 0.924, 0.898, 0.918, 0.929, 0.85, 0.893, 0.916, 0.915, 0.929, 0.905, 0.886, 0.892, 0.915, 0.916, 0.818, 0.859, 0.881, 0.888, 0.884, 0.916, 0.854, 0.917, 0.866, 0.933, 0.909, 0.923]
0.898 0.023
5
[0.89, 0.873, 0.908, 0.906, 0.911, 0.941, 0.868, 0.868, 0.892, 0.921, 0.933, 0.916, 0.905, 0.92, 0.901, 0.886, 0.874, 0.91, 0.925, 0.921, 0.908, 0.906, 0.925, 0.859, 0.904, 0.92, 0.894, 0.893, 0.921, 0.916, 0.914, 0.923, 0.918, 0.923, 0.874, 0.883, 0.912, 0.938, 0.927, 0.885, 0.869, 0.923, 0.913, 0.915, 0.942, 0.87, 0.91, 0.911, 0.932, 0.899, 0.874, 0.938, 0.895, 0.897, 0.892, 0.904, 0.916, 0.904, 0.928, 0.904, 0.898, 0.91, 0.919, 0.876, 0.916, 0.894, 0.922, 0.921, 0.938, 0.937, 0.878, 0.946, 0.898, 0.916, 0.919, 0.873, 0.89, 0.921, 0.913, 0.919, 0.909, 0.932, 0.866, 0.885, 0.888, 0.88, 0.901, 0.935, 0.902, 0.886, 0.942, 0.934, 0.871, 0.918, 0.92, 0.89, 0.915, 0.915, 0.899, 0.927]
0.907 0.021
10
[0.922, 0.907, 0.92, 0.929, 0.913, 0.923, 0.881, 0.922, 0.926, 0.92, 0.931, 0.915, 0.919, 0.929, 0.926, 0.898, 0.912, 0.925, 0.859, 0.885, 0.947, 0.909, 0.934, 0.91, 0.929, 0.924, 0.91, 0.929, 0.891, 0.944, 0.919, 0.94, 0.923, 0.927, 0.919, 0.931, 0.864, 0.932, 0.931, 0.924, 0.875, 0.918, 0.941, 0.926, 0.894, 0.922, 0.933, 0.909, 0.902, 0.913, 0.879, 0.93, 0.933, 0.897, 0.878, 0.946, 0.918, 0.884, 0.923, 0.927, 0.93, 0.932, 0.928, 0.902, 0.909, 0.921, 0.922, 0.852, 0.932, 0.91, 0.916, 0.931, 0.944, 0.917, 0.944, 0.913, 0.903, 0.923, 0.912, 0.925, 0.922, 0.93, 0.91, 0.893, 0.909, 0.932, 0.892, 0.927, 0.931, 0.927, 0.883, 0.923, 0.922, 0.919, 0.926, 0.948, 0.906, 0.916, 0.929, 0.954]
0.917 0.019
20
[0.924, 0.92, 0.929, 0.932, 0.921, 0.942, 0.935, 0.94, 0.919, 0.926, 0.917, 0.919, 0.928, 0.929, 0.938, 0.926, 0.928, 0.927, 0.924, 0.936, 0.936, 0.956, 0.914, 0.926, 0.931, 0.934, 0.931, 0.918, 0.916, 0.919, 0.921, 0.918, 0.904, 0.949, 0.935, 0.919, 0.922, 0.928, 0.935, 0.951, 0.931, 0.936, 0.908, 0.916, 0.934, 0.953, 0.953, 0.947, 0.945, 0.948, 0.946, 0.932, 0.95, 0.94, 0.921, 0.935, 0.923, 0.92, 0.938, 0.932, 0.92, 0.949, 0.933, 0.928, 0.928, 0.929, 0.926, 0.925, 0.925, 0.909, 0.929, 0.925, 0.929, 0.956, 0.943, 0.941, 0.929, 0.918, 0.926, 0.934, 0.931, 0.936, 0.909, 0.931, 0.906, 0.913, 0.937, 0.932, 0.945, 0.93, 0.929, 0.934, 0.94, 0.941, 0.95, 0.922, 0.937, 0.95, 0.929, 0.912]
0.93 0.012
40
[0.946, 0.94, 0.932, 0.931, 0.941, 0.925, 0.929, 0.942, 0.925, 0.889, 0.938, 0.938, 0.927, 0.948, 0.958, 0.934, 0.946, 0.938, 0.93, 0.943, 0.926, 0.938, 0.943, 0.943, 0.934, 0.929, 0.913, 0.94, 0.951, 0.941, 0.949, 0.936, 0.943, 0.929, 0.942, 0.934, 0.937, 0.963, 0.928, 0.935, 0.943, 0.944, 0.921, 0.959, 0.948, 0.931, 0.94, 0.928, 0.924, 0.937, 0.935, 0.938, 0.942, 0.93, 0.939, 0.939, 0.953, 0.941, 0.936, 0.94, 0.949, 0.94, 0.954, 0.94, 0.934, 0.956, 0.948, 0.936, 0.951, 0.951, 0.921, 0.938, 0.947, 0.951, 0.931, 0.951, 0.948, 0.941, 0.932, 0.934, 0.932, 0.93, 0.95, 0.941, 0.925, 0.944, 0.96, 0.926, 0.943, 0.949, 0.929, 0.938, 0.944, 0.945, 0.94, 0.941, 0.93, 0.928, 0.944, 0.951]
0.939 0.011
80
[0.956, 0.94, 0.954, 0.947, 0.941, 0.928, 0.957, 0.958, 0.949, 0.948, 0.937, 0.952, 0.943, 0.92, 0.946, 0.953, 0.934, 0.949, 0.943, 0.944, 0.943, 0.952, 0.956, 0.927, 0.959, 0.94, 0.962, 0.946, 0.942, 0.966, 0.939, 0.936, 0.937, 0.937, 0.957, 0.953, 0.959, 0.943, 0.955, 0.945, 0.959, 0.941, 0.93, 0.955, 0.931, 0.948, 0.945, 0.931, 0.936, 0.955, 0.953, 0.94, 0.938, 0.947, 0.943, 0.952, 0.952, 0.943, 0.957, 0.936, 0.963, 0.95, 0.935, 0.946, 0.943, 0.954, 0.953, 0.941, 0.947, 0.943, 0.943, 0.947, 0.947, 0.947, 0.943, 0.948, 0.938, 0.963, 0.934, 0.934, 0.919, 0.954, 0.948, 0.953, 0.954, 0.956, 0.96, 0.957, 0.926, 0.95, 0.944, 0.941, 0.957, 0.952, 0.957, 0.935, 0.944, 0.944, 0.927, 0.952]
0.946 0.01
160
[0.941, 0.953, 0.941, 0.937, 0.954, 0.938, 0.948, 0.961, 0.951, 0.964, 0.951, 0.945, 0.95, 0.942, 0.959, 0.966, 0.887, 0.958, 0.94, 0.929, 0.926, 0.927, 0.949, 0.952, 0.948, 0.946, 0.951, 0.953, 0.951, 0.943, 0.915, 0.96, 0.958, 0.941, 0.95, 0.942, 0.84, 0.959, 0.928, 0.921, 0.945, 0.941, 0.926, 0.945, 0.939, 0.952, 0.94, 0.921, 0.948, 0.952, 0.924, 0.956, 0.938, 0.95, 0.952, 0.949, 0.944, 0.957, 0.944, 0.936, 0.959, 0.952, 0.958, 0.92, 0.95, 0.96, 0.948, 0.964, 0.951, 0.96, 0.952, 0.943, 0.945, 0.95, 0.942, 0.926, 0.952, 0.931, 0.962, 0.944, 0.936, 0.967, 0.956, 0.938, 0.949, 0.95, 0.905, 0.958, 0.956, 0.937, 0.945, 0.951, 0.946, 0.947, 0.938, 0.96, 0.925, 0.931, 0.964, 0.937]
0.944 0.017
320
[0.943, 0.954, 0.957, 0.938, 0.944, 0.921, 0.952, 0.944, 0.949, 0.957, 0.963, 0.961, 0.928, 0.931, 0.929, 0.95, 0.949, 0.956, 0.938, 0.928, 0.964, 0.957, 0.94, 0.94, 0.935, 0.946, 0.943, 0.956, 0.932, 0.921, 0.942, 0.943, 0.934, 0.941, 0.959, 0.947, 0.948, 0.914, 0.915, 0.937, 0.942, 0.954, 0.918, 0.96, 0.958, 0.907, 0.96, 0.95, 0.94, 0.916, 0.914, 0.954, 0.961, 0.943, 0.953, 0.919, 0.917, 0.918, 0.943, 0.947, 0.943, 0.961, 0.931, 0.939, 0.951, 0.962, 0.954, 0.935, 0.959, 0.932, 0.898, 0.947, 0.949, 0.936, 0.927, 0.939, 0.94, 0.918, 0.959, 0.947, 0.945, 0.944, 0.926, 0.946, 0.962, 0.94, 0.965, 0.945, 0.943, 0.936, 0.945, 0.966, 0.946, 0.94, 0.955, 0.947, 0.955, 0.957, 0.947, 0.946]
0.943 0.014

double CF (0.8 0.2)
3
[0.899, 0.884, 0.873, 0.892, 0.902, 0.861, 0.938, 0.868, 0.907, 0.875, 0.908, 0.875, 0.898, 0.872, 0.894, 0.926, 0.919, 0.884, 0.891, 0.846, 0.875, 0.914, 0.86, 0.924, 0.901, 0.877, 0.86, 0.913, 0.89, 0.935, 0.903, 0.877, 0.913, 0.871, 0.913, 0.881, 0.87, 0.887, 0.876, 0.876, 0.834, 0.899, 0.91, 0.911, 0.911, 0.829, 0.916, 0.936, 0.894, 0.905, 0.928, 0.868, 0.874, 0.878, 0.879, 0.92, 0.915, 0.888, 0.881, 0.923, 0.884, 0.882, 0.872, 0.862, 0.929, 0.929, 0.89, 0.918, 0.936, 0.926, 0.927, 0.921, 0.905, 0.894, 0.905, 0.901, 0.913, 0.911, 0.95, 0.901, 0.912, 0.893, 0.84, 0.837, 0.905, 0.885, 0.914, 0.929, 0.934, 0.909, 0.935, 0.914, 0.903, 0.885, 0.94, 0.93, 0.894, 0.923, 0.904, 0.88]
0.897 0.025
5
[0.89, 0.893, 0.919, 0.93, 0.903, 0.918, 0.923, 0.915, 0.913, 0.876, 0.878, 0.909, 0.938, 0.914, 0.908, 0.905, 0.881, 0.911, 0.911, 0.919, 0.918, 0.907, 0.897, 0.926, 0.904, 0.903, 0.933, 0.853, 0.903, 0.913, 0.895, 0.858, 0.917, 0.866, 0.902, 0.899, 0.881, 0.882, 0.922, 0.915, 0.903, 0.927, 0.865, 0.913, 0.857, 0.897, 0.906, 0.883, 0.921, 0.877, 0.892, 0.91, 0.893, 0.907, 0.894, 0.907, 0.923, 0.895, 0.924, 0.849, 0.91, 0.895, 0.891, 0.907, 0.871, 0.908, 0.923, 0.861, 0.874, 0.917, 0.901, 0.909, 0.9, 0.908, 0.879, 0.886, 0.904, 0.915, 0.889, 0.893, 0.884, 0.91, 0.918, 0.854, 0.865, 0.921, 0.899, 0.901, 0.916, 0.9, 0.93, 0.929, 0.907, 0.873, 0.905, 0.845, 0.919, 0.932, 0.924, 0.937]
0.901 0.021
10
[0.907, 0.911, 0.931, 0.934, 0.913, 0.859, 0.92, 0.922, 0.934, 0.936, 0.93, 0.918, 0.893, 0.898, 0.941, 0.921, 0.942, 0.936, 0.92, 0.903, 0.911, 0.88, 0.943, 0.914, 0.888, 0.913, 0.925, 0.908, 0.91, 0.941, 0.926, 0.916, 0.889, 0.936, 0.913, 0.906, 0.91, 0.921, 0.927, 0.886, 0.94, 0.904, 0.906, 0.933, 0.915, 0.913, 0.945, 0.877, 0.934, 0.931, 0.946, 0.926, 0.908, 0.894, 0.897, 0.896, 0.91, 0.881, 0.89, 0.901, 0.891, 0.912, 0.912, 0.935, 0.931, 0.919, 0.927, 0.897, 0.945, 0.931, 0.914, 0.942, 0.936, 0.934, 0.916, 0.905, 0.914, 0.921, 0.908, 0.919, 0.903, 0.918, 0.933, 0.895, 0.929, 0.94, 0.92, 0.907, 0.902, 0.878, 0.928, 0.909, 0.912, 0.888, 0.926, 0.931, 0.943, 0.886, 0.918, 0.874]
0.915 0.019
20
[0.941, 0.922, 0.926, 0.937, 0.92, 0.926, 0.92, 0.918, 0.868, 0.903, 0.93, 0.932, 0.918, 0.923, 0.93, 0.928, 0.94, 0.932, 0.92, 0.929, 0.936, 0.915, 0.943, 0.925, 0.938, 0.929, 0.915, 0.935, 0.924, 0.942, 0.926, 0.924, 0.936, 0.912, 0.928, 0.908, 0.934, 0.935, 0.945, 0.948, 0.944, 0.914, 0.937, 0.904, 0.945, 0.946, 0.912, 0.926, 0.913, 0.941, 0.925, 0.915, 0.929, 0.929, 0.933, 0.93, 0.939, 0.932, 0.936, 0.925, 0.926, 0.94, 0.911, 0.932, 0.934, 0.94, 0.955, 0.934, 0.917, 0.927, 0.911, 0.933, 0.95, 0.92, 0.923, 0.942, 0.928, 0.926, 0.917, 0.935, 0.935, 0.936, 0.922, 0.871, 0.898, 0.923, 0.94, 0.908, 0.934, 0.91, 0.926, 0.887, 0.923, 0.924, 0.941, 0.942, 0.925, 0.935, 0.95, 0.937]
0.927 0.015
40
[0.934, 0.944, 0.934, 0.936, 0.928, 0.943, 0.938, 0.935, 0.949, 0.937, 0.908, 0.939, 0.937, 0.938, 0.934, 0.947, 0.95, 0.934, 0.928, 0.932, 0.936, 0.94, 0.944, 0.94, 0.936, 0.929, 0.93, 0.934, 0.946, 0.943, 0.929, 0.942, 0.942, 0.95, 0.928, 0.906, 0.939, 0.937, 0.939, 0.943, 0.933, 0.948, 0.925, 0.938, 0.941, 0.959, 0.95, 0.932, 0.942, 0.937, 0.95, 0.948, 0.934, 0.941, 0.936, 0.939, 0.944, 0.938, 0.945, 0.942, 0.933, 0.944, 0.942, 0.949, 0.944, 0.93, 0.94, 0.945, 0.942, 0.946, 0.941, 0.942, 0.95, 0.951, 0.952, 0.938, 0.95, 0.947, 0.933, 0.934, 0.95, 0.915, 0.938, 0.941, 0.938, 0.935, 0.935, 0.938, 0.927, 0.941, 0.938, 0.93, 0.955, 0.934, 0.925, 0.945, 0.937, 0.946, 0.928, 0.951]
0.939 0.009
80
[0.935, 0.932, 0.933, 0.947, 0.947, 0.947, 0.946, 0.936, 0.946, 0.942, 0.95, 0.961, 0.957, 0.958, 0.94, 0.947, 0.947, 0.937, 0.936, 0.947, 0.962, 0.943, 0.955, 0.942, 0.935, 0.94, 0.95, 0.929, 0.941, 0.941, 0.941, 0.944, 0.95, 0.946, 0.95, 0.932, 0.932, 0.951, 0.943, 0.935, 0.952, 0.954, 0.939, 0.949, 0.961, 0.955, 0.948, 0.914, 0.947, 0.958, 0.942, 0.941, 0.927, 0.936, 0.938, 0.921, 0.946, 0.94, 0.939, 0.948, 0.943, 0.951, 0.945, 0.941, 0.947, 0.953, 0.924, 0.952, 0.961, 0.931, 0.95, 0.941, 0.942, 0.951, 0.959, 0.943, 0.938, 0.856, 0.943, 0.949, 0.951, 0.956, 0.956, 0.897, 0.949, 0.935, 0.945, 0.954, 0.959, 0.932, 0.94, 0.956, 0.958, 0.957, 0.95, 0.959, 0.946, 0.935, 0.941, 0.942]
0.943 0.014
160
[0.943, 0.948, 0.943, 0.945, 0.899, 0.939, 0.94, 0.958, 0.947, 0.959, 0.957, 0.939, 0.941, 0.945, 0.947, 0.955, 0.954, 0.95, 0.97, 0.942, 0.964, 0.95, 0.956, 0.923, 0.945, 0.955, 0.939, 0.956, 0.952, 0.947, 0.946, 0.943, 0.946, 0.948, 0.945, 0.948, 0.961, 0.953, 0.949, 0.943, 0.937, 0.962, 0.946, 0.948, 0.951, 0.948, 0.952, 0.947, 0.903, 0.946, 0.935, 0.96, 0.939, 0.937, 0.948, 0.955, 0.949, 0.951, 0.946, 0.949, 0.951, 0.959, 0.941, 0.942, 0.952, 0.954, 0.954, 0.946, 0.945, 0.942, 0.959, 0.963, 0.937, 0.951, 0.941, 0.904, 0.937, 0.919, 0.941, 0.949, 0.938, 0.955, 0.944, 0.938, 0.949, 0.95, 0.951, 0.948, 0.95, 0.925, 0.943, 0.949, 0.949, 0.942, 0.941, 0.945, 0.952, 0.939, 0.952, 0.955]
0.946 0.011
320
[0.925, 0.924, 0.935, 0.935, 0.959, 0.945, 0.939, 0.924, 0.947, 0.935, 0.954, 0.942, 0.943, 0.951, 0.945, 0.948, 0.949, 0.953, 0.957, 0.933, 0.954, 0.952, 0.947, 0.963, 0.955, 0.934, 0.95, 0.909, 0.957, 0.922, 0.947, 0.94, 0.947, 0.939, 0.954, 0.949, 0.96, 0.965, 0.952, 0.943, 0.96, 0.938, 0.943, 0.941, 0.933, 0.946, 0.957, 0.945, 0.944, 0.949, 0.941, 0.948, 0.957, 0.937, 0.934, 0.932, 0.963, 0.963, 0.952, 0.948, 0.948, 0.959, 0.947, 0.935, 0.953, 0.952, 0.943, 0.956, 0.95, 0.952, 0.941, 0.958, 0.951, 0.932, 0.946, 0.949, 0.936, 0.941, 0.945, 0.937, 0.937, 0.947, 0.948, 0.937, 0.953, 0.937, 0.919, 0.948, 0.956, 0.952, 0.953, 0.955, 0.956, 0.955, 0.938, 0.953, 0.904, 0.957, 0.949, 0.943]
0.945 0.011

double CF (0.9, 0.1)
3
[0.885, 0.883, 0.896, 0.902, 0.915, 0.931, 0.927, 0.866, 0.868, 0.883, 0.914, 0.89, 0.857, 0.902, 0.888, 0.922, 0.892, 0.897, 0.83, 0.903, 0.917, 0.907, 0.901, 0.912, 0.904, 0.92, 0.881, 0.917, 0.877, 0.906, 0.92, 0.9, 0.859, 0.918, 0.924, 0.894, 0.84, 0.915, 0.932, 0.93, 0.926, 0.922, 0.904, 0.895, 0.882, 0.896, 0.915, 0.842, 0.932, 0.881, 0.882, 0.892, 0.923, 0.859, 0.892, 0.887, 0.872, 0.881, 0.906, 0.867, 0.934, 0.895, 0.868, 0.898, 0.925, 0.942, 0.891, 0.837, 0.877, 0.916, 0.871, 0.872, 0.916, 0.873, 0.895, 0.882, 0.902, 0.846, 0.946, 0.88, 0.91, 0.897, 0.904, 0.896, 0.908, 0.884, 0.868, 0.868, 0.921, 0.878, 0.862, 0.873, 0.894, 0.834, 0.906, 0.889, 0.921, 0.873, 0.877, 0.901]
0.894 0.025
5
[0.867, 0.917, 0.915, 0.907, 0.916, 0.914, 0.943, 0.924, 0.881, 0.927, 0.924, 0.855, 0.948, 0.893, 0.886, 0.892, 0.92, 0.89, 0.919, 0.878, 0.881, 0.93, 0.898, 0.9, 0.903, 0.912, 0.925, 0.907, 0.881, 0.915, 0.934, 0.878, 0.922, 0.93, 0.922, 0.924, 0.939, 0.888, 0.895, 0.909, 0.926, 0.92, 0.896, 0.921, 0.91, 0.911, 0.919, 0.885, 0.853, 0.896, 0.912, 0.897, 0.92, 0.907, 0.88, 0.868, 0.867, 0.918, 0.909, 0.914, 0.918, 0.932, 0.909, 0.886, 0.873, 0.928, 0.889, 0.943, 0.909, 0.928, 0.926, 0.917, 0.9, 0.85, 0.911, 0.902, 0.939, 0.911, 0.914, 0.889, 0.923, 0.919, 0.945, 0.862, 0.912, 0.911, 0.868, 0.873, 0.93, 0.899, 0.908, 0.867, 0.918, 0.907, 0.899, 0.926, 0.865, 0.879, 0.896, 0.903]
0.905 0.022
10
[0.954, 0.919, 0.906, 0.89, 0.926, 0.892, 0.921, 0.945, 0.925, 0.926, 0.926, 0.943, 0.933, 0.907, 0.911, 0.914, 0.892, 0.898, 0.844, 0.949, 0.915, 0.916, 0.919, 0.872, 0.901, 0.909, 0.945, 0.915, 0.928, 0.916, 0.909, 0.931, 0.941, 0.91, 0.912, 0.924, 0.914, 0.921, 0.918, 0.907, 0.904, 0.935, 0.937, 0.924, 0.931, 0.914, 0.924, 0.91, 0.922, 0.904, 0.918, 0.948, 0.935, 0.913, 0.909, 0.884, 0.919, 0.917, 0.92, 0.917, 0.918, 0.922, 0.878, 0.906, 0.932, 0.933, 0.904, 0.92, 0.926, 0.924, 0.917, 0.911, 0.895, 0.942, 0.898, 0.913, 0.925, 0.899, 0.916, 0.93, 0.909, 0.941, 0.9, 0.902, 0.915, 0.919, 0.958, 0.909, 0.91, 0.892, 0.925, 0.901, 0.928, 0.913, 0.929, 0.887, 0.917, 0.929, 0.911, 0.915]
0.916 0.017
20
[0.939, 0.937, 0.926, 0.925, 0.931, 0.913, 0.927, 0.943, 0.927, 0.911, 0.93, 0.925, 0.949, 0.925, 0.914, 0.931, 0.943, 0.938, 0.917, 0.921, 0.929, 0.918, 0.919, 0.912, 0.943, 0.93, 0.923, 0.926, 0.918, 0.941, 0.909, 0.946, 0.948, 0.922, 0.9, 0.925, 0.937, 0.914, 0.932, 0.929, 0.913, 0.919, 0.928, 0.928, 0.939, 0.92, 0.91, 0.917, 0.923, 0.949, 0.936, 0.926, 0.92, 0.928, 0.945, 0.901, 0.924, 0.932, 0.931, 0.859, 0.915, 0.949, 0.895, 0.93, 0.939, 0.913, 0.913, 0.93, 0.936, 0.926, 0.926, 0.936, 0.938, 0.923, 0.905, 0.93, 0.939, 0.907, 0.927, 0.907, 0.923, 0.918, 0.939, 0.924, 0.944, 0.932, 0.937, 0.934, 0.907, 0.921, 0.934, 0.923, 0.932, 0.911, 0.938, 0.931, 0.922, 0.913, 0.918, 0.934]
0.926 0.013
40
[0.944, 0.942, 0.928, 0.937, 0.937, 0.957, 0.932, 0.945, 0.951, 0.904, 0.937, 0.948, 0.939, 0.938, 0.953, 0.925, 0.925, 0.937, 0.931, 0.929, 0.942, 0.917, 0.952, 0.945, 0.935, 0.92, 0.936, 0.946, 0.935, 0.922, 0.936, 0.926, 0.933, 0.942, 0.921, 0.943, 0.947, 0.938, 0.931, 0.916, 0.937, 0.945, 0.933, 0.935, 0.932, 0.945, 0.94, 0.934, 0.934, 0.945, 0.95, 0.937, 0.921, 0.947, 0.91, 0.93, 0.925, 0.935, 0.935, 0.935, 0.932, 0.936, 0.93, 0.933, 0.93, 0.936, 0.956, 0.916, 0.936, 0.937, 0.942, 0.932, 0.944, 0.92, 0.935, 0.952, 0.94, 0.958, 0.93, 0.947, 0.923, 0.928, 0.928, 0.921, 0.919, 0.958, 0.943, 0.951, 0.938, 0.932, 0.933, 0.936, 0.933, 0.93, 0.952, 0.956, 0.928, 0.951, 0.947, 0.949]
0.936 0.011
80
[0.937, 0.959, 0.954, 0.932, 0.957, 0.946, 0.953, 0.924, 0.949, 0.961, 0.946, 0.936, 0.944, 0.926, 0.933, 0.962, 0.944, 0.947, 0.947, 0.943, 0.945, 0.953, 0.905, 0.928, 0.925, 0.94, 0.952, 0.949, 0.966, 0.95, 0.95, 0.946, 0.927, 0.945, 0.943, 0.942, 0.956, 0.946, 0.944, 0.93, 0.946, 0.927, 0.955, 0.935, 0.95, 0.95, 0.938, 0.945, 0.926, 0.942, 0.949, 0.921, 0.948, 0.933, 0.946, 0.944, 0.946, 0.934, 0.943, 0.962, 0.937, 0.947, 0.949, 0.957, 0.957, 0.95, 0.943, 0.929, 0.962, 0.948, 0.948, 0.934, 0.937, 0.937, 0.946, 0.922, 0.946, 0.93, 0.941, 0.946, 0.949, 0.955, 0.936, 0.945, 0.946, 0.937, 0.942, 0.938, 0.952, 0.942, 0.945, 0.947, 0.957, 0.94, 0.943, 0.948, 0.94, 0.944, 0.952, 0.957]
0.944 0.01
160
[0.95, 0.958, 0.926, 0.956, 0.961, 0.943, 0.947, 0.949, 0.956, 0.946, 0.95, 0.935, 0.931, 0.942, 0.941, 0.946, 0.936, 0.952, 0.956, 0.942, 0.934, 0.966, 0.943, 0.955, 0.945, 0.933, 0.964, 0.94, 0.931, 0.927, 0.949, 0.952, 0.937, 0.941, 0.948, 0.955, 0.91, 0.957, 0.958, 0.942, 0.956, 0.949, 0.954, 0.941, 0.952, 0.957, 0.961, 0.945, 0.929, 0.938, 0.963, 0.939, 0.953, 0.954, 0.949, 0.94, 0.946, 0.934, 0.94, 0.953, 0.945, 0.956, 0.956, 0.939, 0.95, 0.951, 0.95, 0.952, 0.95, 0.94, 0.94, 0.92, 0.945, 0.952, 0.951, 0.951, 0.939, 0.928, 0.949, 0.947, 0.947, 0.953, 0.945, 0.967, 0.932, 0.935, 0.946, 0.956, 0.937, 0.933, 0.95, 0.95, 0.954, 0.952, 0.952, 0.958, 0.961, 0.958, 0.941, 0.95]
0.947 0.01
320
[0.966, 0.947, 0.956, 0.935, 0.932, 0.869, 0.946, 0.925, 0.945, 0.933, 0.956, 0.957, 0.952, 0.953, 0.958, 0.946, 0.931, 0.914, 0.94, 0.942, 0.931, 0.925, 0.952, 0.95, 0.935, 0.943, 0.932, 0.933, 0.938, 0.95, 0.946, 0.949, 0.93, 0.946, 0.937, 0.954, 0.943, 0.939, 0.946, 0.947, 0.952, 0.947, 0.954, 0.944, 0.954, 0.958, 0.952, 0.943, 0.939, 0.929, 0.892, 0.942, 0.95, 0.943, 0.966, 0.94, 0.943, 0.945, 0.942, 0.926, 0.954, 0.943, 0.939, 0.92, 0.959, 0.957, 0.96, 0.919, 0.938, 0.956, 0.95, 0.941, 0.92, 0.946, 0.93, 0.961, 0.946, 0.952, 0.925, 0.958, 0.939, 0.933, 0.945, 0.94, 0.95, 0.948, 0.945, 0.948, 0.938, 0.935, 0.942, 0.955, 0.945, 0.939, 0.931, 0.946, 0.937, 0.953, 0.947, 0.882]
0.942 0.015
