double CF L2
3
[0.866, 0.874, 0.898, 0.866, 0.921, 0.858, 0.858, 0.811, 0.866, 0.874, 0.874, 0.866, 0.882, 0.906, 0.803, 0.858, 0.882, 0.89, 0.866, 0.874, 0.858, 0.835, 0.866, 0.85, 0.898, 0.85, 0.819, 0.874, 0.866, 0.819, 0.898, 0.803, 0.85, 0.843, 0.866, 0.882, 0.866, 0.85, 0.882, 0.827, 0.858, 0.843, 0.85, 0.858, 0.858, 0.89, 0.827, 0.78, 0.898, 0.898, 0.843, 0.898, 0.866, 0.898, 0.85, 0.827, 0.866, 0.866, 0.89, 0.906, 0.858, 0.858, 0.898, 0.89, 0.874, 0.85, 0.866, 0.85, 0.913, 0.866, 0.858, 0.819, 0.866, 0.874, 0.866, 0.85, 0.882, 0.882, 0.858, 0.874, 0.874, 0.882, 0.898, 0.843, 0.843, 0.882, 0.89, 0.858, 0.882, 0.874, 0.819, 0.843, 0.89, 0.882, 0.827, 0.866, 0.913, 0.89, 0.866, 0.874]
0.865 0.026
5
[0.866, 0.89, 0.898, 0.906, 0.906, 0.85, 0.874, 0.85, 0.882, 0.874, 0.819, 0.874, 0.874, 0.866, 0.866, 0.835, 0.89, 0.858, 0.866, 0.843, 0.898, 0.858, 0.898, 0.874, 0.906, 0.85, 0.898, 0.882, 0.898, 0.843, 0.85, 0.866, 0.929, 0.906, 0.913, 0.85, 0.819, 0.89, 0.866, 0.882, 0.882, 0.906, 0.89, 0.882, 0.858, 0.929, 0.906, 0.882, 0.882, 0.874, 0.874, 0.882, 0.85, 0.85, 0.858, 0.843, 0.906, 0.898, 0.89, 0.913, 0.827, 0.89, 0.858, 0.85, 0.906, 0.882, 0.898, 0.85, 0.858, 0.906, 0.89, 0.882, 0.858, 0.913, 0.913, 0.898, 0.898, 0.858, 0.89, 0.858, 0.89, 0.866, 0.913, 0.882, 0.858, 0.85, 0.906, 0.858, 0.882, 0.835, 0.89, 0.89, 0.882, 0.89, 0.843, 0.882, 0.882, 0.89, 0.913, 0.89]
0.878 0.024
10
[0.874, 0.874, 0.906, 0.913, 0.898, 0.898, 0.898, 0.913, 0.898, 0.866, 0.89, 0.89, 0.89, 0.874, 0.898, 0.929, 0.89, 0.906, 0.898, 0.882, 0.858, 0.89, 0.921, 0.898, 0.874, 0.89, 0.89, 0.906, 0.913, 0.913, 0.882, 0.906, 0.898, 0.882, 0.89, 0.89, 0.89, 0.906, 0.874, 0.89, 0.89, 0.89, 0.882, 0.898, 0.866, 0.882, 0.882, 0.906, 0.858, 0.874, 0.898, 0.882, 0.882, 0.874, 0.898, 0.906, 0.898, 0.874, 0.835, 0.882, 0.882, 0.89, 0.858, 0.913, 0.874, 0.89, 0.85, 0.882, 0.921, 0.906, 0.874, 0.866, 0.906, 0.882, 0.882, 0.913, 0.882, 0.882, 0.898, 0.874, 0.913, 0.882, 0.882, 0.906, 0.882, 0.89, 0.874, 0.898, 0.906, 0.921, 0.874, 0.882, 0.906, 0.89, 0.843, 0.913, 0.866, 0.89, 0.898, 0.866]
0.889 0.017
20
[0.89, 0.898, 0.906, 0.906, 0.898, 0.898, 0.89, 0.89, 0.898, 0.906, 0.89, 0.898, 0.89, 0.89, 0.898, 0.906, 0.882, 0.898, 0.882, 0.882, 0.913, 0.89, 0.898, 0.874, 0.882, 0.882, 0.898, 0.866, 0.89, 0.89, 0.921, 0.89, 0.906, 0.913, 0.906, 0.89, 0.882, 0.898, 0.937, 0.898, 0.874, 0.882, 0.921, 0.906, 0.882, 0.874, 0.913, 0.906, 0.913, 0.882, 0.913, 0.913, 0.921, 0.906, 0.929, 0.906, 0.898, 0.882, 0.906, 0.89, 0.866, 0.89, 0.89, 0.898, 0.89, 0.898, 0.906, 0.874, 0.874, 0.898, 0.89, 0.882, 0.89, 0.882, 0.882, 0.866, 0.874, 0.882, 0.921, 0.882, 0.906, 0.898, 0.913, 0.882, 0.898, 0.913, 0.866, 0.898, 0.921, 0.898, 0.906, 0.906, 0.89, 0.906, 0.929, 0.906, 0.882, 0.89, 0.906, 0.89]
0.896 0.015
40
[0.89, 0.874, 0.89, 0.906, 0.898, 0.929, 0.913, 0.89, 0.882, 0.913, 0.89, 0.898, 0.89, 0.882, 0.913, 0.89, 0.882, 0.898, 0.898, 0.882, 0.898, 0.898, 0.89, 0.937, 0.89, 0.906, 0.906, 0.89, 0.898, 0.89, 0.913, 0.882, 0.898, 0.913, 0.906, 0.882, 0.89, 0.906, 0.874, 0.89, 0.898, 0.866, 0.89, 0.898, 0.898, 0.89, 0.898, 0.866, 0.874, 0.929, 0.882, 0.937, 0.906, 0.89, 0.866, 0.913, 0.898, 0.882, 0.882, 0.874, 0.874, 0.882, 0.913, 0.882, 0.874, 0.882, 0.874, 0.929, 0.882, 0.89, 0.906, 0.906, 0.906, 0.89, 0.898, 0.898, 0.874, 0.882, 0.906, 0.89, 0.89, 0.882, 0.89, 0.882, 0.89, 0.898, 0.882, 0.913, 0.89, 0.89, 0.874, 0.898, 0.898, 0.89, 0.89, 0.89, 0.898, 0.898, 0.906, 0.906]
0.894 0.015
80
[0.89, 0.913, 0.89, 0.898, 0.898, 0.898, 0.906, 0.898, 0.913, 0.898, 0.89, 0.898, 0.89, 0.898, 0.882, 0.913, 0.937, 0.874, 0.89, 0.89, 0.906, 0.89, 0.906, 0.874, 0.89, 0.89, 0.906, 0.906, 0.874, 0.906, 0.913, 0.882, 0.882, 0.874, 0.866, 0.921, 0.874, 0.906, 0.898, 0.89, 0.898, 0.898, 0.898, 0.898, 0.906, 0.906, 0.906, 0.906, 0.921, 0.882, 0.898, 0.929, 0.898, 0.906, 0.882, 0.882, 0.906, 0.906, 0.898, 0.898, 0.89, 0.906, 0.929, 0.906, 0.906, 0.913, 0.898, 0.906, 0.913, 0.898, 0.882, 0.898, 0.89, 0.882, 0.906, 0.882, 0.882, 0.882, 0.882, 0.921, 0.882, 0.898, 0.898, 0.882, 0.89, 0.898, 0.906, 0.906, 0.898, 0.898, 0.906, 0.898, 0.898, 0.929, 0.89, 0.89, 0.866, 0.874, 0.906, 0.89]
0.897 0.014
126
[0.906, 0.906, 0.906, 0.906, 0.898, 0.906, 0.906, 0.89, 0.906, 0.906, 0.906, 0.898, 0.898, 0.913, 0.882, 0.913, 0.906, 0.898, 0.898, 0.898, 0.898, 0.898, 0.913, 0.898, 0.913, 0.906, 0.913, 0.906, 0.906, 0.898, 0.913, 0.89, 0.906, 0.906, 0.898, 0.898, 0.906, 0.898, 0.913, 0.913, 0.906, 0.913, 0.906, 0.906, 0.898, 0.906, 0.898, 0.898, 0.898, 0.898, 0.898, 0.906, 0.913, 0.906, 0.913, 0.882, 0.906, 0.898, 0.898, 0.898, 0.921, 0.921, 0.89, 0.921, 0.89, 0.898, 0.913, 0.898, 0.913, 0.913, 0.906, 0.906, 0.898, 0.906, 0.906, 0.898, 0.921, 0.898, 0.921, 0.906, 0.913, 0.906, 0.898, 0.906, 0.913, 0.913, 0.913, 0.898, 0.906, 0.906, 0.898, 0.906, 0.906, 0.913, 0.913, 0.898, 0.913, 0.906, 0.89, 0.898]
0.904 0.008

double CF L1
3
[0.85, 0.921, 0.835, 0.882, 0.827, 0.795, 0.827, 0.898, 0.882, 0.78, 0.827, 0.827, 0.795, 0.732, 0.882, 0.874, 0.858, 0.843, 0.882, 0.866, 0.858, 0.795, 0.858, 0.858, 0.827, 0.858, 0.882, 0.898, 0.85, 0.85, 0.89, 0.874, 0.866, 0.827, 0.827, 0.866, 0.882, 0.85, 0.874, 0.85, 0.882, 0.843, 0.882, 0.843, 0.78, 0.74, 0.772, 0.866, 0.827, 0.835, 0.89, 0.882, 0.772, 0.89, 0.906, 0.843, 0.858, 0.803, 0.843, 0.866, 0.843, 0.906, 0.827, 0.732, 0.89, 0.787, 0.874, 0.843, 0.874, 0.843, 0.866, 0.858, 0.827, 0.866, 0.882, 0.866, 0.858, 0.843, 0.709, 0.843, 0.835, 0.906, 0.756, 0.764, 0.858, 0.827, 0.803, 0.858, 0.827, 0.882, 0.843, 0.835, 0.858, 0.945, 0.882, 0.866, 0.921, 0.85, 0.882, 0.843]
0.847 0.043
5
[0.811, 0.913, 0.882, 0.819, 0.898, 0.937, 0.874, 0.898, 0.858, 0.866, 0.921, 0.913, 0.882, 0.78, 0.85, 0.874, 0.85, 0.874, 0.882, 0.89, 0.811, 0.795, 0.913, 0.874, 0.913, 0.89, 0.843, 0.874, 0.921, 0.89, 0.89, 0.898, 0.89, 0.85, 0.882, 0.89, 0.89, 0.906, 0.866, 0.898, 0.874, 0.866, 0.866, 0.787, 0.906, 0.882, 0.819, 0.89, 0.858, 0.835, 0.85, 0.819, 0.89, 0.795, 0.882, 0.858, 0.882, 0.858, 0.898, 0.898, 0.898, 0.858, 0.874, 0.866, 0.78, 0.89, 0.921, 0.89, 0.811, 0.866, 0.874, 0.85, 0.921, 0.835, 0.858, 0.874, 0.898, 0.858, 0.858, 0.835, 0.913, 0.874, 0.811, 0.866, 0.835, 0.906, 0.866, 0.898, 0.906, 0.843, 0.89, 0.898, 0.898, 0.811, 0.772, 0.835, 0.866, 0.874, 0.89, 0.882]
0.869 0.035
10
[0.858, 0.898, 0.89, 0.89, 0.921, 0.906, 0.906, 0.89, 0.898, 0.898, 0.898, 0.906, 0.906, 0.874, 0.874, 0.874, 0.85, 0.89, 0.898, 0.882, 0.882, 0.898, 0.89, 0.866, 0.906, 0.89, 0.906, 0.89, 0.898, 0.898, 0.906, 0.906, 0.882, 0.945, 0.819, 0.898, 0.898, 0.929, 0.811, 0.866, 0.913, 0.89, 0.89, 0.898, 0.906, 0.874, 0.874, 0.913, 0.882, 0.898, 0.882, 0.89, 0.882, 0.906, 0.913, 0.89, 0.913, 0.913, 0.898, 0.882, 0.906, 0.882, 0.898, 0.921, 0.913, 0.906, 0.882, 0.906, 0.906, 0.906, 0.906, 0.898, 0.913, 0.866, 0.906, 0.906, 0.89, 0.874, 0.882, 0.85, 0.866, 0.882, 0.898, 0.882, 0.929, 0.906, 0.89, 0.898, 0.882, 0.874, 0.906, 0.89, 0.858, 0.89, 0.89, 0.89, 0.882, 0.858, 0.913, 0.866]
0.892 0.02
20
[0.89, 0.913, 0.906, 0.882, 0.882, 0.906, 0.882, 0.913, 0.89, 0.906, 0.89, 0.906, 0.906, 0.898, 0.898, 0.913, 0.89, 0.882, 0.913, 0.89, 0.898, 0.906, 0.89, 0.866, 0.913, 0.913, 0.921, 0.898, 0.913, 0.913, 0.89, 0.906, 0.921, 0.898, 0.906, 0.898, 0.898, 0.906, 0.929, 0.906, 0.898, 0.898, 0.89, 0.898, 0.906, 0.906, 0.906, 0.89, 0.89, 0.913, 0.898, 0.906, 0.898, 0.898, 0.898, 0.929, 0.913, 0.906, 0.913, 0.898, 0.913, 0.874, 0.898, 0.882, 0.906, 0.898, 0.906, 0.906, 0.913, 0.89, 0.89, 0.913, 0.898, 0.898, 0.89, 0.89, 0.906, 0.858, 0.906, 0.906, 0.898, 0.921, 0.89, 0.913, 0.89, 0.921, 0.913, 0.921, 0.882, 0.866, 0.929, 0.906, 0.882, 0.898, 0.913, 0.882, 0.906, 0.929, 0.882, 0.898]
0.901 0.014
40
[0.906, 0.898, 0.906, 0.906, 0.913, 0.89, 0.906, 0.898, 0.913, 0.898, 0.898, 0.898, 0.921, 0.913, 0.929, 0.898, 0.898, 0.906, 0.898, 0.913, 0.89, 0.89, 0.89, 0.921, 0.89, 0.913, 0.882, 0.906, 0.906, 0.921, 0.898, 0.913, 0.913, 0.89, 0.898, 0.898, 0.913, 0.898, 0.882, 0.913, 0.913, 0.898, 0.913, 0.921, 0.898, 0.906, 0.906, 0.921, 0.898, 0.921, 0.913, 0.913, 0.89, 0.913, 0.906, 0.906, 0.898, 0.906, 0.906, 0.921, 0.906, 0.921, 0.898, 0.906, 0.913, 0.898, 0.913, 0.906, 0.898, 0.906, 0.898, 0.906, 0.906, 0.937, 0.906, 0.906, 0.913, 0.89, 0.906, 0.898, 0.906, 0.906, 0.898, 0.906, 0.906, 0.906, 0.906, 0.898, 0.906, 0.89, 0.898, 0.906, 0.89, 0.89, 0.921, 0.921, 0.89, 0.882, 0.921, 0.906]
0.905 0.01
80
[0.898, 0.913, 0.913, 0.906, 0.906, 0.913, 0.898, 0.906, 0.906, 0.913, 0.89, 0.898, 0.898, 0.898, 0.913, 0.906, 0.906, 0.906, 0.906, 0.906, 0.89, 0.898, 0.898, 0.913, 0.913, 0.898, 0.906, 0.906, 0.906, 0.906, 0.898, 0.89, 0.898, 0.898, 0.898, 0.898, 0.898, 0.921, 0.913, 0.898, 0.898, 0.906, 0.906, 0.898, 0.906, 0.913, 0.898, 0.906, 0.906, 0.906, 0.898, 0.898, 0.906, 0.898, 0.898, 0.898, 0.913, 0.898, 0.898, 0.913, 0.898, 0.906, 0.898, 0.913, 0.898, 0.898, 0.898, 0.906, 0.898, 0.906, 0.906, 0.898, 0.89, 0.898, 0.906, 0.906, 0.898, 0.913, 0.929, 0.913, 0.906, 0.913, 0.898, 0.913, 0.906, 0.906, 0.898, 0.906, 0.898, 0.89, 0.906, 0.898, 0.906, 0.913, 0.913, 0.898, 0.929, 0.898, 0.921, 0.906]
0.904 0.008
126
[0.906, 0.906, 0.898, 0.906, 0.913, 0.913, 0.898, 0.913, 0.906, 0.906, 0.898, 0.913, 0.913, 0.913, 0.913, 0.898, 0.906, 0.898, 0.906, 0.906, 0.921, 0.906, 0.921, 0.906, 0.906, 0.913, 0.898, 0.906, 0.906, 0.906, 0.906, 0.913, 0.898, 0.898, 0.921, 0.898, 0.913, 0.906, 0.898, 0.906, 0.913, 0.906, 0.913, 0.898, 0.913, 0.898, 0.906, 0.906, 0.906, 0.929, 0.906, 0.913, 0.906, 0.906, 0.913, 0.898, 0.898, 0.913, 0.906, 0.906, 0.913, 0.906, 0.906, 0.898, 0.913, 0.898, 0.921, 0.913, 0.898, 0.906, 0.906, 0.913, 0.913, 0.906, 0.906, 0.89, 0.929, 0.898, 0.913, 0.913, 0.913, 0.913, 0.913, 0.913, 0.913, 0.906, 0.921, 0.906, 0.913, 0.898, 0.898, 0.906, 0.921, 0.906, 0.898, 0.913, 0.89, 0.906, 0.906, 0.906]
0.907 0.007

doubleCF MAD
3
[0.772, 0.819, 0.827, 0.843, 0.803, 0.827, 0.724, 0.843, 0.795, 0.819, 0.835, 0.811, 0.835, 0.819, 0.709, 0.858, 0.827, 0.913, 0.811, 0.811, 0.866, 0.724, 0.787, 0.787, 0.827, 0.835, 0.795, 0.835, 0.819, 0.85, 0.787, 0.748, 0.787, 0.819, 0.874, 0.835, 0.835, 0.748, 0.803, 0.803, 0.866, 0.756, 0.858, 0.866, 0.843, 0.803, 0.835, 0.858, 0.85, 0.835, 0.827, 0.835, 0.803, 0.795, 0.811, 0.843, 0.787, 0.85, 0.78, 0.835, 0.835, 0.835, 0.835, 0.811, 0.764, 0.827, 0.78, 0.756, 0.803, 0.811, 0.835, 0.827, 0.882, 0.803, 0.866, 0.827, 0.866, 0.811, 0.772, 0.827, 0.819, 0.811, 0.819, 0.819, 0.866, 0.874, 0.827, 0.898, 0.795, 0.85, 0.882, 0.874, 0.85, 0.803, 0.764, 0.78, 0.74, 0.803, 0.819, 0.772]
0.818 0.038
5
[0.843, 0.874, 0.819, 0.85, 0.764, 0.78, 0.827, 0.858, 0.827, 0.858, 0.866, 0.882, 0.811, 0.858, 0.795, 0.843, 0.866, 0.85, 0.748, 0.85, 0.89, 0.835, 0.858, 0.898, 0.827, 0.85, 0.811, 0.874, 0.85, 0.764, 0.803, 0.811, 0.803, 0.843, 0.858, 0.85, 0.85, 0.835, 0.858, 0.756, 0.858, 0.787, 0.85, 0.827, 0.835, 0.874, 0.858, 0.85, 0.843, 0.882, 0.85, 0.874, 0.858, 0.85, 0.827, 0.882, 0.843, 0.898, 0.85, 0.819, 0.858, 0.843, 0.858, 0.858, 0.858, 0.85, 0.819, 0.858, 0.858, 0.835, 0.843, 0.811, 0.85, 0.882, 0.858, 0.866, 0.898, 0.843, 0.827, 0.858, 0.85, 0.85, 0.866, 0.85, 0.858, 0.819, 0.819, 0.882, 0.811, 0.772, 0.85, 0.772, 0.866, 0.85, 0.898, 0.882, 0.866, 0.874, 0.827, 0.874]
0.844 0.031
10
[0.85, 0.85, 0.858, 0.85, 0.89, 0.874, 0.858, 0.874, 0.858, 0.874, 0.874, 0.89, 0.866, 0.874, 0.874, 0.843, 0.89, 0.874, 0.898, 0.85, 0.866, 0.85, 0.882, 0.866, 0.874, 0.874, 0.874, 0.913, 0.882, 0.906, 0.898, 0.906, 0.898, 0.858, 0.906, 0.874, 0.819, 0.906, 0.85, 0.85, 0.843, 0.85, 0.866, 0.882, 0.882, 0.882, 0.866, 0.898, 0.858, 0.874, 0.835, 0.898, 0.866, 0.858, 0.866, 0.89, 0.874, 0.835, 0.858, 0.858, 0.858, 0.858, 0.882, 0.882, 0.827, 0.835, 0.858, 0.898, 0.882, 0.866, 0.882, 0.874, 0.819, 0.89, 0.866, 0.85, 0.866, 0.858, 0.866, 0.85, 0.874, 0.866, 0.898, 0.89, 0.874, 0.874, 0.89, 0.89, 0.898, 0.874, 0.85, 0.85, 0.866, 0.827, 0.882, 0.874, 0.882, 0.858, 0.858, 0.89]
0.87 0.02
20
[0.898, 0.882, 0.874, 0.898, 0.898, 0.89, 0.874, 0.882, 0.858, 0.906, 0.89, 0.929, 0.929, 0.866, 0.89, 0.866, 0.858, 0.882, 0.898, 0.858, 0.882, 0.921, 0.874, 0.874, 0.898, 0.874, 0.89, 0.89, 0.882, 0.898, 0.898, 0.882, 0.898, 0.89, 0.921, 0.866, 0.882, 0.906, 0.882, 0.89, 0.85, 0.898, 0.882, 0.898, 0.89, 0.906, 0.866, 0.89, 0.913, 0.898, 0.882, 0.882, 0.866, 0.874, 0.882, 0.89, 0.882, 0.89, 0.898, 0.898, 0.858, 0.866, 0.89, 0.898, 0.898, 0.882, 0.898, 0.913, 0.882, 0.89, 0.89, 0.898, 0.882, 0.882, 0.929, 0.913, 0.89, 0.858, 0.866, 0.882, 0.906, 0.882, 0.89, 0.906, 0.89, 0.898, 0.874, 0.913, 0.882, 0.843, 0.882, 0.906, 0.874, 0.906, 0.906, 0.906, 0.89, 0.866, 0.874, 0.874]
0.888 0.017
40
[0.898, 0.882, 0.882, 0.898, 0.882, 0.89, 0.898, 0.89, 0.882, 0.898, 0.882, 0.906, 0.898, 0.906, 0.866, 0.906, 0.898, 0.89, 0.898, 0.89, 0.89, 0.89, 0.882, 0.89, 0.858, 0.898, 0.89, 0.906, 0.898, 0.921, 0.89, 0.906, 0.89, 0.898, 0.882, 0.906, 0.898, 0.906, 0.898, 0.913, 0.898, 0.874, 0.913, 0.89, 0.898, 0.874, 0.89, 0.898, 0.906, 0.874, 0.882, 0.906, 0.882, 0.898, 0.89, 0.882, 0.89, 0.898, 0.89, 0.906, 0.898, 0.89, 0.898, 0.89, 0.913, 0.898, 0.898, 0.89, 0.89, 0.906, 0.898, 0.906, 0.89, 0.89, 0.898, 0.921, 0.898, 0.898, 0.89, 0.882, 0.921, 0.898, 0.89, 0.906, 0.898, 0.913, 0.906, 0.89, 0.898, 0.89, 0.89, 0.89, 0.906, 0.89, 0.882, 0.898, 0.898, 0.898, 0.913, 0.882]
0.895 0.011
80
[0.898, 0.89, 0.882, 0.898, 0.898, 0.898, 0.898, 0.906, 0.913, 0.89, 0.898, 0.898, 0.89, 0.921, 0.906, 0.906, 0.89, 0.898, 0.89, 0.89, 0.906, 0.906, 0.89, 0.89, 0.89, 0.898, 0.89, 0.898, 0.913, 0.898, 0.898, 0.898, 0.898, 0.898, 0.898, 0.913, 0.898, 0.913, 0.882, 0.898, 0.89, 0.898, 0.906, 0.906, 0.913, 0.913, 0.906, 0.898, 0.906, 0.906, 0.898, 0.906, 0.906, 0.913, 0.898, 0.89, 0.898, 0.89, 0.89, 0.913, 0.906, 0.882, 0.89, 0.882, 0.898, 0.89, 0.906, 0.913, 0.906, 0.898, 0.89, 0.913, 0.906, 0.89, 0.906, 0.898, 0.898, 0.898, 0.898, 0.89, 0.89, 0.906, 0.882, 0.906, 0.913, 0.89, 0.906, 0.898, 0.89, 0.89, 0.89, 0.898, 0.898, 0.898, 0.89, 0.906, 0.898, 0.898, 0.906, 0.898]
0.899 0.008
126
[0.89, 0.913, 0.898, 0.898, 0.898, 0.89, 0.906, 0.898, 0.898, 0.906, 0.906, 0.89, 0.906, 0.898, 0.89, 0.906, 0.898, 0.898, 0.898, 0.906, 0.89, 0.898, 0.89, 0.906, 0.906, 0.882, 0.89, 0.89, 0.898, 0.89, 0.913, 0.898, 0.906, 0.906, 0.89, 0.906, 0.898, 0.898, 0.913, 0.882, 0.898, 0.89, 0.89, 0.906, 0.906, 0.906, 0.898, 0.906, 0.898, 0.898, 0.906, 0.898, 0.906, 0.898, 0.898, 0.89, 0.906, 0.898, 0.906, 0.906, 0.898, 0.906, 0.906, 0.89, 0.898, 0.898, 0.898, 0.89, 0.89, 0.898, 0.906, 0.89, 0.906, 0.906, 0.898, 0.898, 0.898, 0.898, 0.898, 0.882, 0.906, 0.898, 0.921, 0.898, 0.898, 0.898, 0.89, 0.898, 0.906, 0.89, 0.898, 0.906, 0.898, 0.906, 0.906, 0.89, 0.898, 0.89, 0.89, 0.906]
0.899 0.007

