double CF L2
3
[0.835, 0.858, 0.882, 0.811, 0.835, 0.835, 0.858, 0.811, 0.913, 0.843, 0.835, 0.843, 0.866, 0.874, 0.803, 0.811, 0.803, 0.811, 0.843, 0.795, 0.874, 0.472, 0.764, 0.858, 0.843, 0.843, 0.827, 0.827, 0.866, 0.858, 0.874, 0.858, 0.819, 0.827, 0.827, 0.858, 0.85, 0.827, 0.827, 0.874, 0.858, 0.85, 0.866, 0.835, 0.835, 0.819, 0.89, 0.906, 0.827, 0.898, 0.874, 0.882, 0.866, 0.858, 0.866, 0.874, 0.89, 0.811, 0.772, 0.835, 0.85, 0.811, 0.835, 0.835, 0.843, 0.843, 0.787, 0.827, 0.874, 0.858, 0.882, 0.843, 0.811, 0.874, 0.819, 0.85, 0.858, 0.858, 0.811, 0.85, 0.827, 0.748, 0.858, 0.827, 0.78, 0.843, 0.803, 0.803, 0.756, 0.811, 0.906, 0.882, 0.858, 0.787, 0.819, 0.866, 0.85, 0.795, 0.835, 0.827]
0.836 0.049
5
[0.858, 0.858, 0.827, 0.866, 0.866, 0.906, 0.85, 0.835, 0.866, 0.882, 0.89, 0.85, 0.89, 0.858, 0.843, 0.866, 0.843, 0.874, 0.843, 0.882, 0.819, 0.858, 0.89, 0.811, 0.89, 0.866, 0.85, 0.882, 0.843, 0.874, 0.85, 0.858, 0.819, 0.85, 0.866, 0.898, 0.811, 0.811, 0.858, 0.85, 0.835, 0.89, 0.827, 0.898, 0.701, 0.827, 0.835, 0.858, 0.85, 0.843, 0.835, 0.843, 0.89, 0.874, 0.827, 0.874, 0.882, 0.874, 0.795, 0.85, 0.835, 0.835, 0.795, 0.85, 0.882, 0.819, 0.827, 0.835, 0.843, 0.835, 0.811, 0.85, 0.866, 0.866, 0.858, 0.85, 0.811, 0.835, 0.874, 0.858, 0.866, 0.858, 0.866, 0.843, 0.858, 0.882, 0.882, 0.803, 0.906, 0.866, 0.819, 0.85, 0.858, 0.874, 0.89, 0.906, 0.882, 0.866, 0.882, 0.858]
0.854 0.03
10
[0.906, 0.835, 0.882, 0.866, 0.85, 0.906, 0.866, 0.882, 0.874, 0.843, 0.85, 0.803, 0.882, 0.874, 0.858, 0.858, 0.913, 0.89, 0.898, 0.874, 0.858, 0.89, 0.866, 0.874, 0.843, 0.866, 0.874, 0.866, 0.843, 0.89, 0.858, 0.874, 0.882, 0.85, 0.827, 0.874, 0.772, 0.827, 0.858, 0.866, 0.858, 0.89, 0.89, 0.858, 0.85, 0.843, 0.874, 0.898, 0.85, 0.882, 0.85, 0.866, 0.835, 0.843, 0.858, 0.898, 0.843, 0.882, 0.866, 0.843, 0.882, 0.921, 0.866, 0.906, 0.866, 0.85, 0.827, 0.866, 0.866, 0.811, 0.843, 0.827, 0.874, 0.858, 0.85, 0.843, 0.89, 0.85, 0.85, 0.874, 0.874, 0.882, 0.866, 0.835, 0.843, 0.89, 0.85, 0.866, 0.874, 0.874, 0.898, 0.882, 0.882, 0.819, 0.819, 0.843, 0.835, 0.866, 0.866, 0.858]
0.863 0.025
20
[0.874, 0.898, 0.882, 0.882, 0.898, 0.882, 0.866, 0.866, 0.882, 0.835, 0.874, 0.866, 0.882, 0.858, 0.906, 0.843, 0.882, 0.866, 0.85, 0.874, 0.866, 0.858, 0.874, 0.882, 0.858, 0.874, 0.89, 0.882, 0.843, 0.866, 0.748, 0.882, 0.874, 0.866, 0.882, 0.874, 0.858, 0.874, 0.858, 0.843, 0.866, 0.858, 0.858, 0.866, 0.858, 0.906, 0.882, 0.898, 0.882, 0.866, 0.866, 0.89, 0.874, 0.89, 0.85, 0.874, 0.874, 0.858, 0.866, 0.858, 0.882, 0.874, 0.874, 0.89, 0.898, 0.858, 0.882, 0.89, 0.874, 0.85, 0.898, 0.866, 0.89, 0.874, 0.866, 0.858, 0.858, 0.898, 0.858, 0.874, 0.882, 0.866, 0.882, 0.89, 0.866, 0.882, 0.882, 0.874, 0.843, 0.858, 0.882, 0.866, 0.835, 0.85, 0.85, 0.874, 0.898, 0.866, 0.858, 0.874]
0.87 0.02
40
[0.85, 0.858, 0.898, 0.85, 0.906, 0.866, 0.906, 0.882, 0.858, 0.866, 0.906, 0.882, 0.898, 0.866, 0.858, 0.882, 0.89, 0.882, 0.921, 0.874, 0.913, 0.866, 0.866, 0.906, 0.882, 0.858, 0.874, 0.85, 0.866, 0.898, 0.882, 0.85, 0.866, 0.874, 0.89, 0.85, 0.906, 0.874, 0.882, 0.874, 0.882, 0.858, 0.89, 0.882, 0.874, 0.913, 0.882, 0.882, 0.906, 0.882, 0.882, 0.882, 0.843, 0.882, 0.898, 0.874, 0.882, 0.787, 0.882, 0.898, 0.882, 0.89, 0.866, 0.874, 0.858, 0.874, 0.858, 0.898, 0.866, 0.874, 0.858, 0.882, 0.858, 0.874, 0.874, 0.882, 0.858, 0.898, 0.866, 0.906, 0.898, 0.882, 0.898, 0.898, 0.89, 0.874, 0.866, 0.85, 0.858, 0.874, 0.827, 0.866, 0.874, 0.874, 0.858, 0.866, 0.858, 0.866, 0.874, 0.858]
0.876 0.02
80
[0.85, 0.913, 0.843, 0.913, 0.898, 0.866, 0.882, 0.89, 0.882, 0.89, 0.898, 0.906, 0.906, 0.882, 0.866, 0.882, 0.882, 0.882, 0.913, 0.85, 0.906, 0.898, 0.898, 0.866, 0.866, 0.874, 0.898, 0.906, 0.858, 0.858, 0.906, 0.89, 0.913, 0.89, 0.906, 0.882, 0.78, 0.898, 0.89, 0.874, 0.89, 0.906, 0.89, 0.882, 0.874, 0.906, 0.85, 0.866, 0.898, 0.89, 0.906, 0.898, 0.921, 0.906, 0.898, 0.898, 0.89, 0.819, 0.866, 0.866, 0.85, 0.882, 0.898, 0.874, 0.913, 0.89, 0.866, 0.898, 0.898, 0.874, 0.906, 0.866, 0.843, 0.906, 0.929, 0.85, 0.882, 0.866, 0.858, 0.89, 0.882, 0.882, 0.898, 0.89, 0.866, 0.89, 0.866, 0.843, 0.906, 0.898, 0.874, 0.89, 0.858, 0.843, 0.843, 0.882, 0.85, 0.882, 0.874, 0.843]
0.882 0.024
126
[0.89, 0.874, 0.89, 0.858, 0.898, 0.89, 0.85, 0.866, 0.89, 0.843, 0.898, 0.866, 0.882, 0.85, 0.898, 0.843, 0.882, 0.882, 0.882, 0.882, 0.898, 0.89, 0.89, 0.866, 0.874, 0.906, 0.906, 0.898, 0.89, 0.906, 0.866, 0.866, 0.835, 0.906, 0.85, 0.827, 0.882, 0.858, 0.874, 0.85, 0.858, 0.898, 0.906, 0.921, 0.898, 0.89, 0.898, 0.882, 0.921, 0.89, 0.874, 0.866, 0.882, 0.843, 0.835, 0.89, 0.913, 0.866, 0.866, 0.898, 0.85, 0.89, 0.882, 0.898, 0.866, 0.866, 0.866, 0.898, 0.874, 0.89, 0.866, 0.882, 0.89, 0.89, 0.858, 0.898, 0.906, 0.906, 0.866, 0.89, 0.89, 0.882, 0.89, 0.89, 0.89, 0.898, 0.898, 0.898, 0.882, 0.882, 0.89, 0.898, 0.906, 0.913, 0.913, 0.898, 0.89, 0.882, 0.874, 0.874]
0.882 0.02

double CF L1
3
[0.827, 0.78, 0.622, 0.858, 0.858, 0.701, 0.803, 0.858, 0.732, 0.85, 0.874, 0.748, 0.835, 0.811, 0.858, 0.772, 0.772, 0.787, 0.858, 0.756, 0.772, 0.764, 0.835, 0.811, 0.85, 0.717, 0.795, 0.787, 0.811, 0.85, 0.795, 0.661, 0.772, 0.819, 0.709, 0.819, 0.756, 0.85, 0.748, 0.74, 0.858, 0.819, 0.827, 0.787, 0.772, 0.78, 0.787, 0.835, 0.827, 0.787, 0.669, 0.732, 0.74, 0.827, 0.843, 0.89, 0.843, 0.85, 0.661, 0.756, 0.764, 0.701, 0.724, 0.843, 0.882, 0.795, 0.772, 0.74, 0.74, 0.724, 0.858, 0.882, 0.811, 0.866, 0.811, 0.787, 0.85, 0.78, 0.811, 0.78, 0.795, 0.866, 0.803, 0.843, 0.78, 0.843, 0.811, 0.835, 0.811, 0.843, 0.843, 0.772, 0.78, 0.543, 0.795, 0.811, 0.827, 0.748, 0.827, 0.874]
0.795 0.059
5
[0.787, 0.85, 0.803, 0.795, 0.74, 0.843, 0.669, 0.819, 0.795, 0.78, 0.811, 0.835, 0.85, 0.882, 0.795, 0.795, 0.787, 0.843, 0.811, 0.764, 0.827, 0.858, 0.843, 0.811, 0.866, 0.701, 0.827, 0.843, 0.85, 0.795, 0.756, 0.827, 0.85, 0.843, 0.843, 0.866, 0.85, 0.717, 0.78, 0.732, 0.858, 0.717, 0.843, 0.748, 0.772, 0.78, 0.827, 0.74, 0.575, 0.803, 0.819, 0.85, 0.74, 0.803, 0.843, 0.858, 0.866, 0.701, 0.811, 0.795, 0.803, 0.795, 0.717, 0.874, 0.803, 0.843, 0.843, 0.85, 0.85, 0.764, 0.819, 0.764, 0.811, 0.866, 0.74, 0.843, 0.858, 0.85, 0.843, 0.772, 0.85, 0.85, 0.787, 0.677, 0.85, 0.874, 0.803, 0.795, 0.843, 0.835, 0.819, 0.866, 0.803, 0.78, 0.811, 0.858, 0.827, 0.882, 0.764, 0.764]
0.807 0.053
10
[0.843, 0.811, 0.811, 0.874, 0.819, 0.819, 0.882, 0.835, 0.843, 0.874, 0.866, 0.874, 0.843, 0.85, 0.819, 0.874, 0.858, 0.811, 0.874, 0.858, 0.827, 0.819, 0.866, 0.819, 0.819, 0.858, 0.85, 0.898, 0.764, 0.858, 0.843, 0.819, 0.756, 0.819, 0.827, 0.795, 0.89, 0.858, 0.843, 0.866, 0.866, 0.866, 0.866, 0.843, 0.866, 0.787, 0.843, 0.795, 0.85, 0.874, 0.85, 0.85, 0.874, 0.827, 0.803, 0.858, 0.874, 0.866, 0.85, 0.819, 0.843, 0.85, 0.835, 0.819, 0.898, 0.85, 0.858, 0.827, 0.843, 0.78, 0.874, 0.843, 0.78, 0.811, 0.843, 0.843, 0.858, 0.843, 0.913, 0.858, 0.882, 0.78, 0.874, 0.827, 0.898, 0.811, 0.85, 0.882, 0.858, 0.756, 0.835, 0.835, 0.858, 0.858, 0.858, 0.874, 0.89, 0.866, 0.843, 0.827]
0.844 0.031
20
[0.874, 0.882, 0.772, 0.874, 0.803, 0.835, 0.858, 0.819, 0.874, 0.898, 0.898, 0.874, 0.882, 0.89, 0.858, 0.85, 0.882, 0.874, 0.921, 0.874, 0.866, 0.882, 0.89, 0.89, 0.835, 0.858, 0.866, 0.866, 0.866, 0.748, 0.866, 0.835, 0.874, 0.858, 0.898, 0.882, 0.882, 0.874, 0.874, 0.898, 0.882, 0.866, 0.882, 0.85, 0.866, 0.866, 0.85, 0.866, 0.843, 0.874, 0.89, 0.866, 0.85, 0.858, 0.898, 0.89, 0.843, 0.921, 0.85, 0.882, 0.858, 0.866, 0.921, 0.874, 0.858, 0.89, 0.882, 0.85, 0.898, 0.866, 0.803, 0.827, 0.874, 0.858, 0.89, 0.89, 0.89, 0.882, 0.803, 0.835, 0.858, 0.89, 0.827, 0.811, 0.874, 0.803, 0.882, 0.843, 0.882, 0.874, 0.898, 0.882, 0.811, 0.874, 0.858, 0.882, 0.882, 0.898, 0.866, 0.866]
0.866 0.029
40
[0.898, 0.858, 0.89, 0.827, 0.882, 0.866, 0.858, 0.882, 0.866, 0.898, 0.89, 0.913, 0.882, 0.866, 0.89, 0.89, 0.85, 0.874, 0.874, 0.898, 0.858, 0.882, 0.843, 0.748, 0.866, 0.866, 0.882, 0.858, 0.882, 0.882, 0.874, 0.803, 0.874, 0.858, 0.882, 0.858, 0.906, 0.843, 0.921, 0.882, 0.882, 0.874, 0.882, 0.882, 0.898, 0.866, 0.874, 0.913, 0.906, 0.89, 0.874, 0.898, 0.89, 0.898, 0.843, 0.898, 0.858, 0.866, 0.866, 0.882, 0.866, 0.85, 0.843, 0.874, 0.819, 0.866, 0.882, 0.858, 0.858, 0.898, 0.85, 0.882, 0.898, 0.882, 0.89, 0.795, 0.866, 0.866, 0.866, 0.874, 0.866, 0.843, 0.874, 0.866, 0.874, 0.866, 0.866, 0.874, 0.882, 0.882, 0.882, 0.874, 0.874, 0.882, 0.874, 0.89, 0.882, 0.874, 0.866, 0.89]
0.872 0.024
80
[0.882, 0.898, 0.858, 0.89, 0.906, 0.866, 0.906, 0.89, 0.882, 0.85, 0.89, 0.898, 0.89, 0.906, 0.913, 0.874, 0.906, 0.913, 0.843, 0.866, 0.898, 0.898, 0.906, 0.866, 0.874, 0.874, 0.882, 0.898, 0.89, 0.882, 0.898, 0.858, 0.898, 0.898, 0.906, 0.898, 0.89, 0.89, 0.866, 0.882, 0.921, 0.874, 0.882, 0.874, 0.913, 0.906, 0.913, 0.882, 0.874, 0.866, 0.89, 0.866, 0.906, 0.882, 0.921, 0.866, 0.898, 0.882, 0.906, 0.906, 0.89, 0.906, 0.898, 0.866, 0.882, 0.89, 0.89, 0.89, 0.866, 0.913, 0.89, 0.866, 0.866, 0.898, 0.874, 0.874, 0.882, 0.906, 0.701, 0.89, 0.874, 0.898, 0.874, 0.882, 0.882, 0.858, 0.89, 0.866, 0.882, 0.906, 0.866, 0.874, 0.89, 0.882, 0.898, 0.913, 0.898, 0.898, 0.913, 0.874]
0.886 0.025
126
[0.906, 0.906, 0.898, 0.913, 0.898, 0.89, 0.89, 0.913, 0.882, 0.898, 0.85, 0.874, 0.89, 0.882, 0.874, 0.906, 0.858, 0.906, 0.906, 0.874, 0.89, 0.835, 0.898, 0.898, 0.882, 0.874, 0.898, 0.921, 0.913, 0.898, 0.898, 0.913, 0.906, 0.913, 0.89, 0.89, 0.89, 0.89, 0.89, 0.913, 0.913, 0.858, 0.858, 0.906, 0.89, 0.906, 0.906, 0.913, 0.874, 0.906, 0.858, 0.898, 0.882, 0.913, 0.874, 0.913, 0.874, 0.898, 0.874, 0.898, 0.913, 0.906, 0.913, 0.882, 0.827, 0.882, 0.913, 0.913, 0.882, 0.906, 0.898, 0.858, 0.89, 0.906, 0.89, 0.89, 0.882, 0.906, 0.858, 0.89, 0.929, 0.874, 0.89, 0.874, 0.882, 0.89, 0.89, 0.85, 0.913, 0.906, 0.906, 0.882, 0.898, 0.89, 0.89, 0.898, 0.85, 0.913, 0.882, 0.898]
0.891 0.019

double CF MAD
3
[0.811, 0.827, 0.764, 0.724, 0.819, 0.764, 0.764, 0.748, 0.732, 0.756, 0.756, 0.693, 0.732, 0.827, 0.787, 0.748, 0.78, 0.74, 0.787, 0.827, 0.74, 0.803, 0.795, 0.803, 0.811, 0.748, 0.74, 0.709, 0.764, 0.748, 0.78, 0.717, 0.827, 0.78, 0.756, 0.717, 0.827, 0.795, 0.787, 0.709, 0.772, 0.661, 0.669, 0.724, 0.819, 0.74, 0.85, 0.748, 0.787, 0.724, 0.795, 0.732, 0.795, 0.748, 0.787, 0.677, 0.795, 0.701, 0.795, 0.78, 0.835, 0.756, 0.811, 0.811, 0.748, 0.724, 0.803, 0.772, 0.843, 0.685, 0.795, 0.787, 0.811, 0.693, 0.756, 0.764, 0.74, 0.732, 0.717, 0.685, 0.835, 0.827, 0.669, 0.709, 0.748, 0.732, 0.74, 0.803, 0.811, 0.787, 0.701, 0.724, 0.74, 0.827, 0.669, 0.827, 0.819, 0.827, 0.74, 0.748]
0.764 0.046
5
[0.874, 0.835, 0.843, 0.827, 0.819, 0.835, 0.803, 0.866, 0.866, 0.85, 0.819, 0.748, 0.787, 0.819, 0.811, 0.858, 0.811, 0.811, 0.835, 0.795, 0.819, 0.811, 0.764, 0.787, 0.787, 0.835, 0.843, 0.835, 0.819, 0.827, 0.764, 0.843, 0.748, 0.764, 0.835, 0.819, 0.874, 0.756, 0.693, 0.795, 0.827, 0.772, 0.827, 0.835, 0.811, 0.764, 0.764, 0.858, 0.764, 0.835, 0.764, 0.858, 0.764, 0.819, 0.756, 0.787, 0.795, 0.866, 0.858, 0.811, 0.843, 0.748, 0.685, 0.835, 0.724, 0.787, 0.756, 0.803, 0.827, 0.843, 0.858, 0.756, 0.677, 0.787, 0.764, 0.85, 0.819, 0.795, 0.803, 0.756, 0.803, 0.85, 0.819, 0.795, 0.693, 0.866, 0.78, 0.803, 0.803, 0.811, 0.827, 0.717, 0.858, 0.866, 0.858, 0.882, 0.85, 0.811, 0.803, 0.772]
0.806 0.044
10
[0.803, 0.78, 0.827, 0.827, 0.811, 0.843, 0.795, 0.819, 0.811, 0.795, 0.827, 0.78, 0.819, 0.866, 0.843, 0.803, 0.843, 0.78, 0.787, 0.858, 0.803, 0.835, 0.858, 0.764, 0.803, 0.827, 0.795, 0.819, 0.827, 0.787, 0.843, 0.819, 0.78, 0.827, 0.827, 0.803, 0.827, 0.835, 0.787, 0.811, 0.843, 0.827, 0.803, 0.795, 0.858, 0.748, 0.827, 0.803, 0.835, 0.787, 0.78, 0.811, 0.835, 0.803, 0.819, 0.827, 0.795, 0.835, 0.835, 0.811, 0.756, 0.803, 0.811, 0.85, 0.819, 0.732, 0.835, 0.858, 0.764, 0.835, 0.85, 0.827, 0.811, 0.819, 0.827, 0.803, 0.787, 0.787, 0.811, 0.74, 0.795, 0.858, 0.811, 0.843, 0.858, 0.787, 0.74, 0.843, 0.827, 0.709, 0.811, 0.803, 0.811, 0.748, 0.835, 0.843, 0.693, 0.85, 0.85, 0.811]
0.811 0.033
20
[0.827, 0.858, 0.858, 0.858, 0.85, 0.843, 0.811, 0.843, 0.795, 0.835, 0.835, 0.843, 0.843, 0.835, 0.843, 0.858, 0.835, 0.843, 0.843, 0.78, 0.843, 0.827, 0.843, 0.811, 0.843, 0.843, 0.85, 0.858, 0.843, 0.85, 0.835, 0.843, 0.835, 0.866, 0.843, 0.835, 0.858, 0.835, 0.811, 0.819, 0.85, 0.835, 0.811, 0.866, 0.85, 0.787, 0.843, 0.835, 0.843, 0.882, 0.803, 0.787, 0.795, 0.819, 0.835, 0.827, 0.874, 0.835, 0.866, 0.819, 0.858, 0.843, 0.858, 0.835, 0.843, 0.811, 0.827, 0.803, 0.858, 0.843, 0.835, 0.819, 0.819, 0.858, 0.78, 0.843, 0.819, 0.787, 0.85, 0.835, 0.819, 0.866, 0.858, 0.827, 0.85, 0.827, 0.866, 0.835, 0.819, 0.811, 0.85, 0.803, 0.866, 0.835, 0.835, 0.811, 0.819, 0.858, 0.843, 0.819]
0.835 0.021
40
[0.866, 0.85, 0.858, 0.85, 0.835, 0.819, 0.843, 0.835, 0.858, 0.835, 0.827, 0.866, 0.85, 0.827, 0.827, 0.85, 0.858, 0.866, 0.882, 0.858, 0.843, 0.85, 0.843, 0.835, 0.85, 0.827, 0.858, 0.811, 0.843, 0.89, 0.858, 0.858, 0.858, 0.858, 0.866, 0.85, 0.866, 0.819, 0.866, 0.866, 0.866, 0.874, 0.866, 0.835, 0.858, 0.85, 0.843, 0.819, 0.882, 0.85, 0.882, 0.858, 0.827, 0.874, 0.819, 0.866, 0.858, 0.835, 0.85, 0.843, 0.843, 0.866, 0.866, 0.866, 0.866, 0.819, 0.843, 0.866, 0.843, 0.85, 0.85, 0.85, 0.827, 0.835, 0.843, 0.874, 0.85, 0.858, 0.866, 0.858, 0.866, 0.866, 0.858, 0.843, 0.843, 0.858, 0.866, 0.874, 0.858, 0.858, 0.85, 0.85, 0.858, 0.898, 0.843, 0.85, 0.827, 0.835, 0.866, 0.85]
0.852 0.017
80
[0.843, 0.89, 0.843, 0.858, 0.866, 0.85, 0.874, 0.874, 0.874, 0.874, 0.906, 0.843, 0.85, 0.89, 0.85, 0.835, 0.866, 0.89, 0.85, 0.858, 0.858, 0.85, 0.866, 0.882, 0.866, 0.882, 0.874, 0.874, 0.866, 0.89, 0.85, 0.882, 0.835, 0.866, 0.866, 0.858, 0.882, 0.882, 0.835, 0.866, 0.874, 0.882, 0.89, 0.89, 0.874, 0.89, 0.906, 0.882, 0.882, 0.882, 0.882, 0.85, 0.866, 0.866, 0.874, 0.795, 0.85, 0.874, 0.866, 0.85, 0.858, 0.874, 0.858, 0.874, 0.882, 0.858, 0.89, 0.874, 0.866, 0.874, 0.858, 0.866, 0.866, 0.874, 0.858, 0.858, 0.882, 0.882, 0.906, 0.858, 0.866, 0.882, 0.866, 0.827, 0.874, 0.866, 0.874, 0.866, 0.835, 0.866, 0.827, 0.89, 0.85, 0.858, 0.882, 0.866, 0.874, 0.898, 0.85, 0.866]
0.867 0.018
126
[0.921, 0.882, 0.858, 0.85, 0.874, 0.843, 0.874, 0.882, 0.866, 0.866, 0.89, 0.858, 0.89, 0.874, 0.898, 0.787, 0.874, 0.874, 0.882, 0.811, 0.898, 0.898, 0.882, 0.906, 0.866, 0.874, 0.874, 0.913, 0.874, 0.882, 0.913, 0.819, 0.898, 0.898, 0.89, 0.882, 0.89, 0.882, 0.866, 0.882, 0.866, 0.874, 0.866, 0.874, 0.85, 0.882, 0.858, 0.874, 0.858, 0.898, 0.89, 0.89, 0.858, 0.866, 0.882, 0.898, 0.874, 0.866, 0.866, 0.882, 0.89, 0.874, 0.866, 0.882, 0.874, 0.827, 0.882, 0.866, 0.89, 0.874, 0.874, 0.85, 0.858, 0.866, 0.89, 0.85, 0.874, 0.882, 0.898, 0.89, 0.89, 0.89, 0.874, 0.85, 0.882, 0.866, 0.866, 0.866, 0.858, 0.874, 0.874, 0.874, 0.874, 0.866, 0.874, 0.906, 0.89, 0.89, 0.882, 0.874]
0.875 0.02

