prediction interface
3
[0.616, 0.745, 0.566, 0.852, 0.56, 0.434, 0.71, 0.566, 0.509, 0.743, 0.776, 0.801, 0.771, 0.566, 0.652, 0.566, 0.566, 0.666, 0.744, 0.649, 0.566, 0.671, 0.784, 0.434, 0.603, 0.752, 0.759, 0.784, 0.672, 0.723, 0.705, 0.434, 0.639, 0.566, 0.678, 0.685, 0.566, 0.6, 0.625, 0.566, 0.566, 0.808, 0.624, 0.434, 0.838, 0.754, 0.684, 0.704, 0.729, 0.576, 0.766, 0.756, 0.832, 0.699, 0.566, 0.6, 0.675, 0.738, 0.434, 0.647, 0.435, 0.787, 0.565, 0.566, 0.696, 0.774, 0.764, 0.711, 0.566, 0.653, 0.636, 0.499, 0.576, 0.625, 0.566, 0.434, 0.566, 0.787, 0.689, 0.434, 0.566, 0.566, 0.566, 0.434, 0.529, 0.74, 0.594, 0.782, 0.659, 0.788, 0.803, 0.767, 0.736, 0.569, 0.434, 0.563, 0.566, 0.806, 0.566, 0.566]
0.642 0.112
5
[0.647, 0.657, 0.844, 0.664, 0.81, 0.863, 0.85, 0.792, 0.697, 0.82, 0.721, 0.8, 0.613, 0.718, 0.816, 0.557, 0.702, 0.693, 0.789, 0.784, 0.694, 0.65, 0.805, 0.81, 0.793, 0.716, 0.736, 0.721, 0.759, 0.825, 0.715, 0.882, 0.865, 0.764, 0.74, 0.814, 0.808, 0.651, 0.757, 0.648, 0.66, 0.76, 0.661, 0.777, 0.812, 0.697, 0.815, 0.857, 0.784, 0.669, 0.687, 0.572, 0.74, 0.818, 0.826, 0.434, 0.768, 0.674, 0.693, 0.785, 0.689, 0.752, 0.749, 0.625, 0.708, 0.784, 0.83, 0.694, 0.821, 0.829, 0.847, 0.765, 0.566, 0.609, 0.863, 0.763, 0.651, 0.621, 0.753, 0.798, 0.818, 0.635, 0.735, 0.819, 0.714, 0.807, 0.572, 0.722, 0.734, 0.734, 0.702, 0.701, 0.855, 0.738, 0.842, 0.859, 0.639, 0.836, 0.631, 0.434]
0.737 0.089
10
[0.867, 0.854, 0.814, 0.845, 0.777, 0.603, 0.572, 0.665, 0.78, 0.707, 0.815, 0.863, 0.802, 0.798, 0.848, 0.749, 0.717, 0.88, 0.799, 0.785, 0.801, 0.775, 0.769, 0.867, 0.79, 0.77, 0.784, 0.784, 0.826, 0.719, 0.809, 0.83, 0.831, 0.822, 0.79, 0.772, 0.647, 0.811, 0.775, 0.813, 0.817, 0.669, 0.653, 0.87, 0.667, 0.819, 0.814, 0.788, 0.635, 0.8, 0.664, 0.879, 0.831, 0.836, 0.762, 0.766, 0.731, 0.803, 0.767, 0.803, 0.785, 0.782, 0.854, 0.798, 0.715, 0.791, 0.844, 0.817, 0.828, 0.818, 0.844, 0.803, 0.67, 0.865, 0.809, 0.751, 0.755, 0.757, 0.732, 0.848, 0.783, 0.872, 0.77, 0.842, 0.782, 0.712, 0.819, 0.776, 0.762, 0.851, 0.835, 0.812, 0.801, 0.81, 0.712, 0.801, 0.84, 0.817, 0.774, 0.87]
0.786 0.062
20
[0.889, 0.9, 0.785, 0.811, 0.811, 0.866, 0.893, 0.859, 0.859, 0.843, 0.801, 0.888, 0.811, 0.875, 0.795, 0.909, 0.805, 0.838, 0.802, 0.772, 0.839, 0.896, 0.855, 0.846, 0.842, 0.844, 0.865, 0.813, 0.814, 0.82, 0.839, 0.861, 0.789, 0.842, 0.833, 0.79, 0.893, 0.873, 0.785, 0.839, 0.867, 0.872, 0.872, 0.823, 0.875, 0.903, 0.867, 0.863, 0.859, 0.807, 0.866, 0.815, 0.841, 0.856, 0.883, 0.881, 0.892, 0.843, 0.828, 0.853, 0.836, 0.905, 0.836, 0.875, 0.858, 0.867, 0.833, 0.887, 0.899, 0.862, 0.835, 0.82, 0.903, 0.87, 0.848, 0.735, 0.852, 0.864, 0.789, 0.906, 0.873, 0.809, 0.867, 0.859, 0.85, 0.847, 0.849, 0.896, 0.793, 0.893, 0.839, 0.834, 0.884, 0.814, 0.837, 0.872, 0.803, 0.901, 0.831, 0.859]
0.848 0.035
40
[0.902, 0.905, 0.85, 0.886, 0.854, 0.861, 0.855, 0.856, 0.879, 0.856, 0.867, 0.885, 0.894, 0.887, 0.856, 0.869, 0.893, 0.888, 0.893, 0.898, 0.91, 0.846, 0.845, 0.889, 0.871, 0.894, 0.867, 0.909, 0.884, 0.896, 0.875, 0.891, 0.871, 0.856, 0.865, 0.863, 0.86, 0.898, 0.899, 0.897, 0.875, 0.884, 0.851, 0.898, 0.885, 0.898, 0.852, 0.916, 0.887, 0.879, 0.902, 0.896, 0.849, 0.878, 0.904, 0.885, 0.873, 0.899, 0.862, 0.885, 0.887, 0.888, 0.896, 0.848, 0.884, 0.816, 0.903, 0.815, 0.896, 0.86, 0.894, 0.846, 0.898, 0.912, 0.778, 0.901, 0.924, 0.907, 0.881, 0.869, 0.911, 0.861, 0.914, 0.839, 0.851, 0.902, 0.893, 0.884, 0.872, 0.8, 0.902, 0.861, 0.882, 0.872, 0.883, 0.882, 0.916, 0.878, 0.861, 0.89]
0.878 0.025
80
[0.917, 0.923, 0.919, 0.893, 0.917, 0.891, 0.888, 0.917, 0.912, 0.899, 0.908, 0.925, 0.918, 0.893, 0.885, 0.897, 0.912, 0.893, 0.93, 0.9, 0.91, 0.919, 0.919, 0.907, 0.922, 0.931, 0.914, 0.9, 0.907, 0.922, 0.911, 0.892, 0.911, 0.923, 0.919, 0.922, 0.913, 0.925, 0.915, 0.909, 0.915, 0.917, 0.916, 0.914, 0.92, 0.909, 0.916, 0.921, 0.92, 0.913, 0.914, 0.891, 0.871, 0.909, 0.925, 0.913, 0.89, 0.875, 0.906, 0.918, 0.893, 0.893, 0.898, 0.915, 0.882, 0.903, 0.92, 0.901, 0.915, 0.915, 0.889, 0.903, 0.912, 0.872, 0.895, 0.897, 0.904, 0.894, 0.904, 0.922, 0.909, 0.878, 0.911, 0.889, 0.903, 0.899, 0.936, 0.906, 0.876, 0.931, 0.904, 0.929, 0.907, 0.914, 0.913, 0.913, 0.905, 0.907, 0.919, 0.902]
0.908 0.014
160
[0.935, 0.942, 0.929, 0.906, 0.905, 0.934, 0.909, 0.922, 0.928, 0.924, 0.917, 0.919, 0.935, 0.919, 0.941, 0.916, 0.938, 0.919, 0.91, 0.923, 0.919, 0.92, 0.926, 0.906, 0.93, 0.925, 0.924, 0.921, 0.913, 0.932, 0.927, 0.935, 0.925, 0.929, 0.924, 0.915, 0.925, 0.918, 0.928, 0.923, 0.936, 0.933, 0.931, 0.926, 0.927, 0.932, 0.935, 0.92, 0.917, 0.924, 0.929, 0.93, 0.923, 0.932, 0.926, 0.93, 0.908, 0.931, 0.932, 0.929, 0.931, 0.917, 0.922, 0.927, 0.94, 0.946, 0.933, 0.937, 0.909, 0.939, 0.92, 0.922, 0.93, 0.915, 0.93, 0.931, 0.918, 0.928, 0.922, 0.927, 0.936, 0.932, 0.919, 0.896, 0.919, 0.938, 0.916, 0.937, 0.923, 0.925, 0.923, 0.916, 0.925, 0.925, 0.937, 0.927, 0.914, 0.935, 0.925, 0.939]
0.925 0.009
320
[0.946, 0.941, 0.942, 0.941, 0.937, 0.949, 0.943, 0.941, 0.933, 0.94, 0.945, 0.932, 0.948, 0.917, 0.944, 0.946, 0.95, 0.947, 0.953, 0.924, 0.935, 0.944, 0.927, 0.947, 0.938, 0.936, 0.927, 0.931, 0.945, 0.943, 0.936, 0.922, 0.932, 0.938, 0.943, 0.934, 0.938, 0.939, 0.943, 0.949, 0.943, 0.948, 0.935, 0.936, 0.941, 0.944, 0.946, 0.94, 0.95, 0.949, 0.938, 0.942, 0.936, 0.933, 0.947, 0.94, 0.942, 0.933, 0.941, 0.934, 0.941, 0.943, 0.945, 0.927, 0.951, 0.932, 0.935, 0.948, 0.94, 0.935, 0.955, 0.945, 0.938, 0.937, 0.937, 0.943, 0.935, 0.943, 0.941, 0.95, 0.932, 0.933, 0.937, 0.933, 0.951, 0.933, 0.943, 0.947, 0.93, 0.938, 0.94, 0.938, 0.928, 0.931, 0.943, 0.943, 0.951, 0.936, 0.92, 0.946]
0.94 0.007
640
[0.95, 0.954, 0.945, 0.948, 0.949, 0.945, 0.95, 0.951, 0.952, 0.954, 0.951, 0.954, 0.956, 0.945, 0.957, 0.957, 0.943, 0.951, 0.955, 0.958, 0.951, 0.946, 0.958, 0.955, 0.956, 0.95, 0.96, 0.958, 0.957, 0.956, 0.95, 0.951, 0.954, 0.948, 0.957, 0.957, 0.958, 0.952, 0.947, 0.954, 0.954, 0.954, 0.95, 0.954, 0.956, 0.948, 0.954, 0.957, 0.951, 0.953, 0.963, 0.955, 0.942, 0.948, 0.95, 0.95, 0.957, 0.959, 0.954, 0.949, 0.954, 0.953, 0.949, 0.956, 0.949, 0.948, 0.949, 0.953, 0.951, 0.955, 0.958, 0.95, 0.959, 0.954, 0.953, 0.952, 0.95, 0.953, 0.954, 0.953, 0.954, 0.953, 0.952, 0.953, 0.954, 0.951, 0.961, 0.952, 0.945, 0.953, 0.952, 0.952, 0.951, 0.956, 0.958, 0.951, 0.956, 0.953, 0.951, 0.965]
0.953 0.004

prediction interface + coreset
3
[0.57, 0.49, 0.57, 0.57, 0.57, 0.57, 0.56, 0.52, 0.57, 0.57, 0.57, 0.57, 0.5, 0.57, 0.38, 0.57, 0.52, 0.57, 0.61, 0.75, 0.57, 0.65, 0.57, 0.57, 0.57, 0.54, 0.56, 0.57, 0.57, 0.57, 0.57, 0.71, 0.63, 0.64, 0.57, 0.53, 0.57, 0.57, 0.57, 0.57, 0.59, 0.57, 0.57, 0.57, 0.57, 0.57, 0.57, 0.57, 0.57, 0.57, 0.57, 0.57, 0.57, 0.65, 0.57, 0.65, 0.76, 0.57, 0.55, 0.57, 0.57, 0.6, 0.57, 0.49, 0.57, 0.57, 0.56, 0.56, 0.66, 0.74, 0.63, 0.57, 0.59, 0.49, 0.57, 0.53, 0.57, 0.58, 0.57, 0.5, 0.55, 0.57, 0.57, 0.57, 0.69, 0.57, 0.56, 0.54, 0.5, 0.57, 0.57, 0.57, 0.67, 0.57, 0.57, 0.57, 0.57, 0.57, 0.57, 0.57]
0.576 0.051
5
[0.57, 0.77, 0.62, 0.78, 0.57, 0.57, 0.84, 0.57, 0.7, 0.57, 0.57, 0.77, 0.73, 0.57, 0.66, 0.61, 0.76, 0.59, 0.57, 0.57, 0.57, 0.61, 0.57, 0.57, 0.77, 0.57, 0.57, 0.57, 0.57, 0.81, 0.67, 0.71, 0.57, 0.57, 0.58, 0.71, 0.56, 0.57, 0.57, 0.78, 0.57, 0.57, 0.57, 0.8, 0.57, 0.71, 0.57, 0.57, 0.67, 0.57, 0.7, 0.86, 0.57, 0.57, 0.69, 0.56, 0.57, 0.72, 0.61, 0.73, 0.57, 0.57, 0.57, 0.57, 0.71, 0.5, 0.57, 0.57, 0.57, 0.57, 0.65, 0.57, 0.63, 0.79, 0.57, 0.57, 0.72, 0.57, 0.79, 0.73, 0.61, 0.57, 0.68, 0.81, 0.72, 0.57, 0.57, 0.57, 0.57, 0.77, 0.57, 0.57, 0.54, 0.79, 0.57, 0.57, 0.84, 0.68, 0.57, 0.75]
0.634 0.089
10
[0.73, 0.71, 0.66, 0.5, 0.75, 0.8, 0.74, 0.73, 0.87, 0.89, 0.84, 0.79, 0.85, 0.67, 0.83, 0.76, 0.83, 0.83, 0.73, 0.59, 0.76, 0.64, 0.81, 0.8, 0.82, 0.79, 0.73, 0.67, 0.81, 0.8, 0.56, 0.76, 0.72, 0.88, 0.84, 0.76, 0.85, 0.79, 0.83, 0.8, 0.77, 0.77, 0.67, 0.87, 0.86, 0.88, 0.64, 0.81, 0.6, 0.79, 0.76, 0.69, 0.82, 0.81, 0.64, 0.75, 0.57, 0.58, 0.58, 0.84, 0.7, 0.75, 0.83, 0.78, 0.77, 0.8, 0.57, 0.82, 0.85, 0.69, 0.62, 0.83, 0.82, 0.74, 0.82, 0.76, 0.81, 0.7, 0.78, 0.82, 0.7, 0.8, 0.85, 0.81, 0.75, 0.78, 0.81, 0.77, 0.82, 0.82, 0.67, 0.85, 0.68, 0.78, 0.82, 0.82, 0.66, 0.78, 0.76, 0.8]
0.76 0.083
20
[0.82, 0.87, 0.89, 0.78, 0.87, 0.78, 0.84, 0.86, 0.8, 0.88, 0.86, 0.84, 0.79, 0.83, 0.85, 0.87, 0.89, 0.87, 0.88, 0.77, 0.85, 0.82, 0.83, 0.86, 0.87, 0.86, 0.85, 0.91, 0.9, 0.84, 0.83, 0.88, 0.86, 0.85, 0.85, 0.88, 0.85, 0.83, 0.83, 0.85, 0.85, 0.87, 0.81, 0.83, 0.87, 0.86, 0.83, 0.83, 0.77, 0.82, 0.85, 0.89, 0.78, 0.9, 0.81, 0.69, 0.84, 0.88, 0.8, 0.86, 0.87, 0.82, 0.82, 0.77, 0.82, 0.87, 0.66, 0.86, 0.84, 0.87, 0.72, 0.82, 0.88, 0.86, 0.8, 0.86, 0.88, 0.87, 0.82, 0.86, 0.86, 0.85, 0.84, 0.85, 0.8, 0.83, 0.89, 0.83, 0.8, 0.85, 0.82, 0.85, 0.71, 0.86, 0.75, 0.85, 0.86, 0.89, 0.88, 0.88]
0.839 0.044
40
[0.9, 0.91, 0.9, 0.88, 0.88, 0.9, 0.81, 0.87, 0.91, 0.9, 0.91, 0.91, 0.89, 0.87, 0.85, 0.87, 0.87, 0.87, 0.91, 0.9, 0.86, 0.9, 0.83, 0.88, 0.9, 0.83, 0.86, 0.89, 0.9, 0.89, 0.91, 0.92, 0.89, 0.76, 0.91, 0.89, 0.89, 0.9, 0.92, 0.89, 0.86, 0.86, 0.9, 0.87, 0.89, 0.91, 0.81, 0.9, 0.9, 0.9, 0.85, 0.85, 0.89, 0.82, 0.89, 0.91, 0.91, 0.9, 0.88, 0.89, 0.85, 0.89, 0.85, 0.87, 0.9, 0.9, 0.91, 0.87, 0.91, 0.86, 0.87, 0.83, 0.89, 0.91, 0.88, 0.92, 0.86, 0.89, 0.89, 0.91, 0.86, 0.91, 0.91, 0.87, 0.87, 0.87, 0.9, 0.89, 0.87, 0.89, 0.88, 0.89, 0.87, 0.92, 0.91, 0.86, 0.9, 0.91, 0.89, 0.9]
0.884 0.027
80
[0.91, 0.9, 0.9, 0.87, 0.9, 0.9, 0.91, 0.92, 0.91, 0.91, 0.92, 0.9, 0.87, 0.91, 0.89, 0.9, 0.91, 0.91, 0.92, 0.91, 0.88, 0.91, 0.9, 0.9, 0.91, 0.88, 0.89, 0.91, 0.9, 0.92, 0.92, 0.89, 0.9, 0.92, 0.88, 0.9, 0.91, 0.91, 0.91, 0.92, 0.9, 0.92, 0.9, 0.89, 0.91, 0.93, 0.92, 0.89, 0.87, 0.9, 0.92, 0.91, 0.91, 0.91, 0.9, 0.92, 0.9, 0.89, 0.91, 0.9, 0.92, 0.88, 0.91, 0.9, 0.9, 0.89, 0.92, 0.93, 0.87, 0.91, 0.89, 0.92, 0.88, 0.9, 0.91, 0.91, 0.89, 0.91, 0.9, 0.9, 0.9, 0.9, 0.9, 0.89, 0.9, 0.91, 0.87, 0.92, 0.91, 0.92, 0.9, 0.91, 0.9, 0.91, 0.9, 0.93, 0.92, 0.9, 0.91, 0.91]
0.904 0.014
160
[0.93, 0.9, 0.94, 0.93, 0.94, 0.94, 0.92, 0.94, 0.92, 0.94, 0.93, 0.92, 0.93, 0.93, 0.9, 0.93, 0.92, 0.91, 0.91, 0.93, 0.93, 0.91, 0.92, 0.93, 0.93, 0.92, 0.92, 0.93, 0.91, 0.94, 0.92, 0.94, 0.93, 0.93, 0.92, 0.94, 0.92, 0.92, 0.93, 0.92, 0.91, 0.92, 0.93, 0.92, 0.93, 0.93, 0.93, 0.92, 0.93, 0.94, 0.93, 0.91, 0.92, 0.91, 0.93, 0.92, 0.94, 0.9, 0.91, 0.93, 0.94, 0.9, 0.92, 0.92, 0.93, 0.92, 0.94, 0.9, 0.91, 0.93, 0.93, 0.92, 0.92, 0.94, 0.94, 0.92, 0.93, 0.93, 0.91, 0.92, 0.93, 0.93, 0.94, 0.92, 0.92, 0.94, 0.93, 0.92, 0.92, 0.93, 0.92, 0.91, 0.92, 0.94, 0.91, 0.92, 0.92, 0.92, 0.92, 0.94]
0.924 0.011
320
[0.94, 0.93, 0.94, 0.94, 0.94, 0.95, 0.94, 0.95, 0.95, 0.93, 0.95, 0.93, 0.94, 0.95, 0.93, 0.94, 0.93, 0.95, 0.93, 0.94, 0.95, 0.93, 0.94, 0.94, 0.94, 0.95, 0.94, 0.93, 0.94, 0.96, 0.94, 0.95, 0.94, 0.94, 0.93, 0.95, 0.95, 0.94, 0.94, 0.93, 0.94, 0.95, 0.95, 0.95, 0.94, 0.94, 0.94, 0.95, 0.95, 0.95, 0.95, 0.94, 0.93, 0.94, 0.94, 0.94, 0.95, 0.94, 0.95, 0.94, 0.94, 0.95, 0.94, 0.94, 0.95, 0.94, 0.95, 0.93, 0.95, 0.94, 0.95, 0.94, 0.93, 0.93, 0.95, 0.93, 0.95, 0.95, 0.94, 0.94, 0.94, 0.95, 0.94, 0.95, 0.93, 0.94, 0.95, 0.93, 0.95, 0.95, 0.94, 0.95, 0.95, 0.95, 0.93, 0.94, 0.94, 0.93, 0.93, 0.95]
0.942 0.008
640
[0.96, 0.95, 0.95, 0.95, 0.95, 0.96, 0.95, 0.95, 0.95, 0.96, 0.95, 0.96, 0.95, 0.95, 0.95, 0.95, 0.95, 0.96, 0.95, 0.96, 0.96, 0.95, 0.95, 0.96, 0.95, 0.95, 0.95, 0.95, 0.95, 0.95, 0.95, 0.96, 0.96, 0.95, 0.96, 0.95, 0.95, 0.95, 0.96, 0.96, 0.96, 0.95, 0.95, 0.94, 0.95, 0.96, 0.95, 0.96, 0.96, 0.96, 0.95, 0.95, 0.95, 0.95, 0.96, 0.96, 0.95, 0.95, 0.96, 0.95, 0.96, 0.96, 0.95, 0.96, 0.95, 0.94, 0.95, 0.95, 0.95, 0.96, 0.96, 0.96, 0.96, 0.95, 0.96, 0.96, 0.96, 0.95, 0.95, 0.96, 0.96, 0.96, 0.95, 0.96, 0.96, 0.95, 0.95, 0.96, 0.95, 0.96, 0.95, 0.96, 0.95, 0.96, 0.95, 0.96, 0.96, 0.96, 0.96, 0.96]
0.954 0.005


model extraction
3
[0.84, 0.824, 0.746, 0.798, 0.831, 0.829, 0.807, 0.815, 0.819, 0.869, 0.867, 0.898, 0.769, 0.849, 0.842, 0.837, 0.778, 0.815, 0.88, 0.848, 0.843, 0.877, 0.656, 0.829, 0.846, 0.842, 0.81, 0.806, 0.882, 0.861, 0.757, 0.845, 0.715, 0.834, 0.826, 0.866, 0.814, 0.763, 0.853, 0.856, 0.864, 0.847, 0.847, 0.87, 0.842, 0.826, 0.86, 0.876, 0.87, 0.81, 0.886, 0.738, 0.863, 0.791, 0.773, 0.852, 0.832, 0.792, 0.865, 0.856, 0.752, 0.769, 0.805, 0.846, 0.837, 0.909, 0.822, 0.803, 0.803, 0.852, 0.853, 0.842, 0.866, 0.909, 0.837, 0.879, 0.739, 0.711, 0.845, 0.789, 0.891, 0.834, 0.796, 0.855, 0.83, 0.821, 0.857, 0.865, 0.84, 0.912, 0.912, 0.868, 0.798, 0.855, 0.873, 0.755, 0.834, 0.907, 0.801, 0.843]
0.831 0.046
5
[0.803, 0.859, 0.844, 0.817, 0.836, 0.881, 0.823, 0.801, 0.849, 0.805, 0.87, 0.78, 0.869, 0.754, 0.906, 0.798, 0.844, 0.883, 0.831, 0.812, 0.801, 0.787, 0.822, 0.836, 0.863, 0.834, 0.801, 0.864, 0.842, 0.872, 0.871, 0.845, 0.846, 0.787, 0.828, 0.847, 0.892, 0.873, 0.818, 0.851, 0.893, 0.869, 0.869, 0.872, 0.797, 0.855, 0.766, 0.797, 0.911, 0.814, 0.829, 0.872, 0.815, 0.781, 0.829, 0.876, 0.82, 0.844, 0.811, 0.849, 0.855, 0.738, 0.853, 0.857, 0.855, 0.837, 0.85, 0.843, 0.899, 0.824, 0.748, 0.887, 0.853, 0.85, 0.867, 0.833, 0.878, 0.844, 0.868, 0.852, 0.835, 0.836, 0.862, 0.843, 0.877, 0.865, 0.862, 0.753, 0.851, 0.815, 0.9, 0.78, 0.883, 0.858, 0.813, 0.829, 0.845, 0.892, 0.87, 0.803]
0.84 0.036
10
[0.906, 0.745, 0.878, 0.8, 0.868, 0.874, 0.878, 0.861, 0.804, 0.869, 0.861, 0.868, 0.859, 0.873, 0.891, 0.812, 0.904, 0.887, 0.892, 0.907, 0.834, 0.883, 0.934, 0.852, 0.856, 0.87, 0.854, 0.858, 0.889, 0.878, 0.869, 0.85, 0.887, 0.811, 0.89, 0.846, 0.874, 0.855, 0.875, 0.9, 0.844, 0.85, 0.861, 0.89, 0.882, 0.828, 0.888, 0.883, 0.849, 0.849, 0.885, 0.893, 0.87, 0.83, 0.874, 0.905, 0.839, 0.861, 0.912, 0.871, 0.877, 0.887, 0.873, 0.851, 0.884, 0.85, 0.842, 0.87, 0.911, 0.863, 0.872, 0.894, 0.863, 0.868, 0.859, 0.879, 0.86, 0.859, 0.865, 0.854, 0.901, 0.871, 0.859, 0.884, 0.881, 0.852, 0.89, 0.888, 0.894, 0.83, 0.873, 0.851, 0.764, 0.854, 0.831, 0.85, 0.788, 0.805, 0.856, 0.875]
0.864 0.03
20
[0.889, 0.859, 0.858, 0.918, 0.921, 0.869, 0.892, 0.872, 0.89, 0.852, 0.876, 0.894, 0.867, 0.837, 0.906, 0.882, 0.902, 0.884, 0.86, 0.913, 0.892, 0.785, 0.899, 0.872, 0.925, 0.863, 0.91, 0.849, 0.862, 0.927, 0.889, 0.904, 0.884, 0.886, 0.87, 0.879, 0.915, 0.913, 0.918, 0.898, 0.865, 0.857, 0.898, 0.89, 0.901, 0.897, 0.891, 0.906, 0.917, 0.888, 0.903, 0.899, 0.879, 0.858, 0.905, 0.893, 0.904, 0.906, 0.846, 0.886, 0.883, 0.891, 0.886, 0.891, 0.871, 0.878, 0.91, 0.861, 0.873, 0.888, 0.872, 0.862, 0.902, 0.819, 0.881, 0.833, 0.835, 0.912, 0.891, 0.875, 0.904, 0.903, 0.911, 0.899, 0.906, 0.907, 0.87, 0.86, 0.883, 0.856, 0.893, 0.878, 0.903, 0.902, 0.916, 0.885, 0.86, 0.867, 0.918, 0.903]
0.885 0.024
40
[0.913, 0.92, 0.931, 0.916, 0.918, 0.898, 0.917, 0.898, 0.904, 0.916, 0.931, 0.93, 0.924, 0.882, 0.922, 0.919, 0.925, 0.94, 0.923, 0.916, 0.914, 0.938, 0.879, 0.934, 0.91, 0.897, 0.901, 0.901, 0.912, 0.862, 0.913, 0.908, 0.927, 0.922, 0.883, 0.913, 0.907, 0.921, 0.917, 0.91, 0.921, 0.92, 0.875, 0.92, 0.92, 0.924, 0.922, 0.922, 0.895, 0.931, 0.935, 0.93, 0.912, 0.889, 0.923, 0.899, 0.911, 0.926, 0.881, 0.927, 0.902, 0.907, 0.916, 0.917, 0.895, 0.914, 0.913, 0.927, 0.914, 0.908, 0.915, 0.937, 0.885, 0.909, 0.907, 0.914, 0.914, 0.939, 0.92, 0.928, 0.922, 0.911, 0.891, 0.899, 0.855, 0.917, 0.932, 0.906, 0.912, 0.929, 0.908, 0.906, 0.936, 0.909, 0.919, 0.866, 0.904, 0.899, 0.92, 0.909]
0.912 0.016
80
[0.909, 0.928, 0.917, 0.94, 0.945, 0.932, 0.934, 0.938, 0.93, 0.93, 0.94, 0.951, 0.936, 0.931, 0.938, 0.919, 0.902, 0.915, 0.921, 0.896, 0.924, 0.946, 0.936, 0.949, 0.917, 0.935, 0.92, 0.94, 0.946, 0.932, 0.928, 0.935, 0.933, 0.943, 0.93, 0.938, 0.919, 0.928, 0.929, 0.931, 0.936, 0.941, 0.927, 0.937, 0.928, 0.92, 0.94, 0.951, 0.921, 0.929, 0.924, 0.932, 0.94, 0.942, 0.924, 0.93, 0.937, 0.92, 0.922, 0.923, 0.941, 0.921, 0.946, 0.938, 0.933, 0.943, 0.94, 0.927, 0.937, 0.943, 0.919, 0.929, 0.946, 0.934, 0.943, 0.923, 0.932, 0.922, 0.943, 0.938, 0.923, 0.938, 0.935, 0.944, 0.943, 0.935, 0.913, 0.928, 0.948, 0.929, 0.925, 0.943, 0.94, 0.933, 0.917, 0.937, 0.907, 0.935, 0.938, 0.939]
0.932 0.011
160
[0.937, 0.944, 0.946, 0.943, 0.944, 0.952, 0.934, 0.938, 0.951, 0.949, 0.933, 0.943, 0.94, 0.947, 0.939, 0.949, 0.951, 0.94, 0.94, 0.934, 0.945, 0.942, 0.946, 0.941, 0.938, 0.951, 0.939, 0.94, 0.942, 0.954, 0.956, 0.952, 0.946, 0.945, 0.946, 0.95, 0.94, 0.932, 0.945, 0.936, 0.932, 0.943, 0.948, 0.949, 0.945, 0.942, 0.954, 0.95, 0.941, 0.955, 0.949, 0.953, 0.944, 0.95, 0.942, 0.927, 0.948, 0.942, 0.939, 0.95, 0.945, 0.935, 0.945, 0.95, 0.928, 0.943, 0.953, 0.944, 0.928, 0.95, 0.944, 0.945, 0.935, 0.947, 0.943, 0.947, 0.938, 0.931, 0.946, 0.953, 0.945, 0.949, 0.952, 0.938, 0.945, 0.933, 0.939, 0.937, 0.943, 0.948, 0.946, 0.935, 0.953, 0.946, 0.952, 0.935, 0.956, 0.936, 0.95, 0.939]
0.944 0.007
320
[0.945, 0.943, 0.952, 0.958, 0.952, 0.956, 0.951, 0.95, 0.954, 0.953, 0.959, 0.948, 0.957, 0.943, 0.941, 0.953, 0.95, 0.942, 0.953, 0.943, 0.954, 0.961, 0.955, 0.955, 0.952, 0.953, 0.954, 0.947, 0.953, 0.949, 0.946, 0.959, 0.949, 0.951, 0.942, 0.954, 0.951, 0.962, 0.954, 0.957, 0.956, 0.948, 0.961, 0.95, 0.96, 0.954, 0.955, 0.956, 0.95, 0.951, 0.946, 0.942, 0.959, 0.96, 0.951, 0.947, 0.953, 0.959, 0.956, 0.953, 0.953, 0.951, 0.96, 0.958, 0.955, 0.948, 0.943, 0.95, 0.952, 0.955, 0.958, 0.957, 0.952, 0.958, 0.956, 0.958, 0.954, 0.948, 0.95, 0.95, 0.953, 0.958, 0.95, 0.947, 0.951, 0.951, 0.955, 0.954, 0.952, 0.948, 0.951, 0.957, 0.964, 0.955, 0.958, 0.95, 0.956, 0.954, 0.955, 0.95]
0.953 0.005
640
[0.964, 0.952, 0.968, 0.962, 0.959, 0.954, 0.96, 0.963, 0.957, 0.959, 0.963, 0.96, 0.961, 0.961, 0.961, 0.958, 0.955, 0.958, 0.964, 0.964, 0.963, 0.957, 0.962, 0.956, 0.964, 0.965, 0.964, 0.964, 0.962, 0.955, 0.959, 0.963, 0.956, 0.962, 0.964, 0.961, 0.959, 0.958, 0.961, 0.959, 0.961, 0.959, 0.959, 0.969, 0.953, 0.961, 0.959, 0.961, 0.96, 0.963, 0.957, 0.962, 0.961, 0.957, 0.959, 0.961, 0.956, 0.957, 0.966, 0.955, 0.966, 0.96, 0.956, 0.959, 0.964, 0.956, 0.959, 0.96, 0.959, 0.963, 0.964, 0.959, 0.961, 0.962, 0.966, 0.963, 0.956, 0.96, 0.961, 0.958, 0.963, 0.961, 0.964, 0.967, 0.96, 0.957, 0.958, 0.962, 0.956, 0.954, 0.959, 0.961, 0.957, 0.956, 0.957, 0.956, 0.961, 0.961, 0.968, 0.958]
0.96 0.003


double CF
3
[0.894, 0.893, 0.878, 0.869, 0.896, 0.881, 0.885, 0.872, 0.872, 0.888, 0.821, 0.871, 0.9, 0.865, 0.875, 0.897, 0.867, 0.848, 0.878, 0.855, 0.855, 0.898, 0.901, 0.899, 0.894, 0.844, 0.882, 0.873, 0.878, 0.849, 0.888, 0.891, 0.861, 0.901, 0.793, 0.897, 0.91, 0.909, 0.89, 0.9, 0.878, 0.859, 0.869, 0.898, 0.863, 0.855, 0.895, 0.885, 0.894, 0.875, 0.896, 0.865, 0.879, 0.89, 0.886, 0.895, 0.897, 0.864, 0.855, 0.844, 0.869, 0.876, 0.86, 0.86, 0.874, 0.906, 0.9, 0.842, 0.89, 0.821, 0.876, 0.837, 0.884, 0.856, 0.86, 0.872, 0.875, 0.848, 0.881, 0.86, 0.874, 0.884, 0.875, 0.842, 0.877, 0.896, 0.859, 0.865, 0.804, 0.889, 0.884, 0.875, 0.858, 0.909, 0.895, 0.824, 0.86, 0.882, 0.865, 0.867]
0.874 0.022
5
[0.882, 0.857, 0.905, 0.892, 0.878, 0.905, 0.892, 0.892, 0.882, 0.89, 0.882, 0.901, 0.898, 0.896, 0.844, 0.886, 0.863, 0.897, 0.896, 0.906, 0.86, 0.889, 0.895, 0.879, 0.902, 0.893, 0.894, 0.857, 0.851, 0.889, 0.78, 0.875, 0.83, 0.889, 0.807, 0.894, 0.899, 0.838, 0.906, 0.867, 0.873, 0.909, 0.89, 0.871, 0.903, 0.91, 0.87, 0.893, 0.904, 0.846, 0.895, 0.912, 0.841, 0.867, 0.884, 0.898, 0.855, 0.894, 0.901, 0.906, 0.905, 0.876, 0.894, 0.891, 0.872, 0.883, 0.914, 0.875, 0.889, 0.893, 0.872, 0.868, 0.882, 0.858, 0.878, 0.887, 0.854, 0.907, 0.863, 0.893, 0.912, 0.878, 0.893, 0.885, 0.899, 0.878, 0.886, 0.878, 0.88, 0.891, 0.827, 0.899, 0.902, 0.898, 0.897, 0.901, 0.892, 0.904, 0.884, 0.871]
0.883 0.023
10
[0.856, 0.917, 0.907, 0.886, 0.896, 0.918, 0.881, 0.898, 0.873, 0.855, 0.908, 0.915, 0.893, 0.896, 0.915, 0.878, 0.895, 0.89, 0.868, 0.902, 0.88, 0.894, 0.884, 0.88, 0.907, 0.876, 0.886, 0.926, 0.902, 0.901, 0.875, 0.901, 0.904, 0.905, 0.911, 0.879, 0.887, 0.89, 0.909, 0.894, 0.897, 0.876, 0.922, 0.889, 0.898, 0.885, 0.892, 0.905, 0.86, 0.865, 0.915, 0.866, 0.879, 0.885, 0.879, 0.907, 0.894, 0.902, 0.917, 0.912, 0.853, 0.897, 0.91, 0.887, 0.872, 0.888, 0.885, 0.928, 0.912, 0.882, 0.914, 0.891, 0.9, 0.862, 0.898, 0.908, 0.893, 0.898, 0.892, 0.897, 0.891, 0.876, 0.911, 0.902, 0.898, 0.914, 0.877, 0.89, 0.886, 0.9, 0.854, 0.917, 0.914, 0.893, 0.905, 0.916, 0.904, 0.857, 0.889, 0.903]
0.893 0.017
20
[0.93, 0.917, 0.882, 0.901, 0.918, 0.934, 0.865, 0.925, 0.866, 0.87, 0.933, 0.872, 0.879, 0.887, 0.883, 0.902, 0.895, 0.873, 0.858, 0.906, 0.904, 0.913, 0.884, 0.905, 0.911, 0.911, 0.916, 0.872, 0.889, 0.906, 0.886, 0.923, 0.84, 0.912, 0.888, 0.892, 0.878, 0.907, 0.926, 0.886, 0.838, 0.891, 0.921, 0.9, 0.895, 0.927, 0.904, 0.915, 0.88, 0.908, 0.897, 0.921, 0.904, 0.887, 0.932, 0.878, 0.859, 0.905, 0.874, 0.928, 0.915, 0.913, 0.924, 0.888, 0.906, 0.905, 0.858, 0.918, 0.897, 0.889, 0.924, 0.878, 0.892, 0.863, 0.894, 0.901, 0.863, 0.891, 0.896, 0.923, 0.898, 0.898, 0.917, 0.903, 0.892, 0.914, 0.899, 0.898, 0.914, 0.929, 0.892, 0.916, 0.908, 0.914, 0.891, 0.899, 0.912, 0.907, 0.899, 0.896]
0.898 0.02
40
[0.909, 0.875, 0.904, 0.876, 0.937, 0.899, 0.924, 0.914, 0.908, 0.914, 0.911, 0.877, 0.882, 0.938, 0.933, 0.921, 0.93, 0.893, 0.932, 0.921, 0.896, 0.927, 0.932, 0.895, 0.913, 0.921, 0.93, 0.879, 0.923, 0.932, 0.894, 0.839, 0.904, 0.911, 0.911, 0.867, 0.928, 0.917, 0.913, 0.925, 0.912, 0.874, 0.888, 0.889, 0.92, 0.896, 0.91, 0.915, 0.904, 0.873, 0.926, 0.883, 0.92, 0.909, 0.881, 0.92, 0.896, 0.898, 0.907, 0.917, 0.919, 0.902, 0.917, 0.931, 0.916, 0.897, 0.927, 0.932, 0.908, 0.901, 0.906, 0.917, 0.889, 0.922, 0.878, 0.928, 0.876, 0.915, 0.883, 0.895, 0.906, 0.893, 0.922, 0.88, 0.911, 0.87, 0.905, 0.922, 0.901, 0.943, 0.92, 0.917, 0.889, 0.887, 0.918, 0.879, 0.924, 0.923, 0.865, 0.894]
0.906 0.02
80
[0.926, 0.946, 0.89, 0.941, 0.92, 0.948, 0.933, 0.878, 0.867, 0.936, 0.907, 0.909, 0.924, 0.933, 0.912, 0.863, 0.908, 0.942, 0.858, 0.919, 0.918, 0.937, 0.929, 0.927, 0.942, 0.919, 0.886, 0.919, 0.902, 0.911, 0.927, 0.922, 0.919, 0.94, 0.887, 0.891, 0.905, 0.914, 0.897, 0.898, 0.908, 0.922, 0.856, 0.924, 0.907, 0.922, 0.933, 0.924, 0.929, 0.923, 0.923, 0.91, 0.914, 0.912, 0.929, 0.907, 0.903, 0.928, 0.913, 0.893, 0.898, 0.929, 0.913, 0.934, 0.906, 0.896, 0.888, 0.905, 0.933, 0.932, 0.911, 0.913, 0.925, 0.911, 0.898, 0.901, 0.931, 0.911, 0.921, 0.922, 0.927, 0.901, 0.925, 0.924, 0.91, 0.931, 0.863, 0.915, 0.94, 0.954, 0.914, 0.879, 0.911, 0.906, 0.924, 0.906, 0.938, 0.934, 0.936, 0.924]
0.915 0.02
160
[0.914, 0.944, 0.936, 0.934, 0.926, 0.919, 0.914, 0.944, 0.946, 0.923, 0.934, 0.928, 0.897, 0.913, 0.945, 0.922, 0.9, 0.925, 0.91, 0.911, 0.915, 0.914, 0.922, 0.924, 0.926, 0.936, 0.925, 0.937, 0.929, 0.912, 0.907, 0.909, 0.922, 0.896, 0.929, 0.955, 0.913, 0.904, 0.919, 0.911, 0.939, 0.923, 0.919, 0.924, 0.92, 0.908, 0.927, 0.925, 0.87, 0.938, 0.933, 0.923, 0.949, 0.94, 0.948, 0.925, 0.929, 0.904, 0.893, 0.94, 0.899, 0.93, 0.925, 0.94, 0.932, 0.931, 0.895, 0.927, 0.933, 0.922, 0.922, 0.909, 0.925, 0.946, 0.945, 0.931, 0.921, 0.878, 0.935, 0.935, 0.907, 0.903, 0.932, 0.91, 0.899, 0.897, 0.924, 0.887, 0.921, 0.925, 0.932, 0.934, 0.933, 0.921, 0.904, 0.896, 0.938, 0.912, 0.934, 0.935]
0.922 0.016
320
[0.929, 0.948, 0.949, 0.922, 0.923, 0.943, 0.91, 0.881, 0.942, 0.93, 0.901, 0.941, 0.933, 0.935, 0.943, 0.946, 0.91, 0.95, 0.942, 0.943, 0.943, 0.912, 0.919, 0.921, 0.936, 0.931, 0.924, 0.935, 0.925, 0.905, 0.946, 0.935, 0.89, 0.911, 0.931, 0.933, 0.947, 0.946, 0.927, 0.913, 0.93, 0.917, 0.931, 0.926, 0.938, 0.925, 0.92, 0.915, 0.933, 0.884, 0.932, 0.935, 0.907, 0.946, 0.927, 0.929, 0.928, 0.926, 0.904, 0.932, 0.906, 0.925, 0.944, 0.948, 0.935, 0.929, 0.887, 0.943, 0.928, 0.914, 0.941, 0.929, 0.902, 0.933, 0.938, 0.939, 0.903, 0.93, 0.936, 0.94, 0.935, 0.937, 0.943, 0.929, 0.937, 0.921, 0.924, 0.943, 0.949, 0.918, 0.927, 0.951, 0.938, 0.902, 0.923, 0.951, 0.923, 0.932, 0.95, 0.925]
0.928 0.015
640
[0.957, 0.931, 0.948, 0.935, 0.949, 0.942, 0.943, 0.923, 0.917, 0.952, 0.946, 0.931, 0.927, 0.946, 0.946, 0.912, 0.936, 0.937, 0.925, 0.902, 0.927, 0.92, 0.923, 0.94, 0.949, 0.906, 0.927, 0.944, 0.911, 0.94, 0.933, 0.952, 0.93, 0.932, 0.945, 0.944, 0.949, 0.955, 0.935, 0.938, 0.939, 0.941, 0.938, 0.922, 0.923, 0.953, 0.932, 0.941, 0.915, 0.953, 0.943, 0.945, 0.941, 0.941, 0.929, 0.949, 0.945, 0.946, 0.943, 0.933, 0.938, 0.924, 0.933, 0.941, 0.959, 0.946, 0.934, 0.912, 0.924, 0.939, 0.948, 0.922, 0.935, 0.948, 0.943, 0.941, 0.941, 0.937, 0.925, 0.95, 0.93, 0.954, 0.948, 0.939, 0.943, 0.939, 0.938, 0.938, 0.92, 0.947, 0.933, 0.949, 0.913, 0.935, 0.948, 0.93, 0.956, 0.932, 0.938, 0.92]
0.937 0.012

double CF + input
3
[0.85, 0.9, 0.89, 0.88, 0.87, 0.89, 0.92, 0.89, 0.88, 0.9, 0.88, 0.89, 0.87, 0.87, 0.91, 0.91, 0.89, 0.89, 0.89, 0.91, 0.87, 0.89, 0.88, 0.86, 0.89, 0.9, 0.9, 0.89, 0.88, 0.91, 0.89, 0.88, 0.9, 0.91, 0.9, 0.88, 0.89, 0.86, 0.86, 0.91, 0.88, 0.91, 0.91, 0.91, 0.89, 0.86, 0.9, 0.92, 0.85, 0.88, 0.9, 0.87, 0.92, 0.88, 0.9, 0.89, 0.9, 0.89, 0.87, 0.92, 0.92, 0.89, 0.89, 0.86, 0.91, 0.88, 0.91, 0.87, 0.87, 0.88, 0.9, 0.85, 0.91, 0.88, 0.88, 0.82, 0.9, 0.89, 0.87, 0.9, 0.91, 0.91, 0.88, 0.9, 0.88, 0.89, 0.92, 0.89, 0.89, 0.91, 0.87, 0.89, 0.86, 0.89, 0.91, 0.89, 0.91, 0.86, 0.91, 0.86]
0.889 0.019
5
[0.9, 0.89, 0.91, 0.89, 0.91, 0.85, 0.88, 0.87, 0.91, 0.89, 0.9, 0.91, 0.92, 0.88, 0.91, 0.92, 0.91, 0.89, 0.89, 0.91, 0.9, 0.89, 0.89, 0.93, 0.87, 0.9, 0.91, 0.86, 0.9, 0.91, 0.9, 0.88, 0.91, 0.9, 0.89, 0.9, 0.85, 0.88, 0.89, 0.91, 0.89, 0.86, 0.89, 0.91, 0.89, 0.87, 0.91, 0.84, 0.92, 0.89, 0.9, 0.91, 0.9, 0.91, 0.89, 0.9, 0.9, 0.88, 0.88, 0.89, 0.9, 0.89, 0.92, 0.86, 0.91, 0.89, 0.9, 0.88, 0.91, 0.9, 0.87, 0.9, 0.89, 0.89, 0.88, 0.92, 0.91, 0.9, 0.85, 0.88, 0.91, 0.91, 0.9, 0.91, 0.85, 0.91, 0.9, 0.89, 0.88, 0.9, 0.91, 0.9, 0.9, 0.91, 0.92, 0.9, 0.88, 0.88, 0.89, 0.87]
0.894 0.018
10
[0.9, 0.9, 0.9, 0.92, 0.86, 0.9, 0.87, 0.9, 0.87, 0.93, 0.91, 0.89, 0.91, 0.91, 0.89, 0.9, 0.91, 0.9, 0.91, 0.88, 0.93, 0.9, 0.91, 0.9, 0.9, 0.9, 0.89, 0.89, 0.9, 0.91, 0.88, 0.88, 0.91, 0.93, 0.87, 0.86, 0.91, 0.88, 0.9, 0.85, 0.91, 0.88, 0.89, 0.93, 0.89, 0.89, 0.89, 0.89, 0.92, 0.91, 0.89, 0.88, 0.92, 0.89, 0.93, 0.91, 0.89, 0.91, 0.89, 0.9, 0.88, 0.87, 0.91, 0.89, 0.89, 0.9, 0.9, 0.91, 0.9, 0.89, 0.91, 0.9, 0.91, 0.9, 0.9, 0.93, 0.9, 0.88, 0.91, 0.88, 0.89, 0.9, 0.9, 0.9, 0.9, 0.92, 0.91, 0.86, 0.89, 0.91, 0.9, 0.92, 0.91, 0.89, 0.91, 0.9, 0.89, 0.91, 0.86, 0.91]
0.898 0.017
20
[0.9, 0.94, 0.92, 0.91, 0.93, 0.93, 0.89, 0.91, 0.92, 0.91, 0.91, 0.91, 0.92, 0.91, 0.91, 0.92, 0.93, 0.92, 0.91, 0.9, 0.93, 0.93, 0.9, 0.91, 0.93, 0.91, 0.91, 0.93, 0.95, 0.91, 0.92, 0.92, 0.91, 0.9, 0.92, 0.92, 0.9, 0.92, 0.92, 0.92, 0.91, 0.91, 0.88, 0.9, 0.9, 0.93, 0.92, 0.93, 0.92, 0.91, 0.9, 0.91, 0.87, 0.91, 0.91, 0.91, 0.93, 0.93, 0.94, 0.94, 0.92, 0.94, 0.92, 0.91, 0.93, 0.93, 0.9, 0.9, 0.9, 0.89, 0.92, 0.91, 0.92, 0.92, 0.9, 0.91, 0.92, 0.9, 0.88, 0.9, 0.94, 0.91, 0.92, 0.92, 0.91, 0.92, 0.92, 0.93, 0.92, 0.93, 0.91, 0.91, 0.92, 0.87, 0.92, 0.92, 0.93, 0.93, 0.91, 0.89]
0.915 0.015
40
[0.91, 0.94, 0.93, 0.94, 0.94, 0.94, 0.93, 0.93, 0.92, 0.92, 0.91, 0.93, 0.93, 0.92, 0.95, 0.94, 0.93, 0.92, 0.93, 0.93, 0.93, 0.9, 0.91, 0.92, 0.94, 0.94, 0.93, 0.93, 0.93, 0.94, 0.91, 0.93, 0.95, 0.94, 0.91, 0.92, 0.92, 0.94, 0.92, 0.94, 0.94, 0.93, 0.91, 0.92, 0.94, 0.94, 0.94, 0.94, 0.92, 0.93, 0.94, 0.93, 0.91, 0.95, 0.94, 0.9, 0.95, 0.93, 0.92, 0.92, 0.93, 0.94, 0.93, 0.92, 0.9, 0.91, 0.94, 0.94, 0.94, 0.93, 0.92, 0.92, 0.93, 0.94, 0.92, 0.94, 0.91, 0.92, 0.92, 0.91, 0.91, 0.92, 0.92, 0.91, 0.93, 0.95, 0.91, 0.92, 0.93, 0.91, 0.93, 0.93, 0.93, 0.94, 0.93, 0.92, 0.94, 0.94, 0.95, 0.93]
0.928 0.012
80
[0.92, 0.94, 0.94, 0.95, 0.94, 0.93, 0.94, 0.95, 0.92, 0.93, 0.94, 0.92, 0.94, 0.95, 0.94, 0.94, 0.94, 0.94, 0.96, 0.94, 0.93, 0.95, 0.93, 0.93, 0.93, 0.94, 0.94, 0.95, 0.94, 0.92, 0.94, 0.94, 0.93, 0.95, 0.93, 0.95, 0.93, 0.95, 0.93, 0.93, 0.93, 0.94, 0.94, 0.94, 0.95, 0.93, 0.94, 0.92, 0.95, 0.94, 0.92, 0.93, 0.93, 0.95, 0.95, 0.94, 0.94, 0.94, 0.95, 0.94, 0.93, 0.94, 0.95, 0.94, 0.94, 0.94, 0.95, 0.94, 0.94, 0.94, 0.94, 0.94, 0.94, 0.94, 0.95, 0.95, 0.93, 0.94, 0.94, 0.93, 0.92, 0.94, 0.92, 0.93, 0.94, 0.94, 0.95, 0.94, 0.94, 0.94, 0.93, 0.94, 0.93, 0.93, 0.93, 0.91, 0.96, 0.94, 0.93, 0.94]
0.938 0.009
160
[0.95, 0.95, 0.95, 0.95, 0.94, 0.95, 0.95, 0.95, 0.95, 0.96, 0.95, 0.94, 0.94, 0.95, 0.94, 0.95, 0.96, 0.94, 0.95, 0.94, 0.95, 0.94, 0.95, 0.95, 0.94, 0.95, 0.96, 0.94, 0.95, 0.94, 0.95, 0.94, 0.95, 0.95, 0.95, 0.95, 0.95, 0.95, 0.94, 0.96, 0.96, 0.96, 0.95, 0.94, 0.95, 0.94, 0.95, 0.94, 0.95, 0.95, 0.95, 0.96, 0.95, 0.95, 0.95, 0.95, 0.94, 0.95, 0.95, 0.96, 0.95, 0.95, 0.93, 0.96, 0.94, 0.94, 0.94, 0.96, 0.95, 0.93, 0.95, 0.95, 0.95, 0.94, 0.96, 0.94, 0.94, 0.95, 0.95, 0.94, 0.95, 0.95, 0.95, 0.94, 0.95, 0.95, 0.95, 0.93, 0.94, 0.94, 0.94, 0.95, 0.95, 0.95, 0.94, 0.94, 0.95, 0.95, 0.94, 0.95]
0.947 0.007
320
[0.95, 0.96, 0.96, 0.95, 0.95, 0.95, 0.95, 0.95, 0.95, 0.96, 0.95, 0.95, 0.96, 0.95, 0.95, 0.95, 0.96, 0.96, 0.96, 0.96, 0.96, 0.96, 0.96, 0.96, 0.96, 0.95, 0.96, 0.96, 0.95, 0.95, 0.96, 0.95, 0.96, 0.96, 0.96, 0.96, 0.95, 0.96, 0.96, 0.96, 0.96, 0.95, 0.96, 0.96, 0.96, 0.95, 0.95, 0.96, 0.96, 0.95, 0.95, 0.96, 0.96, 0.96, 0.96, 0.96, 0.96, 0.95, 0.95, 0.96, 0.95, 0.96, 0.96, 0.96, 0.96, 0.96, 0.95, 0.96, 0.96, 0.96, 0.95, 0.96, 0.95, 0.96, 0.96, 0.95, 0.96, 0.96, 0.96, 0.95, 0.95, 0.96, 0.96, 0.96, 0.96, 0.95, 0.95, 0.95, 0.95, 0.95, 0.96, 0.95, 0.96, 0.96, 0.96, 0.96, 0.95, 0.95, 0.96, 0.95]
0.956 0.005
640
[0.96, 0.96, 0.95, 0.95, 0.95, 0.96, 0.96, 0.94, 0.95, 0.95, 0.96, 0.96, 0.96, 0.96, 0.95, 0.95, 0.95, 0.96, 0.96, 0.96, 0.95, 0.96, 0.95, 0.95, 0.95, 0.95, 0.96, 0.96, 0.96, 0.96, 0.94, 0.96, 0.96, 0.95, 0.95, 0.96, 0.95, 0.95, 0.95, 0.96, 0.95, 0.95, 0.95, 0.96, 0.96, 0.96, 0.96, 0.96, 0.96, 0.95, 0.95, 0.95, 0.95, 0.96, 0.95, 0.96, 0.95, 0.95, 0.96, 0.96, 0.95, 0.95, 0.96, 0.96, 0.96, 0.96, 0.96, 0.95, 0.95, 0.95, 0.95, 0.96, 0.96, 0.95, 0.96, 0.96, 0.96, 0.95, 0.96, 0.96, 0.94, 0.96, 0.96, 0.95, 0.95, 0.96, 0.96, 0.96, 0.96, 0.96, 0.95, 0.96, 0.96, 0.96, 0.95, 0.96, 0.95, 0.96, 0.95, 0.96]
0.955 0.006

