double CF L2
3
[0.894, 0.893, 0.878, 0.869, 0.896, 0.881, 0.885, 0.872, 0.872, 0.888, 0.821, 0.871, 0.9, 0.865, 0.875, 0.897, 0.867, 0.848, 0.878, 0.855, 0.855, 0.898, 0.901, 0.899, 0.894, 0.844, 0.882, 0.873, 0.878, 0.849, 0.888, 0.891, 0.861, 0.901, 0.793, 0.897, 0.91, 0.909, 0.89, 0.9, 0.878, 0.859, 0.869, 0.898, 0.863, 0.855, 0.895, 0.885, 0.894, 0.875, 0.896, 0.865, 0.879, 0.89, 0.886, 0.895, 0.897, 0.864, 0.855, 0.844, 0.869, 0.876, 0.86, 0.86, 0.874, 0.906, 0.9, 0.842, 0.89, 0.821, 0.876, 0.837, 0.884, 0.856, 0.86, 0.872, 0.875, 0.848, 0.881, 0.86, 0.874, 0.884, 0.875, 0.842, 0.877, 0.896, 0.859, 0.865, 0.804, 0.889, 0.884, 0.875, 0.858, 0.909, 0.895, 0.824, 0.86, 0.882, 0.865, 0.867]
0.874 0.022
5
[0.882, 0.857, 0.905, 0.892, 0.878, 0.905, 0.892, 0.892, 0.882, 0.89, 0.882, 0.901, 0.898, 0.896, 0.844, 0.886, 0.863, 0.897, 0.896, 0.906, 0.86, 0.889, 0.895, 0.879, 0.902, 0.893, 0.894, 0.857, 0.851, 0.889, 0.78, 0.875, 0.83, 0.889, 0.807, 0.894, 0.899, 0.838, 0.906, 0.867, 0.873, 0.909, 0.89, 0.871, 0.903, 0.91, 0.87, 0.893, 0.904, 0.846, 0.895, 0.912, 0.841, 0.867, 0.884, 0.898, 0.855, 0.894, 0.901, 0.906, 0.905, 0.876, 0.894, 0.891, 0.872, 0.883, 0.914, 0.875, 0.889, 0.893, 0.872, 0.868, 0.882, 0.858, 0.878, 0.887, 0.854, 0.907, 0.863, 0.893, 0.912, 0.878, 0.893, 0.885, 0.899, 0.878, 0.886, 0.878, 0.88, 0.891, 0.827, 0.899, 0.902, 0.898, 0.897, 0.901, 0.892, 0.904, 0.884, 0.871]
0.883 0.023
10
[0.856, 0.917, 0.907, 0.886, 0.896, 0.918, 0.881, 0.898, 0.873, 0.855, 0.908, 0.915, 0.893, 0.896, 0.915, 0.878, 0.895, 0.89, 0.868, 0.902, 0.88, 0.894, 0.884, 0.88, 0.907, 0.876, 0.886, 0.926, 0.902, 0.901, 0.875, 0.901, 0.904, 0.905, 0.911, 0.879, 0.887, 0.89, 0.909, 0.894, 0.897, 0.876, 0.922, 0.889, 0.898, 0.885, 0.892, 0.905, 0.86, 0.865, 0.915, 0.866, 0.879, 0.885, 0.879, 0.907, 0.894, 0.902, 0.917, 0.912, 0.853, 0.897, 0.91, 0.887, 0.872, 0.888, 0.885, 0.928, 0.912, 0.882, 0.914, 0.891, 0.9, 0.862, 0.898, 0.908, 0.893, 0.898, 0.892, 0.897, 0.891, 0.876, 0.911, 0.902, 0.898, 0.914, 0.877, 0.89, 0.886, 0.9, 0.854, 0.917, 0.914, 0.893, 0.905, 0.916, 0.904, 0.857, 0.889, 0.903]
0.893 0.017
20
[0.93, 0.917, 0.882, 0.901, 0.918, 0.934, 0.865, 0.925, 0.866, 0.87, 0.933, 0.872, 0.879, 0.887, 0.883, 0.902, 0.895, 0.873, 0.858, 0.906, 0.904, 0.913, 0.884, 0.905, 0.911, 0.911, 0.916, 0.872, 0.889, 0.906, 0.886, 0.923, 0.84, 0.912, 0.888, 0.892, 0.878, 0.907, 0.926, 0.886, 0.838, 0.891, 0.921, 0.9, 0.895, 0.927, 0.904, 0.915, 0.88, 0.908, 0.897, 0.921, 0.904, 0.887, 0.932, 0.878, 0.859, 0.905, 0.874, 0.928, 0.915, 0.913, 0.924, 0.888, 0.906, 0.905, 0.858, 0.918, 0.897, 0.889, 0.924, 0.878, 0.892, 0.863, 0.894, 0.901, 0.863, 0.891, 0.896, 0.923, 0.898, 0.898, 0.917, 0.903, 0.892, 0.914, 0.899, 0.898, 0.914, 0.929, 0.892, 0.916, 0.908, 0.914, 0.891, 0.899, 0.912, 0.907, 0.899, 0.896]
0.898 0.02
40
[0.909, 0.875, 0.904, 0.876, 0.937, 0.899, 0.924, 0.914, 0.908, 0.914, 0.911, 0.877, 0.882, 0.938, 0.933, 0.921, 0.93, 0.893, 0.932, 0.921, 0.896, 0.927, 0.932, 0.895, 0.913, 0.921, 0.93, 0.879, 0.923, 0.932, 0.894, 0.839, 0.904, 0.911, 0.911, 0.867, 0.928, 0.917, 0.913, 0.925, 0.912, 0.874, 0.888, 0.889, 0.92, 0.896, 0.91, 0.915, 0.904, 0.873, 0.926, 0.883, 0.92, 0.909, 0.881, 0.92, 0.896, 0.898, 0.907, 0.917, 0.919, 0.902, 0.917, 0.931, 0.916, 0.897, 0.927, 0.932, 0.908, 0.901, 0.906, 0.917, 0.889, 0.922, 0.878, 0.928, 0.876, 0.915, 0.883, 0.895, 0.906, 0.893, 0.922, 0.88, 0.911, 0.87, 0.905, 0.922, 0.901, 0.943, 0.92, 0.917, 0.889, 0.887, 0.918, 0.879, 0.924, 0.923, 0.865, 0.894]
0.906 0.02
80
[0.926, 0.946, 0.89, 0.941, 0.92, 0.948, 0.933, 0.878, 0.867, 0.936, 0.907, 0.909, 0.924, 0.933, 0.912, 0.863, 0.908, 0.942, 0.858, 0.919, 0.918, 0.937, 0.929, 0.927, 0.942, 0.919, 0.886, 0.919, 0.902, 0.911, 0.927, 0.922, 0.919, 0.94, 0.887, 0.891, 0.905, 0.914, 0.897, 0.898, 0.908, 0.922, 0.856, 0.924, 0.907, 0.922, 0.933, 0.924, 0.929, 0.923, 0.923, 0.91, 0.914, 0.912, 0.929, 0.907, 0.903, 0.928, 0.913, 0.893, 0.898, 0.929, 0.913, 0.934, 0.906, 0.896, 0.888, 0.905, 0.933, 0.932, 0.911, 0.913, 0.925, 0.911, 0.898, 0.901, 0.931, 0.911, 0.921, 0.922, 0.927, 0.901, 0.925, 0.924, 0.91, 0.931, 0.863, 0.915, 0.94, 0.954, 0.914, 0.879, 0.911, 0.906, 0.924, 0.906, 0.938, 0.934, 0.936, 0.924]
0.915 0.02
160
[0.914, 0.944, 0.936, 0.934, 0.926, 0.919, 0.914, 0.944, 0.946, 0.923, 0.934, 0.928, 0.897, 0.913, 0.945, 0.922, 0.9, 0.925, 0.91, 0.911, 0.915, 0.914, 0.922, 0.924, 0.926, 0.936, 0.925, 0.937, 0.929, 0.912, 0.907, 0.909, 0.922, 0.896, 0.929, 0.955, 0.913, 0.904, 0.919, 0.911, 0.939, 0.923, 0.919, 0.924, 0.92, 0.908, 0.927, 0.925, 0.87, 0.938, 0.933, 0.923, 0.949, 0.94, 0.948, 0.925, 0.929, 0.904, 0.893, 0.94, 0.899, 0.93, 0.925, 0.94, 0.932, 0.931, 0.895, 0.927, 0.933, 0.922, 0.922, 0.909, 0.925, 0.946, 0.945, 0.931, 0.921, 0.878, 0.935, 0.935, 0.907, 0.903, 0.932, 0.91, 0.899, 0.897, 0.924, 0.887, 0.921, 0.925, 0.932, 0.934, 0.933, 0.921, 0.904, 0.896, 0.938, 0.912, 0.934, 0.935]
0.922 0.016
320
[0.929, 0.948, 0.949, 0.922, 0.923, 0.943, 0.91, 0.881, 0.942, 0.93, 0.901, 0.941, 0.933, 0.935, 0.943, 0.946, 0.91, 0.95, 0.942, 0.943, 0.943, 0.912, 0.919, 0.921, 0.936, 0.931, 0.924, 0.935, 0.925, 0.905, 0.946, 0.935, 0.89, 0.911, 0.931, 0.933, 0.947, 0.946, 0.927, 0.913, 0.93, 0.917, 0.931, 0.926, 0.938, 0.925, 0.92, 0.915, 0.933, 0.884, 0.932, 0.935, 0.907, 0.946, 0.927, 0.929, 0.928, 0.926, 0.904, 0.932, 0.906, 0.925, 0.944, 0.948, 0.935, 0.929, 0.887, 0.943, 0.928, 0.914, 0.941, 0.929, 0.902, 0.933, 0.938, 0.939, 0.903, 0.93, 0.936, 0.94, 0.935, 0.937, 0.943, 0.929, 0.937, 0.921, 0.924, 0.943, 0.949, 0.918, 0.927, 0.951, 0.938, 0.902, 0.923, 0.951, 0.923, 0.932, 0.95, 0.925]
0.928 0.015
640
[0.957, 0.931, 0.948, 0.935, 0.949, 0.942, 0.943, 0.923, 0.917, 0.952, 0.946, 0.931, 0.927, 0.946, 0.946, 0.912, 0.936, 0.937, 0.925, 0.902, 0.927, 0.92, 0.923, 0.94, 0.949, 0.906, 0.927, 0.944, 0.911, 0.94, 0.933, 0.952, 0.93, 0.932, 0.945, 0.944, 0.949, 0.955, 0.935, 0.938, 0.939, 0.941, 0.938, 0.922, 0.923, 0.953, 0.932, 0.941, 0.915, 0.953, 0.943, 0.945, 0.941, 0.941, 0.929, 0.949, 0.945, 0.946, 0.943, 0.933, 0.938, 0.924, 0.933, 0.941, 0.959, 0.946, 0.934, 0.912, 0.924, 0.939, 0.948, 0.922, 0.935, 0.948, 0.943, 0.941, 0.941, 0.937, 0.925, 0.95, 0.93, 0.954, 0.948, 0.939, 0.943, 0.939, 0.938, 0.938, 0.92, 0.947, 0.933, 0.949, 0.913, 0.935, 0.948, 0.93, 0.956, 0.932, 0.938, 0.92]
0.937 0.012

double CF L1
3
[0.833, 0.834, 0.877, 0.869, 0.855, 0.73, 0.825, 0.823, 0.811, 0.79, 0.78, 0.86, 0.823, 0.834, 0.819, 0.881, 0.875, 0.771, 0.67, 0.88, 0.853, 0.808, 0.854, 0.861, 0.742, 0.835, 0.859, 0.743, 0.797, 0.891, 0.901, 0.867, 0.824, 0.817, 0.85, 0.774, 0.883, 0.867, 0.888, 0.88, 0.847, 0.87, 0.849, 0.88, 0.872, 0.802, 0.791, 0.872, 0.829, 0.89, 0.841, 0.856, 0.871, 0.864, 0.877, 0.777, 0.813, 0.891, 0.813, 0.867, 0.873, 0.881, 0.795, 0.88, 0.745, 0.864, 0.848, 0.829, 0.841, 0.855, 0.844, 0.84, 0.859, 0.869, 0.843, 0.872, 0.879, 0.86, 0.916, 0.838, 0.83, 0.753, 0.791, 0.864, 0.844, 0.847, 0.859, 0.849, 0.895, 0.852, 0.863, 0.613, 0.834, 0.812, 0.826, 0.852, 0.86, 0.855, 0.842, 0.727]
0.837 0.048
5
[0.864, 0.887, 0.846, 0.877, 0.895, 0.875, 0.884, 0.878, 0.886, 0.836, 0.93, 0.838, 0.903, 0.849, 0.87, 0.889, 0.881, 0.901, 0.889, 0.81, 0.866, 0.861, 0.85, 0.878, 0.892, 0.832, 0.854, 0.87, 0.842, 0.875, 0.885, 0.882, 0.862, 0.798, 0.837, 0.859, 0.878, 0.832, 0.843, 0.798, 0.86, 0.837, 0.835, 0.842, 0.836, 0.809, 0.883, 0.893, 0.916, 0.869, 0.886, 0.793, 0.902, 0.878, 0.862, 0.857, 0.852, 0.787, 0.871, 0.831, 0.871, 0.848, 0.813, 0.787, 0.896, 0.855, 0.863, 0.877, 0.857, 0.878, 0.876, 0.792, 0.848, 0.846, 0.91, 0.907, 0.795, 0.825, 0.89, 0.858, 0.884, 0.885, 0.839, 0.874, 0.845, 0.855, 0.894, 0.884, 0.812, 0.904, 0.826, 0.86, 0.896, 0.89, 0.907, 0.889, 0.897, 0.832, 0.803, 0.885]
0.861 0.032
10
[0.905, 0.835, 0.855, 0.905, 0.92, 0.892, 0.879, 0.897, 0.869, 0.868, 0.88, 0.868, 0.872, 0.876, 0.859, 0.896, 0.866, 0.893, 0.913, 0.885, 0.883, 0.875, 0.891, 0.878, 0.903, 0.886, 0.883, 0.876, 0.913, 0.912, 0.889, 0.898, 0.889, 0.873, 0.857, 0.886, 0.901, 0.844, 0.863, 0.907, 0.901, 0.901, 0.826, 0.858, 0.862, 0.913, 0.899, 0.9, 0.917, 0.894, 0.895, 0.889, 0.905, 0.92, 0.891, 0.907, 0.853, 0.88, 0.916, 0.91, 0.866, 0.875, 0.869, 0.912, 0.908, 0.904, 0.9, 0.834, 0.889, 0.89, 0.908, 0.907, 0.858, 0.881, 0.899, 0.888, 0.894, 0.884, 0.875, 0.897, 0.86, 0.913, 0.909, 0.895, 0.891, 0.883, 0.933, 0.91, 0.917, 0.915, 0.881, 0.873, 0.904, 0.894, 0.857, 0.924, 0.892, 0.897, 0.917, 0.899]
0.889 0.021
20
[0.927, 0.894, 0.899, 0.898, 0.917, 0.928, 0.912, 0.904, 0.913, 0.918, 0.911, 0.887, 0.915, 0.9, 0.902, 0.93, 0.891, 0.909, 0.935, 0.868, 0.919, 0.93, 0.894, 0.908, 0.925, 0.915, 0.925, 0.914, 0.894, 0.901, 0.885, 0.889, 0.916, 0.877, 0.911, 0.937, 0.914, 0.914, 0.904, 0.919, 0.9, 0.924, 0.919, 0.883, 0.896, 0.912, 0.919, 0.914, 0.914, 0.885, 0.914, 0.902, 0.921, 0.931, 0.908, 0.92, 0.909, 0.911, 0.93, 0.919, 0.902, 0.916, 0.921, 0.895, 0.878, 0.915, 0.909, 0.906, 0.889, 0.895, 0.873, 0.919, 0.885, 0.921, 0.905, 0.925, 0.919, 0.891, 0.892, 0.888, 0.87, 0.906, 0.911, 0.889, 0.876, 0.92, 0.913, 0.88, 0.894, 0.902, 0.901, 0.898, 0.902, 0.889, 0.91, 0.879, 0.932, 0.923, 0.904, 0.914]
0.906 0.016
40
[0.93, 0.932, 0.901, 0.935, 0.906, 0.924, 0.927, 0.925, 0.904, 0.891, 0.888, 0.938, 0.945, 0.928, 0.911, 0.922, 0.908, 0.931, 0.914, 0.912, 0.943, 0.94, 0.922, 0.938, 0.903, 0.932, 0.916, 0.933, 0.945, 0.944, 0.928, 0.9, 0.904, 0.928, 0.922, 0.931, 0.934, 0.916, 0.927, 0.937, 0.938, 0.942, 0.93, 0.923, 0.91, 0.934, 0.911, 0.89, 0.925, 0.914, 0.939, 0.929, 0.941, 0.915, 0.92, 0.914, 0.927, 0.907, 0.911, 0.918, 0.91, 0.924, 0.905, 0.907, 0.917, 0.934, 0.926, 0.92, 0.937, 0.909, 0.919, 0.924, 0.928, 0.915, 0.94, 0.941, 0.938, 0.929, 0.929, 0.908, 0.908, 0.937, 0.92, 0.929, 0.913, 0.903, 0.941, 0.911, 0.947, 0.936, 0.924, 0.923, 0.935, 0.937, 0.944, 0.936, 0.917, 0.925, 0.907, 0.938]
0.923 0.014
80
[0.914, 0.891, 0.918, 0.949, 0.937, 0.911, 0.924, 0.91, 0.935, 0.934, 0.948, 0.955, 0.922, 0.943, 0.899, 0.92, 0.944, 0.901, 0.939, 0.936, 0.949, 0.945, 0.93, 0.833, 0.927, 0.931, 0.921, 0.946, 0.937, 0.95, 0.932, 0.931, 0.917, 0.933, 0.923, 0.912, 0.922, 0.935, 0.93, 0.942, 0.935, 0.898, 0.918, 0.941, 0.925, 0.924, 0.939, 0.935, 0.904, 0.928, 0.93, 0.907, 0.932, 0.938, 0.912, 0.941, 0.919, 0.933, 0.915, 0.932, 0.922, 0.933, 0.934, 0.948, 0.936, 0.907, 0.934, 0.941, 0.94, 0.918, 0.938, 0.913, 0.9, 0.938, 0.945, 0.935, 0.94, 0.935, 0.928, 0.935, 0.913, 0.946, 0.94, 0.95, 0.934, 0.935, 0.917, 0.898, 0.944, 0.921, 0.916, 0.923, 0.923, 0.893, 0.94, 0.931, 0.947, 0.941, 0.883, 0.938]
0.927 0.018
160
[0.942, 0.935, 0.941, 0.951, 0.925, 0.949, 0.941, 0.944, 0.948, 0.92, 0.943, 0.932, 0.951, 0.917, 0.924, 0.932, 0.924, 0.888, 0.95, 0.919, 0.95, 0.945, 0.957, 0.933, 0.948, 0.932, 0.951, 0.937, 0.927, 0.946, 0.945, 0.917, 0.926, 0.953, 0.925, 0.955, 0.938, 0.951, 0.932, 0.951, 0.947, 0.945, 0.952, 0.931, 0.953, 0.942, 0.931, 0.945, 0.943, 0.907, 0.946, 0.935, 0.951, 0.954, 0.938, 0.933, 0.94, 0.946, 0.922, 0.961, 0.951, 0.949, 0.956, 0.919, 0.95, 0.944, 0.939, 0.943, 0.944, 0.933, 0.932, 0.906, 0.933, 0.948, 0.918, 0.938, 0.949, 0.938, 0.917, 0.909, 0.944, 0.944, 0.928, 0.937, 0.944, 0.94, 0.93, 0.948, 0.933, 0.935, 0.933, 0.924, 0.899, 0.931, 0.936, 0.95, 0.927, 0.929, 0.95, 0.947]
0.937 0.013
320
[0.943, 0.955, 0.954, 0.955, 0.933, 0.945, 0.92, 0.941, 0.96, 0.95, 0.956, 0.946, 0.935, 0.928, 0.899, 0.957, 0.956, 0.945, 0.941, 0.953, 0.952, 0.954, 0.949, 0.944, 0.94, 0.938, 0.948, 0.956, 0.922, 0.938, 0.932, 0.959, 0.94, 0.943, 0.945, 0.958, 0.958, 0.964, 0.941, 0.94, 0.963, 0.95, 0.934, 0.959, 0.955, 0.952, 0.951, 0.959, 0.964, 0.947, 0.955, 0.961, 0.946, 0.932, 0.944, 0.96, 0.945, 0.949, 0.951, 0.946, 0.923, 0.95, 0.951, 0.952, 0.947, 0.948, 0.938, 0.956, 0.929, 0.935, 0.925, 0.94, 0.948, 0.912, 0.955, 0.953, 0.957, 0.936, 0.951, 0.954, 0.947, 0.955, 0.946, 0.936, 0.957, 0.95, 0.933, 0.956, 0.948, 0.958, 0.958, 0.943, 0.919, 0.948, 0.943, 0.941, 0.957, 0.943, 0.953, 0.944]
0.946 0.012

double CF MAD
3
[0.828, 0.834, 0.871, 0.907, 0.833, 0.864, 0.826, 0.846, 0.806, 0.894, 0.852, 0.894, 0.868, 0.826, 0.861, 0.884, 0.878, 0.881, 0.846, 0.857, 0.83, 0.857, 0.897, 0.864, 0.889, 0.883, 0.838, 0.86, 0.873, 0.808, 0.865, 0.872, 0.863, 0.888, 0.86, 0.872, 0.864, 0.814, 0.878, 0.875, 0.802, 0.843, 0.864, 0.837, 0.903, 0.863, 0.868, 0.859, 0.872, 0.875, 0.886, 0.851, 0.868, 0.846, 0.865, 0.811, 0.839, 0.846, 0.823, 0.775, 0.868, 0.904, 0.872, 0.849, 0.777, 0.876, 0.849, 0.858, 0.852, 0.899, 0.906, 0.815, 0.84, 0.843, 0.841, 0.852, 0.82, 0.843, 0.85, 0.862, 0.756, 0.906, 0.881, 0.856, 0.897, 0.91, 0.821, 0.805, 0.847, 0.893, 0.872, 0.873, 0.784, 0.901, 0.828, 0.862, 0.871, 0.849, 0.828, 0.867]
0.856 0.031
5
[0.837, 0.889, 0.862, 0.838, 0.907, 0.856, 0.882, 0.886, 0.861, 0.907, 0.863, 0.881, 0.833, 0.838, 0.889, 0.833, 0.894, 0.875, 0.899, 0.858, 0.827, 0.889, 0.867, 0.9, 0.87, 0.788, 0.869, 0.882, 0.888, 0.891, 0.851, 0.893, 0.841, 0.888, 0.902, 0.906, 0.89, 0.834, 0.848, 0.912, 0.895, 0.885, 0.762, 0.866, 0.852, 0.849, 0.868, 0.883, 0.865, 0.868, 0.867, 0.872, 0.889, 0.814, 0.883, 0.892, 0.836, 0.786, 0.878, 0.863, 0.894, 0.869, 0.889, 0.847, 0.849, 0.86, 0.87, 0.88, 0.87, 0.91, 0.908, 0.899, 0.876, 0.898, 0.86, 0.826, 0.858, 0.909, 0.886, 0.874, 0.88, 0.897, 0.866, 0.834, 0.872, 0.883, 0.898, 0.904, 0.874, 0.841, 0.848, 0.86, 0.898, 0.867, 0.879, 0.844, 0.876, 0.855, 0.865, 0.913]
0.87 0.028
10
[0.911, 0.894, 0.903, 0.896, 0.889, 0.908, 0.907, 0.896, 0.88, 0.892, 0.915, 0.907, 0.891, 0.888, 0.873, 0.925, 0.901, 0.855, 0.865, 0.903, 0.888, 0.895, 0.907, 0.889, 0.842, 0.878, 0.903, 0.891, 0.924, 0.901, 0.893, 0.842, 0.899, 0.867, 0.904, 0.914, 0.906, 0.91, 0.902, 0.901, 0.901, 0.911, 0.909, 0.901, 0.904, 0.816, 0.925, 0.866, 0.907, 0.876, 0.885, 0.898, 0.905, 0.913, 0.901, 0.868, 0.903, 0.863, 0.909, 0.881, 0.894, 0.918, 0.909, 0.908, 0.912, 0.851, 0.875, 0.918, 0.878, 0.861, 0.906, 0.897, 0.905, 0.922, 0.875, 0.917, 0.911, 0.894, 0.86, 0.894, 0.896, 0.895, 0.893, 0.883, 0.867, 0.902, 0.915, 0.891, 0.913, 0.851, 0.902, 0.912, 0.896, 0.881, 0.876, 0.905, 0.901, 0.893, 0.927, 0.908]
0.894 0.02
20
[0.906, 0.878, 0.904, 0.904, 0.915, 0.899, 0.905, 0.901, 0.889, 0.892, 0.913, 0.928, 0.922, 0.89, 0.903, 0.931, 0.917, 0.898, 0.918, 0.911, 0.914, 0.911, 0.914, 0.915, 0.897, 0.917, 0.896, 0.915, 0.9, 0.92, 0.859, 0.892, 0.917, 0.923, 0.919, 0.898, 0.889, 0.899, 0.917, 0.906, 0.901, 0.893, 0.91, 0.909, 0.897, 0.889, 0.923, 0.906, 0.896, 0.89, 0.912, 0.911, 0.889, 0.906, 0.897, 0.927, 0.905, 0.914, 0.914, 0.911, 0.864, 0.901, 0.909, 0.915, 0.917, 0.892, 0.889, 0.935, 0.897, 0.906, 0.894, 0.865, 0.921, 0.907, 0.895, 0.894, 0.906, 0.883, 0.886, 0.922, 0.924, 0.91, 0.92, 0.922, 0.914, 0.912, 0.904, 0.915, 0.928, 0.921, 0.917, 0.91, 0.883, 0.926, 0.897, 0.907, 0.912, 0.907, 0.915, 0.931]
0.906 0.014
40
[0.93, 0.889, 0.913, 0.919, 0.924, 0.914, 0.915, 0.926, 0.925, 0.896, 0.921, 0.919, 0.909, 0.918, 0.923, 0.928, 0.921, 0.93, 0.921, 0.914, 0.917, 0.927, 0.922, 0.914, 0.925, 0.927, 0.903, 0.914, 0.921, 0.906, 0.906, 0.923, 0.934, 0.902, 0.919, 0.926, 0.936, 0.904, 0.926, 0.906, 0.902, 0.928, 0.921, 0.917, 0.931, 0.919, 0.935, 0.928, 0.904, 0.911, 0.919, 0.919, 0.913, 0.929, 0.9, 0.917, 0.938, 0.924, 0.922, 0.915, 0.921, 0.934, 0.919, 0.929, 0.924, 0.912, 0.92, 0.922, 0.913, 0.91, 0.904, 0.92, 0.91, 0.941, 0.905, 0.903, 0.924, 0.934, 0.92, 0.924, 0.918, 0.937, 0.934, 0.928, 0.929, 0.934, 0.923, 0.905, 0.928, 0.941, 0.908, 0.912, 0.924, 0.932, 0.94, 0.889, 0.913, 0.915, 0.933, 0.915]
0.92 0.011
80
[0.929, 0.923, 0.918, 0.921, 0.94, 0.925, 0.929, 0.933, 0.943, 0.922, 0.931, 0.941, 0.937, 0.941, 0.927, 0.92, 0.93, 0.927, 0.909, 0.933, 0.917, 0.924, 0.933, 0.922, 0.936, 0.941, 0.899, 0.917, 0.934, 0.938, 0.94, 0.921, 0.937, 0.943, 0.914, 0.93, 0.933, 0.923, 0.925, 0.922, 0.941, 0.917, 0.943, 0.928, 0.937, 0.94, 0.932, 0.923, 0.923, 0.935, 0.925, 0.919, 0.93, 0.919, 0.928, 0.92, 0.916, 0.934, 0.94, 0.933, 0.924, 0.936, 0.922, 0.927, 0.932, 0.92, 0.937, 0.919, 0.94, 0.929, 0.92, 0.92, 0.932, 0.946, 0.93, 0.911, 0.92, 0.946, 0.928, 0.937, 0.924, 0.921, 0.941, 0.916, 0.939, 0.935, 0.937, 0.933, 0.933, 0.923, 0.931, 0.935, 0.925, 0.927, 0.933, 0.932, 0.934, 0.909, 0.917, 0.929]
0.929 0.009
160
[0.938, 0.926, 0.935, 0.947, 0.946, 0.929, 0.94, 0.946, 0.93, 0.933, 0.929, 0.947, 0.94, 0.93, 0.928, 0.938, 0.936, 0.926, 0.945, 0.929, 0.928, 0.935, 0.938, 0.936, 0.928, 0.923, 0.943, 0.929, 0.944, 0.937, 0.932, 0.913, 0.934, 0.941, 0.937, 0.922, 0.933, 0.931, 0.934, 0.935, 0.929, 0.931, 0.937, 0.938, 0.942, 0.935, 0.938, 0.914, 0.94, 0.941, 0.914, 0.942, 0.931, 0.932, 0.946, 0.931, 0.944, 0.929, 0.919, 0.926, 0.94, 0.928, 0.938, 0.933, 0.922, 0.938, 0.923, 0.922, 0.932, 0.94, 0.929, 0.887, 0.927, 0.912, 0.939, 0.94, 0.938, 0.948, 0.917, 0.945, 0.943, 0.934, 0.938, 0.933, 0.943, 0.932, 0.945, 0.933, 0.942, 0.94, 0.917, 0.924, 0.938, 0.922, 0.943, 0.935, 0.94, 0.934, 0.935, 0.936]
0.933 0.009
320
[0.934, 0.949, 0.934, 0.941, 0.943, 0.941, 0.923, 0.937, 0.935, 0.947, 0.943, 0.927, 0.93, 0.933, 0.943, 0.941, 0.944, 0.943, 0.943, 0.944, 0.935, 0.935, 0.949, 0.944, 0.947, 0.948, 0.933, 0.944, 0.938, 0.941, 0.948, 0.948, 0.945, 0.944, 0.94, 0.932, 0.941, 0.946, 0.942, 0.936, 0.95, 0.941, 0.943, 0.935, 0.93, 0.935, 0.921, 0.938, 0.944, 0.924, 0.944, 0.932, 0.928, 0.941, 0.943, 0.933, 0.943, 0.933, 0.937, 0.941, 0.94, 0.935, 0.947, 0.943, 0.94, 0.915, 0.93, 0.922, 0.935, 0.938, 0.932, 0.948, 0.945, 0.94, 0.943, 0.936, 0.931, 0.949, 0.946, 0.944, 0.935, 0.938, 0.925, 0.936, 0.939, 0.947, 0.951, 0.935, 0.947, 0.939, 0.945, 0.925, 0.934, 0.948, 0.945, 0.923, 0.925, 0.93, 0.939, 0.933]
0.938 0.008

