double CF (10, 20, 20, 1)
3
[0.894, 0.893, 0.878, 0.869, 0.896, 0.881, 0.885, 0.872, 0.872, 0.888, 0.821, 0.871, 0.9, 0.865, 0.875, 0.897, 0.867, 0.848, 0.878, 0.855, 0.855, 0.898, 0.901, 0.899, 0.894, 0.844, 0.882, 0.873, 0.878, 0.849, 0.888, 0.891, 0.861, 0.901, 0.793, 0.897, 0.91, 0.909, 0.89, 0.9, 0.878, 0.859, 0.869, 0.898, 0.863, 0.855, 0.895, 0.885, 0.894, 0.875, 0.896, 0.865, 0.879, 0.89, 0.886, 0.895, 0.897, 0.864, 0.855, 0.844, 0.869, 0.876, 0.86, 0.86, 0.874, 0.906, 0.9, 0.842, 0.89, 0.821, 0.876, 0.837, 0.884, 0.856, 0.86, 0.872, 0.875, 0.848, 0.881, 0.86, 0.874, 0.884, 0.875, 0.842, 0.877, 0.896, 0.859, 0.865, 0.804, 0.889, 0.884, 0.875, 0.858, 0.909, 0.895, 0.824, 0.86, 0.882, 0.865, 0.867]
0.874 0.022
5
[0.882, 0.857, 0.905, 0.892, 0.878, 0.905, 0.892, 0.892, 0.882, 0.89, 0.882, 0.901, 0.898, 0.896, 0.844, 0.886, 0.863, 0.897, 0.896, 0.906, 0.86, 0.889, 0.895, 0.879, 0.902, 0.893, 0.894, 0.857, 0.851, 0.889, 0.78, 0.875, 0.83, 0.889, 0.807, 0.894, 0.899, 0.838, 0.906, 0.867, 0.873, 0.909, 0.89, 0.871, 0.903, 0.91, 0.87, 0.893, 0.904, 0.846, 0.895, 0.912, 0.841, 0.867, 0.884, 0.898, 0.855, 0.894, 0.901, 0.906, 0.905, 0.876, 0.894, 0.891, 0.872, 0.883, 0.914, 0.875, 0.889, 0.893, 0.872, 0.868, 0.882, 0.858, 0.878, 0.887, 0.854, 0.907, 0.863, 0.893, 0.912, 0.878, 0.893, 0.885, 0.899, 0.878, 0.886, 0.878, 0.88, 0.891, 0.827, 0.899, 0.902, 0.898, 0.897, 0.901, 0.892, 0.904, 0.884, 0.871]
0.883 0.023
10
[0.856, 0.917, 0.907, 0.886, 0.896, 0.918, 0.881, 0.898, 0.873, 0.855, 0.908, 0.915, 0.893, 0.896, 0.915, 0.878, 0.895, 0.89, 0.868, 0.902, 0.88, 0.894, 0.884, 0.88, 0.907, 0.876, 0.886, 0.926, 0.902, 0.901, 0.875, 0.901, 0.904, 0.905, 0.911, 0.879, 0.887, 0.89, 0.909, 0.894, 0.897, 0.876, 0.922, 0.889, 0.898, 0.885, 0.892, 0.905, 0.86, 0.865, 0.915, 0.866, 0.879, 0.885, 0.879, 0.907, 0.894, 0.902, 0.917, 0.912, 0.853, 0.897, 0.91, 0.887, 0.872, 0.888, 0.885, 0.928, 0.912, 0.882, 0.914, 0.891, 0.9, 0.862, 0.898, 0.908, 0.893, 0.898, 0.892, 0.897, 0.891, 0.876, 0.911, 0.902, 0.898, 0.914, 0.877, 0.89, 0.886, 0.9, 0.854, 0.917, 0.914, 0.893, 0.905, 0.916, 0.904, 0.857, 0.889, 0.903]
0.893 0.017
20
[0.93, 0.917, 0.882, 0.901, 0.918, 0.934, 0.865, 0.925, 0.866, 0.87, 0.933, 0.872, 0.879, 0.887, 0.883, 0.902, 0.895, 0.873, 0.858, 0.906, 0.904, 0.913, 0.884, 0.905, 0.911, 0.911, 0.916, 0.872, 0.889, 0.906, 0.886, 0.923, 0.84, 0.912, 0.888, 0.892, 0.878, 0.907, 0.926, 0.886, 0.838, 0.891, 0.921, 0.9, 0.895, 0.927, 0.904, 0.915, 0.88, 0.908, 0.897, 0.921, 0.904, 0.887, 0.932, 0.878, 0.859, 0.905, 0.874, 0.928, 0.915, 0.913, 0.924, 0.888, 0.906, 0.905, 0.858, 0.918, 0.897, 0.889, 0.924, 0.878, 0.892, 0.863, 0.894, 0.901, 0.863, 0.891, 0.896, 0.923, 0.898, 0.898, 0.917, 0.903, 0.892, 0.914, 0.899, 0.898, 0.914, 0.929, 0.892, 0.916, 0.908, 0.914, 0.891, 0.899, 0.912, 0.907, 0.899, 0.896]
0.898 0.02
40
[0.909, 0.875, 0.904, 0.876, 0.937, 0.899, 0.924, 0.914, 0.908, 0.914, 0.911, 0.877, 0.882, 0.938, 0.933, 0.921, 0.93, 0.893, 0.932, 0.921, 0.896, 0.927, 0.932, 0.895, 0.913, 0.921, 0.93, 0.879, 0.923, 0.932, 0.894, 0.839, 0.904, 0.911, 0.911, 0.867, 0.928, 0.917, 0.913, 0.925, 0.912, 0.874, 0.888, 0.889, 0.92, 0.896, 0.91, 0.915, 0.904, 0.873, 0.926, 0.883, 0.92, 0.909, 0.881, 0.92, 0.896, 0.898, 0.907, 0.917, 0.919, 0.902, 0.917, 0.931, 0.916, 0.897, 0.927, 0.932, 0.908, 0.901, 0.906, 0.917, 0.889, 0.922, 0.878, 0.928, 0.876, 0.915, 0.883, 0.895, 0.906, 0.893, 0.922, 0.88, 0.911, 0.87, 0.905, 0.922, 0.901, 0.943, 0.92, 0.917, 0.889, 0.887, 0.918, 0.879, 0.924, 0.923, 0.865, 0.894]
0.906 0.02
80
[0.926, 0.946, 0.89, 0.941, 0.92, 0.948, 0.933, 0.878, 0.867, 0.936, 0.907, 0.909, 0.924, 0.933, 0.912, 0.863, 0.908, 0.942, 0.858, 0.919, 0.918, 0.937, 0.929, 0.927, 0.942, 0.919, 0.886, 0.919, 0.902, 0.911, 0.927, 0.922, 0.919, 0.94, 0.887, 0.891, 0.905, 0.914, 0.897, 0.898, 0.908, 0.922, 0.856, 0.924, 0.907, 0.922, 0.933, 0.924, 0.929, 0.923, 0.923, 0.91, 0.914, 0.912, 0.929, 0.907, 0.903, 0.928, 0.913, 0.893, 0.898, 0.929, 0.913, 0.934, 0.906, 0.896, 0.888, 0.905, 0.933, 0.932, 0.911, 0.913, 0.925, 0.911, 0.898, 0.901, 0.931, 0.911, 0.921, 0.922, 0.927, 0.901, 0.925, 0.924, 0.91, 0.931, 0.863, 0.915, 0.94, 0.954, 0.914, 0.879, 0.911, 0.906, 0.924, 0.906, 0.938, 0.934, 0.936, 0.924]
0.915 0.02
160
[0.914, 0.944, 0.936, 0.934, 0.926, 0.919, 0.914, 0.944, 0.946, 0.923, 0.934, 0.928, 0.897, 0.913, 0.945, 0.922, 0.9, 0.925, 0.91, 0.911, 0.915, 0.914, 0.922, 0.924, 0.926, 0.936, 0.925, 0.937, 0.929, 0.912, 0.907, 0.909, 0.922, 0.896, 0.929, 0.955, 0.913, 0.904, 0.919, 0.911, 0.939, 0.923, 0.919, 0.924, 0.92, 0.908, 0.927, 0.925, 0.87, 0.938, 0.933, 0.923, 0.949, 0.94, 0.948, 0.925, 0.929, 0.904, 0.893, 0.94, 0.899, 0.93, 0.925, 0.94, 0.932, 0.931, 0.895, 0.927, 0.933, 0.922, 0.922, 0.909, 0.925, 0.946, 0.945, 0.931, 0.921, 0.878, 0.935, 0.935, 0.907, 0.903, 0.932, 0.91, 0.899, 0.897, 0.924, 0.887, 0.921, 0.925, 0.932, 0.934, 0.933, 0.921, 0.904, 0.896, 0.938, 0.912, 0.934, 0.935]
0.922 0.016
320
[0.929, 0.948, 0.949, 0.922, 0.923, 0.943, 0.91, 0.881, 0.942, 0.93, 0.901, 0.941, 0.933, 0.935, 0.943, 0.946, 0.91, 0.95, 0.942, 0.943, 0.943, 0.912, 0.919, 0.921, 0.936, 0.931, 0.924, 0.935, 0.925, 0.905, 0.946, 0.935, 0.89, 0.911, 0.931, 0.933, 0.947, 0.946, 0.927, 0.913, 0.93, 0.917, 0.931, 0.926, 0.938, 0.925, 0.92, 0.915, 0.933, 0.884, 0.932, 0.935, 0.907, 0.946, 0.927, 0.929, 0.928, 0.926, 0.904, 0.932, 0.906, 0.925, 0.944, 0.948, 0.935, 0.929, 0.887, 0.943, 0.928, 0.914, 0.941, 0.929, 0.902, 0.933, 0.938, 0.939, 0.903, 0.93, 0.936, 0.94, 0.935, 0.937, 0.943, 0.929, 0.937, 0.921, 0.924, 0.943, 0.949, 0.918, 0.927, 0.951, 0.938, 0.902, 0.923, 0.951, 0.923, 0.932, 0.95, 0.925]
0.928 0.015
640
[0.957, 0.931, 0.948, 0.935, 0.949, 0.942, 0.943, 0.923, 0.917, 0.952, 0.946, 0.931, 0.927, 0.946, 0.946, 0.912, 0.936, 0.937, 0.925, 0.902, 0.927, 0.92, 0.923, 0.94, 0.949, 0.906, 0.927, 0.944, 0.911, 0.94, 0.933, 0.952, 0.93, 0.932, 0.945, 0.944, 0.949, 0.955, 0.935, 0.938, 0.939, 0.941, 0.938, 0.922, 0.923, 0.953, 0.932, 0.941, 0.915, 0.953, 0.943, 0.945, 0.941, 0.941, 0.929, 0.949, 0.945, 0.946, 0.943, 0.933, 0.938, 0.924, 0.933, 0.941, 0.959, 0.946, 0.934, 0.912, 0.924, 0.939, 0.948, 0.922, 0.935, 0.948, 0.943, 0.941, 0.941, 0.937, 0.925, 0.95, 0.93, 0.954, 0.948, 0.939, 0.943, 0.939, 0.938, 0.938, 0.92, 0.947, 0.933, 0.949, 0.913, 0.935, 0.948, 0.93, 0.956, 0.932, 0.938, 0.92]
0.937 0.012

double CF (10, 20, 10, 1)
3
[0.874, 0.854, 0.888, 0.904, 0.88, 0.83, 0.898, 0.903, 0.9, 0.826, 0.866, 0.902, 0.893, 0.85, 0.875, 0.891, 0.911, 0.895, 0.893, 0.891, 0.877, 0.896, 0.887, 0.852, 0.869, 0.881, 0.868, 0.861, 0.859, 0.883, 0.865, 0.857, 0.852, 0.899, 0.897, 0.881, 0.869, 0.853, 0.884, 0.906, 0.839, 0.886, 0.877, 0.837, 0.834, 0.89, 0.817, 0.895, 0.897, 0.872, 0.881, 0.902, 0.857, 0.898, 0.843, 0.878, 0.876, 0.909, 0.859, 0.899, 0.907, 0.894, 0.883, 0.908, 0.88, 0.871, 0.886, 0.892, 0.881, 0.829, 0.901, 0.886, 0.86, 0.895, 0.809, 0.907, 0.828, 0.891, 0.886, 0.861, 0.894, 0.868, 0.897, 0.894, 0.876, 0.826, 0.9, 0.864, 0.918, 0.886, 0.845, 0.902, 0.87, 0.876, 0.898, 0.893, 0.872, 0.904, 0.866, 0.883]
0.878 0.023
5
[0.915, 0.896, 0.904, 0.878, 0.858, 0.91, 0.88, 0.834, 0.884, 0.914, 0.859, 0.895, 0.909, 0.895, 0.898, 0.878, 0.895, 0.911, 0.878, 0.924, 0.883, 0.91, 0.888, 0.919, 0.853, 0.865, 0.907, 0.886, 0.886, 0.882, 0.922, 0.896, 0.878, 0.9, 0.906, 0.891, 0.886, 0.903, 0.859, 0.874, 0.915, 0.837, 0.894, 0.878, 0.894, 0.857, 0.892, 0.883, 0.904, 0.889, 0.909, 0.915, 0.914, 0.893, 0.88, 0.858, 0.912, 0.86, 0.886, 0.894, 0.902, 0.872, 0.902, 0.907, 0.86, 0.915, 0.886, 0.897, 0.906, 0.88, 0.828, 0.911, 0.909, 0.908, 0.892, 0.881, 0.875, 0.887, 0.897, 0.879, 0.882, 0.908, 0.88, 0.906, 0.884, 0.893, 0.906, 0.864, 0.885, 0.889, 0.889, 0.914, 0.893, 0.889, 0.912, 0.899, 0.891, 0.889, 0.884, 0.907]
0.89 0.019
10
[0.884, 0.899, 0.911, 0.884, 0.903, 0.903, 0.889, 0.917, 0.84, 0.914, 0.868, 0.87, 0.841, 0.889, 0.855, 0.904, 0.896, 0.867, 0.831, 0.912, 0.894, 0.881, 0.897, 0.852, 0.915, 0.894, 0.913, 0.912, 0.894, 0.858, 0.901, 0.896, 0.894, 0.877, 0.899, 0.868, 0.875, 0.894, 0.919, 0.895, 0.893, 0.919, 0.872, 0.894, 0.877, 0.85, 0.877, 0.894, 0.907, 0.884, 0.891, 0.933, 0.895, 0.891, 0.884, 0.905, 0.856, 0.88, 0.886, 0.852, 0.892, 0.876, 0.893, 0.907, 0.846, 0.865, 0.888, 0.899, 0.915, 0.905, 0.889, 0.92, 0.917, 0.911, 0.875, 0.875, 0.893, 0.903, 0.909, 0.935, 0.881, 0.866, 0.917, 0.903, 0.893, 0.902, 0.877, 0.916, 0.897, 0.904, 0.896, 0.901, 0.92, 0.879, 0.892, 0.913, 0.87, 0.91, 0.888, 0.868]
0.891 0.021
20
[0.906, 0.858, 0.862, 0.906, 0.901, 0.917, 0.905, 0.927, 0.928, 0.886, 0.892, 0.899, 0.89, 0.898, 0.924, 0.886, 0.916, 0.902, 0.867, 0.92, 0.866, 0.916, 0.817, 0.856, 0.883, 0.929, 0.915, 0.897, 0.901, 0.913, 0.816, 0.881, 0.905, 0.894, 0.857, 0.917, 0.895, 0.901, 0.913, 0.898, 0.883, 0.917, 0.861, 0.915, 0.904, 0.88, 0.862, 0.914, 0.907, 0.875, 0.901, 0.909, 0.927, 0.909, 0.893, 0.919, 0.892, 0.902, 0.913, 0.87, 0.9, 0.915, 0.924, 0.89, 0.909, 0.896, 0.894, 0.899, 0.916, 0.854, 0.88, 0.899, 0.912, 0.899, 0.88, 0.868, 0.893, 0.908, 0.923, 0.902, 0.891, 0.908, 0.875, 0.897, 0.875, 0.903, 0.906, 0.869, 0.896, 0.909, 0.906, 0.885, 0.912, 0.898, 0.878, 0.904, 0.886, 0.885, 0.886, 0.882]
0.895 0.021
40
[0.919, 0.927, 0.889, 0.946, 0.866, 0.892, 0.906, 0.891, 0.892, 0.911, 0.882, 0.914, 0.899, 0.927, 0.905, 0.901, 0.928, 0.914, 0.831, 0.931, 0.907, 0.887, 0.905, 0.922, 0.883, 0.924, 0.941, 0.935, 0.927, 0.922, 0.919, 0.894, 0.919, 0.917, 0.93, 0.914, 0.934, 0.914, 0.935, 0.922, 0.855, 0.892, 0.905, 0.884, 0.926, 0.918, 0.929, 0.894, 0.879, 0.878, 0.907, 0.868, 0.941, 0.926, 0.901, 0.92, 0.901, 0.934, 0.884, 0.905, 0.912, 0.897, 0.895, 0.918, 0.916, 0.903, 0.902, 0.93, 0.88, 0.911, 0.888, 0.862, 0.898, 0.935, 0.926, 0.93, 0.911, 0.898, 0.867, 0.933, 0.911, 0.895, 0.922, 0.937, 0.942, 0.918, 0.878, 0.896, 0.916, 0.906, 0.927, 0.914, 0.925, 0.9, 0.946, 0.926, 0.909, 0.926, 0.916, 0.928]
0.909 0.021
80
[0.911, 0.94, 0.927, 0.882, 0.929, 0.939, 0.894, 0.93, 0.929, 0.921, 0.928, 0.919, 0.922, 0.907, 0.874, 0.927, 0.946, 0.92, 0.916, 0.832, 0.938, 0.918, 0.917, 0.913, 0.854, 0.937, 0.935, 0.91, 0.948, 0.877, 0.903, 0.85, 0.935, 0.876, 0.927, 0.91, 0.928, 0.912, 0.94, 0.928, 0.925, 0.916, 0.911, 0.932, 0.894, 0.932, 0.913, 0.929, 0.907, 0.94, 0.912, 0.902, 0.917, 0.929, 0.924, 0.917, 0.939, 0.914, 0.894, 0.912, 0.914, 0.928, 0.924, 0.911, 0.944, 0.917, 0.847, 0.89, 0.935, 0.915, 0.925, 0.896, 0.912, 0.943, 0.906, 0.912, 0.924, 0.897, 0.923, 0.94, 0.9, 0.846, 0.911, 0.938, 0.928, 0.894, 0.937, 0.898, 0.898, 0.897, 0.929, 0.933, 0.896, 0.934, 0.927, 0.922, 0.919, 0.935, 0.942, 0.914]
0.915 0.023
160
[0.938, 0.929, 0.93, 0.939, 0.913, 0.891, 0.948, 0.933, 0.932, 0.932, 0.945, 0.886, 0.933, 0.925, 0.884, 0.936, 0.941, 0.943, 0.9, 0.893, 0.933, 0.922, 0.931, 0.922, 0.89, 0.915, 0.901, 0.924, 0.925, 0.942, 0.917, 0.907, 0.914, 0.911, 0.907, 0.928, 0.936, 0.938, 0.89, 0.93, 0.927, 0.945, 0.793, 0.923, 0.922, 0.911, 0.919, 0.915, 0.934, 0.92, 0.879, 0.94, 0.916, 0.938, 0.915, 0.946, 0.925, 0.934, 0.922, 0.953, 0.907, 0.92, 0.926, 0.91, 0.872, 0.927, 0.93, 0.901, 0.921, 0.92, 0.934, 0.94, 0.89, 0.934, 0.934, 0.894, 0.927, 0.921, 0.895, 0.921, 0.92, 0.912, 0.9, 0.929, 0.926, 0.885, 0.933, 0.919, 0.946, 0.912, 0.927, 0.878, 0.909, 0.932, 0.94, 0.878, 0.913, 0.925, 0.914, 0.938]
0.919 0.022
320
[0.934, 0.919, 0.929, 0.938, 0.928, 0.925, 0.931, 0.944, 0.942, 0.945, 0.943, 0.912, 0.924, 0.915, 0.95, 0.909, 0.946, 0.956, 0.948, 0.951, 0.937, 0.917, 0.911, 0.933, 0.94, 0.939, 0.916, 0.938, 0.911, 0.936, 0.93, 0.932, 0.928, 0.939, 0.931, 0.935, 0.921, 0.935, 0.94, 0.897, 0.892, 0.923, 0.917, 0.948, 0.929, 0.941, 0.938, 0.932, 0.939, 0.946, 0.921, 0.945, 0.951, 0.923, 0.93, 0.941, 0.91, 0.951, 0.933, 0.935, 0.928, 0.902, 0.923, 0.95, 0.94, 0.918, 0.923, 0.943, 0.944, 0.932, 0.917, 0.914, 0.929, 0.918, 0.934, 0.93, 0.933, 0.938, 0.924, 0.93, 0.934, 0.938, 0.94, 0.942, 0.937, 0.898, 0.93, 0.901, 0.906, 0.944, 0.933, 0.954, 0.95, 0.947, 0.932, 0.933, 0.932, 0.932, 0.945, 0.943]
0.931 0.014

double CF (10, 20, 30, 1)
3
[0.901, 0.908, 0.876, 0.888, 0.888, 0.876, 0.875, 0.88, 0.87, 0.881, 0.867, 0.89, 0.878, 0.864, 0.881, 0.836, 0.891, 0.833, 0.894, 0.899, 0.887, 0.883, 0.893, 0.855, 0.849, 0.834, 0.846, 0.855, 0.815, 0.899, 0.821, 0.883, 0.897, 0.897, 0.835, 0.897, 0.887, 0.896, 0.877, 0.867, 0.87, 0.877, 0.863, 0.841, 0.897, 0.844, 0.885, 0.873, 0.882, 0.885, 0.884, 0.821, 0.885, 0.875, 0.898, 0.874, 0.891, 0.864, 0.87, 0.906, 0.831, 0.874, 0.898, 0.876, 0.872, 0.899, 0.876, 0.856, 0.875, 0.857, 0.907, 0.813, 0.811, 0.915, 0.861, 0.861, 0.811, 0.874, 0.887, 0.894, 0.849, 0.867, 0.894, 0.86, 0.874, 0.883, 0.891, 0.816, 0.89, 0.808, 0.885, 0.885, 0.868, 0.899, 0.887, 0.862, 0.874, 0.816, 0.855, 0.885]
0.871 0.025
5
[0.881, 0.88, 0.898, 0.903, 0.848, 0.875, 0.873, 0.859, 0.901, 0.897, 0.904, 0.911, 0.886, 0.902, 0.869, 0.897, 0.886, 0.894, 0.893, 0.908, 0.884, 0.901, 0.889, 0.885, 0.891, 0.881, 0.87, 0.868, 0.851, 0.86, 0.898, 0.904, 0.904, 0.901, 0.907, 0.888, 0.885, 0.877, 0.898, 0.885, 0.892, 0.879, 0.886, 0.904, 0.88, 0.909, 0.895, 0.872, 0.847, 0.897, 0.88, 0.895, 0.896, 0.902, 0.895, 0.885, 0.885, 0.857, 0.863, 0.871, 0.872, 0.875, 0.867, 0.883, 0.865, 0.865, 0.882, 0.884, 0.886, 0.815, 0.907, 0.883, 0.894, 0.86, 0.887, 0.888, 0.868, 0.857, 0.887, 0.846, 0.853, 0.891, 0.891, 0.881, 0.875, 0.867, 0.881, 0.888, 0.878, 0.858, 0.875, 0.833, 0.903, 0.87, 0.87, 0.858, 0.885, 0.876, 0.868, 0.89]
0.881 0.018
10
[0.92, 0.853, 0.909, 0.885, 0.905, 0.869, 0.911, 0.892, 0.905, 0.813, 0.877, 0.896, 0.889, 0.848, 0.879, 0.887, 0.904, 0.882, 0.888, 0.906, 0.894, 0.907, 0.879, 0.906, 0.927, 0.857, 0.86, 0.902, 0.892, 0.922, 0.899, 0.883, 0.909, 0.906, 0.888, 0.909, 0.883, 0.897, 0.9, 0.912, 0.913, 0.906, 0.894, 0.851, 0.908, 0.838, 0.87, 0.922, 0.918, 0.905, 0.891, 0.892, 0.855, 0.913, 0.902, 0.899, 0.829, 0.924, 0.891, 0.892, 0.849, 0.932, 0.898, 0.889, 0.881, 0.902, 0.891, 0.885, 0.875, 0.895, 0.871, 0.849, 0.889, 0.916, 0.902, 0.898, 0.905, 0.822, 0.869, 0.887, 0.835, 0.875, 0.896, 0.917, 0.88, 0.901, 0.893, 0.896, 0.906, 0.913, 0.887, 0.865, 0.909, 0.898, 0.875, 0.885, 0.894, 0.898, 0.893, 0.889]
0.89 0.023
20
[0.902, 0.894, 0.886, 0.916, 0.892, 0.838, 0.907, 0.89, 0.896, 0.911, 0.867, 0.906, 0.912, 0.899, 0.915, 0.883, 0.925, 0.893, 0.929, 0.891, 0.909, 0.899, 0.929, 0.932, 0.845, 0.908, 0.919, 0.862, 0.897, 0.916, 0.876, 0.892, 0.909, 0.896, 0.891, 0.908, 0.917, 0.865, 0.884, 0.894, 0.872, 0.9, 0.875, 0.908, 0.881, 0.909, 0.88, 0.924, 0.876, 0.89, 0.924, 0.896, 0.876, 0.901, 0.913, 0.909, 0.911, 0.891, 0.837, 0.905, 0.868, 0.903, 0.917, 0.922, 0.891, 0.862, 0.881, 0.867, 0.924, 0.92, 0.904, 0.904, 0.846, 0.902, 0.899, 0.902, 0.896, 0.923, 0.848, 0.915, 0.898, 0.915, 0.879, 0.911, 0.91, 0.92, 0.89, 0.9, 0.886, 0.906, 0.922, 0.88, 0.892, 0.915, 0.889, 0.902, 0.878, 0.913, 0.876, 0.902]
0.897 0.021
40
[0.886, 0.903, 0.919, 0.906, 0.88, 0.914, 0.93, 0.893, 0.909, 0.865, 0.872, 0.906, 0.883, 0.919, 0.908, 0.856, 0.905, 0.821, 0.911, 0.903, 0.928, 0.913, 0.893, 0.871, 0.896, 0.895, 0.894, 0.867, 0.899, 0.886, 0.885, 0.93, 0.904, 0.907, 0.924, 0.872, 0.884, 0.842, 0.912, 0.919, 0.924, 0.896, 0.877, 0.871, 0.931, 0.922, 0.87, 0.923, 0.928, 0.904, 0.905, 0.922, 0.901, 0.917, 0.922, 0.906, 0.912, 0.907, 0.909, 0.925, 0.898, 0.922, 0.93, 0.924, 0.851, 0.928, 0.919, 0.915, 0.917, 0.918, 0.928, 0.877, 0.875, 0.936, 0.918, 0.911, 0.891, 0.922, 0.931, 0.915, 0.939, 0.869, 0.923, 0.904, 0.898, 0.888, 0.902, 0.916, 0.861, 0.88, 0.941, 0.881, 0.862, 0.88, 0.919, 0.88, 0.896, 0.898, 0.893, 0.848]
0.901 0.024
80
[0.921, 0.935, 0.898, 0.927, 0.837, 0.862, 0.912, 0.925, 0.896, 0.927, 0.904, 0.839, 0.902, 0.935, 0.938, 0.914, 0.942, 0.88, 0.937, 0.927, 0.91, 0.933, 0.909, 0.925, 0.907, 0.912, 0.894, 0.927, 0.912, 0.897, 0.926, 0.893, 0.899, 0.93, 0.928, 0.889, 0.886, 0.903, 0.909, 0.929, 0.916, 0.919, 0.88, 0.867, 0.899, 0.935, 0.908, 0.92, 0.909, 0.919, 0.925, 0.899, 0.891, 0.909, 0.917, 0.912, 0.91, 0.919, 0.905, 0.882, 0.909, 0.903, 0.923, 0.935, 0.916, 0.915, 0.928, 0.905, 0.915, 0.91, 0.928, 0.946, 0.933, 0.932, 0.884, 0.93, 0.907, 0.899, 0.949, 0.909, 0.924, 0.911, 0.926, 0.917, 0.925, 0.907, 0.92, 0.912, 0.926, 0.931, 0.887, 0.942, 0.889, 0.922, 0.935, 0.904, 0.926, 0.936, 0.914, 0.9]
0.912 0.02
160
[0.933, 0.927, 0.901, 0.923, 0.92, 0.927, 0.919, 0.916, 0.941, 0.924, 0.925, 0.932, 0.939, 0.936, 0.88, 0.931, 0.904, 0.938, 0.918, 0.878, 0.937, 0.925, 0.929, 0.928, 0.938, 0.93, 0.875, 0.939, 0.922, 0.92, 0.912, 0.92, 0.928, 0.93, 0.925, 0.912, 0.874, 0.926, 0.922, 0.919, 0.896, 0.915, 0.907, 0.924, 0.914, 0.94, 0.926, 0.933, 0.937, 0.901, 0.892, 0.878, 0.938, 0.891, 0.938, 0.899, 0.916, 0.914, 0.941, 0.951, 0.918, 0.922, 0.904, 0.916, 0.938, 0.936, 0.921, 0.929, 0.885, 0.944, 0.912, 0.927, 0.936, 0.945, 0.927, 0.914, 0.938, 0.926, 0.927, 0.906, 0.907, 0.918, 0.919, 0.922, 0.907, 0.935, 0.938, 0.915, 0.94, 0.953, 0.932, 0.931, 0.927, 0.913, 0.924, 0.919, 0.935, 0.943, 0.921, 0.917]
0.922 0.017
320
[0.944, 0.934, 0.904, 0.927, 0.913, 0.876, 0.944, 0.937, 0.921, 0.943, 0.927, 0.943, 0.941, 0.935, 0.953, 0.935, 0.925, 0.932, 0.951, 0.919, 0.927, 0.922, 0.921, 0.927, 0.932, 0.921, 0.945, 0.922, 0.92, 0.927, 0.908, 0.915, 0.947, 0.95, 0.929, 0.932, 0.94, 0.925, 0.93, 0.925, 0.934, 0.92, 0.942, 0.922, 0.933, 0.936, 0.961, 0.938, 0.932, 0.928, 0.915, 0.911, 0.945, 0.902, 0.918, 0.919, 0.92, 0.937, 0.938, 0.94, 0.908, 0.932, 0.904, 0.943, 0.938, 0.937, 0.932, 0.904, 0.944, 0.932, 0.938, 0.926, 0.937, 0.924, 0.946, 0.955, 0.937, 0.953, 0.913, 0.922, 0.916, 0.911, 0.936, 0.906, 0.911, 0.948, 0.917, 0.943, 0.928, 0.927, 0.933, 0.926, 0.95, 0.949, 0.933, 0.927, 0.925, 0.949, 0.937, 0.928]
0.93 0.014

double CF (10, 20, 20, 10, 1)
3
[0.889, 0.856, 0.922, 0.881, 0.893, 0.891, 0.89, 0.892, 0.859, 0.874, 0.877, 0.888, 0.857, 0.849, 0.918, 0.895, 0.862, 0.855, 0.865, 0.849, 0.868, 0.888, 0.865, 0.832, 0.899, 0.901, 0.878, 0.904, 0.889, 0.883, 0.896, 0.817, 0.841, 0.842, 0.91, 0.845, 0.859, 0.859, 0.885, 0.886, 0.872, 0.884, 0.885, 0.905, 0.893, 0.893, 0.882, 0.883, 0.901, 0.821, 0.888, 0.847, 0.908, 0.896, 0.901, 0.894, 0.909, 0.882, 0.888, 0.829, 0.855, 0.889, 0.86, 0.862, 0.874, 0.874, 0.906, 0.851, 0.865, 0.898, 0.84, 0.855, 0.829, 0.904, 0.893, 0.863, 0.844, 0.891, 0.87, 0.89, 0.793, 0.865, 0.839, 0.891, 0.898, 0.871, 0.898, 0.9, 0.908, 0.885, 0.872, 0.895, 0.898, 0.897, 0.862, 0.907, 0.892, 0.888, 0.886, 0.829]
0.877 0.025
5
[0.88, 0.906, 0.9, 0.886, 0.907, 0.896, 0.895, 0.874, 0.867, 0.898, 0.885, 0.897, 0.906, 0.855, 0.873, 0.91, 0.83, 0.875, 0.912, 0.892, 0.909, 0.877, 0.899, 0.875, 0.907, 0.879, 0.879, 0.885, 0.857, 0.906, 0.908, 0.879, 0.88, 0.901, 0.901, 0.902, 0.876, 0.875, 0.896, 0.893, 0.891, 0.924, 0.908, 0.883, 0.883, 0.88, 0.889, 0.884, 0.883, 0.912, 0.895, 0.904, 0.88, 0.904, 0.896, 0.901, 0.913, 0.893, 0.896, 0.887, 0.862, 0.915, 0.921, 0.865, 0.889, 0.879, 0.892, 0.876, 0.896, 0.898, 0.887, 0.901, 0.922, 0.897, 0.906, 0.843, 0.906, 0.894, 0.898, 0.918, 0.876, 0.885, 0.891, 0.911, 0.911, 0.893, 0.911, 0.864, 0.875, 0.879, 0.878, 0.913, 0.913, 0.899, 0.861, 0.909, 0.886, 0.893, 0.87, 0.88]
0.891 0.017
10
[0.867, 0.892, 0.852, 0.919, 0.88, 0.901, 0.872, 0.874, 0.891, 0.865, 0.883, 0.903, 0.916, 0.906, 0.919, 0.921, 0.925, 0.88, 0.89, 0.919, 0.931, 0.9, 0.89, 0.871, 0.895, 0.841, 0.859, 0.899, 0.906, 0.912, 0.849, 0.836, 0.89, 0.911, 0.872, 0.898, 0.901, 0.879, 0.919, 0.893, 0.883, 0.899, 0.912, 0.913, 0.858, 0.881, 0.919, 0.894, 0.912, 0.894, 0.869, 0.868, 0.911, 0.901, 0.902, 0.887, 0.88, 0.87, 0.87, 0.885, 0.877, 0.899, 0.872, 0.896, 0.859, 0.841, 0.828, 0.874, 0.865, 0.883, 0.892, 0.895, 0.889, 0.867, 0.893, 0.908, 0.927, 0.91, 0.911, 0.878, 0.854, 0.892, 0.9, 0.911, 0.885, 0.892, 0.922, 0.859, 0.899, 0.866, 0.897, 0.878, 0.912, 0.909, 0.881, 0.899, 0.921, 0.913, 0.9, 0.882]
0.89 0.022
20
[0.898, 0.863, 0.86, 0.888, 0.899, 0.927, 0.914, 0.917, 0.907, 0.889, 0.891, 0.902, 0.901, 0.863, 0.888, 0.911, 0.891, 0.87, 0.909, 0.858, 0.91, 0.87, 0.88, 0.893, 0.89, 0.895, 0.907, 0.893, 0.898, 0.899, 0.933, 0.881, 0.885, 0.891, 0.933, 0.87, 0.891, 0.913, 0.908, 0.913, 0.925, 0.901, 0.915, 0.892, 0.89, 0.879, 0.894, 0.876, 0.918, 0.888, 0.892, 0.889, 0.884, 0.887, 0.898, 0.913, 0.919, 0.908, 0.923, 0.901, 0.877, 0.935, 0.913, 0.895, 0.889, 0.883, 0.903, 0.883, 0.908, 0.914, 0.881, 0.86, 0.887, 0.92, 0.911, 0.884, 0.902, 0.909, 0.885, 0.928, 0.923, 0.871, 0.89, 0.93, 0.909, 0.882, 0.909, 0.911, 0.908, 0.88, 0.897, 0.839, 0.891, 0.904, 0.923, 0.867, 0.929, 0.922, 0.884, 0.897]
0.897 0.019
40
[0.943, 0.913, 0.924, 0.896, 0.916, 0.923, 0.9, 0.855, 0.884, 0.913, 0.883, 0.873, 0.933, 0.896, 0.878, 0.888, 0.904, 0.901, 0.883, 0.887, 0.917, 0.923, 0.893, 0.939, 0.922, 0.94, 0.913, 0.915, 0.901, 0.878, 0.923, 0.898, 0.912, 0.837, 0.898, 0.914, 0.896, 0.894, 0.906, 0.898, 0.926, 0.859, 0.931, 0.924, 0.927, 0.913, 0.931, 0.922, 0.918, 0.905, 0.93, 0.897, 0.924, 0.911, 0.917, 0.906, 0.881, 0.902, 0.913, 0.906, 0.913, 0.872, 0.874, 0.909, 0.932, 0.905, 0.876, 0.913, 0.887, 0.905, 0.896, 0.859, 0.879, 0.897, 0.931, 0.893, 0.856, 0.863, 0.851, 0.887, 0.897, 0.931, 0.921, 0.907, 0.895, 0.899, 0.935, 0.917, 0.905, 0.936, 0.902, 0.92, 0.872, 0.853, 0.888, 0.938, 0.876, 0.89, 0.874, 0.902]
0.902 0.023
80
[0.906, 0.911, 0.927, 0.932, 0.907, 0.92, 0.929, 0.876, 0.897, 0.874, 0.909, 0.93, 0.943, 0.916, 0.943, 0.922, 0.918, 0.901, 0.89, 0.922, 0.949, 0.931, 0.93, 0.867, 0.899, 0.933, 0.918, 0.933, 0.909, 0.95, 0.881, 0.912, 0.923, 0.948, 0.903, 0.876, 0.939, 0.928, 0.878, 0.946, 0.888, 0.887, 0.918, 0.927, 0.923, 0.91, 0.911, 0.862, 0.919, 0.907, 0.935, 0.921, 0.919, 0.94, 0.904, 0.928, 0.913, 0.89, 0.885, 0.897, 0.901, 0.92, 0.932, 0.919, 0.929, 0.939, 0.918, 0.943, 0.939, 0.943, 0.86, 0.901, 0.901, 0.923, 0.873, 0.901, 0.852, 0.872, 0.845, 0.925, 0.877, 0.922, 0.898, 0.917, 0.861, 0.888, 0.919, 0.903, 0.92, 0.931, 0.855, 0.911, 0.881, 0.913, 0.91, 0.923, 0.922, 0.926, 0.901, 0.886]
0.91 0.024
160
[0.926, 0.933, 0.909, 0.911, 0.915, 0.912, 0.901, 0.933, 0.947, 0.931, 0.932, 0.933, 0.917, 0.941, 0.929, 0.929, 0.946, 0.952, 0.922, 0.885, 0.935, 0.922, 0.915, 0.938, 0.934, 0.931, 0.922, 0.912, 0.927, 0.925, 0.909, 0.921, 0.924, 0.851, 0.916, 0.932, 0.917, 0.897, 0.95, 0.919, 0.896, 0.917, 0.917, 0.943, 0.897, 0.922, 0.915, 0.919, 0.891, 0.935, 0.939, 0.923, 0.92, 0.871, 0.943, 0.928, 0.835, 0.917, 0.928, 0.863, 0.897, 0.916, 0.94, 0.931, 0.894, 0.906, 0.924, 0.876, 0.904, 0.931, 0.921, 0.927, 0.888, 0.918, 0.917, 0.947, 0.895, 0.895, 0.908, 0.924, 0.935, 0.907, 0.918, 0.907, 0.884, 0.885, 0.911, 0.928, 0.93, 0.921, 0.935, 0.934, 0.895, 0.937, 0.915, 0.921, 0.906, 0.92, 0.916, 0.925]
0.917 0.02
320
[0.923, 0.924, 0.943, 0.92, 0.913, 0.922, 0.931, 0.91, 0.911, 0.919, 0.92, 0.905, 0.913, 0.928, 0.935, 0.948, 0.914, 0.899, 0.913, 0.926, 0.938, 0.91, 0.928, 0.927, 0.937, 0.917, 0.942, 0.897, 0.925, 0.946, 0.94, 0.933, 0.893, 0.925, 0.932, 0.936, 0.929, 0.914, 0.941, 0.935, 0.932, 0.921, 0.958, 0.922, 0.922, 0.931, 0.901, 0.907, 0.938, 0.942, 0.946, 0.93, 0.919, 0.932, 0.92, 0.945, 0.915, 0.948, 0.948, 0.921, 0.957, 0.945, 0.927, 0.934, 0.938, 0.933, 0.927, 0.935, 0.915, 0.935, 0.875, 0.919, 0.928, 0.945, 0.938, 0.937, 0.925, 0.935, 0.939, 0.943, 0.906, 0.943, 0.927, 0.925, 0.937, 0.906, 0.926, 0.936, 0.948, 0.937, 0.92, 0.928, 0.924, 0.946, 0.943, 0.934, 0.932, 0.937, 0.928, 0.914]
0.928 0.014
