double cf (0.6, 0.4), (2, 10, 1)
3
[0.97, 0.98, 0.94, 0.93, 0.99, 0.97, 0.96, 0.98, 0.98, 0.98, 0.96, 0.97, 0.97, 0.97, 0.97, 0.96, 0.99, 0.96, 0.98, 0.96, 0.93, 0.99, 0.98, 0.93, 0.97, 0.96, 0.95, 0.96, 0.98, 0.99, 0.94, 0.98, 0.99, 0.99, 0.99, 0.9, 0.98, 0.99, 0.96, 0.94, 0.97, 0.99, 0.92, 0.98, 0.97, 0.99, 0.93, 0.95, 0.98, 0.98, 0.96, 0.98, 0.99, 0.99, 0.94, 0.99, 0.9, 0.97, 0.97, 0.96, 0.89, 0.96, 0.98, 0.99, 0.92, 0.97, 0.98, 0.95, 0.99, 0.99, 0.98, 0.98, 0.91, 0.99, 0.98, 0.98, 0.99, 0.93, 0.96, 0.99, 0.94, 0.94, 0.96, 0.99, 0.95, 0.92, 0.99, 0.94, 0.98, 0.98, 0.99, 0.92, 0.97, 0.97, 0.97, 0.99, 0.97, 0.95, 0.98, 0.98]
0.966 0.024
5
[0.98, 0.98, 0.97, 0.93, 0.98, 0.98, 0.97, 0.92, 0.99, 0.97, 0.93, 0.98, 0.97, 0.99, 0.99, 0.99, 0.98, 0.98, 0.99, 0.98, 0.98, 0.98, 0.99, 0.98, 0.98, 0.85, 0.92, 1.0, 0.97, 0.93, 0.98, 0.89, 0.97, 0.99, 0.99, 0.95, 0.93, 0.97, 0.99, 0.98, 0.95, 0.96, 0.99, 0.99, 0.97, 0.99, 0.98, 0.93, 0.96, 0.98, 0.97, 0.98, 0.96, 0.99, 0.98, 0.98, 0.99, 0.97, 0.99, 0.95, 0.96, 0.99, 0.98, 0.99, 0.98, 0.89, 0.95, 0.99, 0.93, 0.99, 0.99, 0.96, 0.97, 0.93, 0.97, 0.98, 0.99, 0.95, 0.97, 0.96, 0.97, 0.99, 0.96, 0.98, 0.98, 0.96, 0.99, 0.98, 0.95, 0.89, 0.94, 0.98, 0.97, 0.91, 0.98, 0.98, 0.97, 0.96, 0.96, 0.98]
0.967 0.026
10
[0.99, 0.99, 0.99, 0.97, 0.97, 0.98, 0.99, 0.93, 0.99, 0.99, 0.99, 0.98, 0.98, 0.98, 0.98, 0.98, 0.98, 0.98, 0.98, 0.99, 0.98, 0.98, 0.98, 0.98, 0.98, 0.98, 0.99, 0.98, 0.97, 0.98, 0.98, 0.98, 0.98, 0.97, 0.98, 0.98, 0.97, 0.97, 0.97, 0.99, 0.98, 0.99, 0.98, 0.98, 0.99, 0.94, 0.98, 0.98, 0.98, 0.99, 0.99, 0.98, 1.0, 0.98, 0.99, 0.99, 0.97, 0.98, 0.99, 0.97, 0.99, 0.98, 0.98, 0.99, 0.99, 0.97, 0.99, 0.98, 0.98, 0.98, 0.98, 0.99, 0.99, 0.98, 0.98, 0.99, 0.98, 0.99, 0.98, 0.99, 0.96, 0.97, 0.97, 0.98, 0.97, 0.99, 0.98, 0.98, 0.98, 0.98, 0.97, 0.98, 0.99, 0.98, 0.98, 0.99, 0.95, 0.98, 0.96, 0.99]
0.98 0.01
20
[0.99, 0.98, 0.97, 0.97, 0.99, 0.98, 0.98, 0.96, 0.98, 0.98, 0.99, 0.98, 0.95, 0.97, 0.98, 0.98, 0.99, 0.97, 0.99, 0.97, 0.98, 0.98, 0.99, 0.98, 0.99, 0.97, 0.98, 0.98, 0.98, 0.99, 0.98, 0.98, 0.98, 0.98, 0.99, 0.99, 0.98, 0.98, 0.98, 0.98, 0.99, 0.95, 0.99, 0.99, 0.99, 0.99, 0.98, 0.98, 0.98, 0.98, 0.98, 0.97, 0.97, 0.97, 0.99, 0.99, 0.99, 0.96, 0.98, 0.99, 0.98, 0.98, 0.98, 0.99, 0.97, 0.99, 0.98, 0.99, 0.99, 0.99, 0.98, 0.99, 0.97, 0.97, 0.98, 0.98, 0.96, 0.98, 0.98, 0.99, 0.98, 0.98, 0.99, 0.98, 0.99, 0.99, 0.99, 0.99, 0.99, 0.99, 0.98, 0.98, 0.98, 0.98, 0.99, 0.98, 0.97, 0.98, 0.97, 0.98]
0.981 0.009
40
[1.0, 1.0, 1.0, 0.99, 0.99, 0.99, 1.0, 0.99, 0.99, 1.0, 0.99, 1.0, 1.0, 0.99, 1.0, 0.99, 0.99, 0.99, 1.0, 0.99, 0.99, 0.99, 0.98, 1.0, 0.99, 0.99, 0.99, 1.0, 0.99, 1.0, 0.99, 0.99, 0.99, 0.99, 0.99, 1.0, 0.99, 0.99, 0.99, 0.99, 0.99, 1.0, 1.0, 1.0, 0.99, 1.0, 0.99, 0.99, 1.0, 0.99, 0.99, 0.99, 0.99, 1.0, 1.0, 0.99, 1.0, 0.99, 1.0, 1.0, 0.99, 0.99, 0.99, 0.99, 1.0, 1.0, 0.99, 1.0, 0.99, 0.99, 1.0, 0.99, 0.99, 0.99, 0.99, 1.0, 0.99, 0.99, 0.99, 1.0, 0.99, 1.0, 0.99, 0.99, 1.0, 1.0, 0.99, 0.99, 0.99, 0.99, 0.99, 0.99, 1.0, 1.0, 0.99, 1.0, 0.99, 0.99, 0.99, 0.99]
0.993 0.005
80
[0.99, 1.0, 1.0, 1.0, 1.0, 1.0, 1.0, 0.99, 1.0, 1.0, 1.0, 1.0, 1.0, 1.0, 1.0, 0.99, 1.0, 1.0, 1.0, 1.0, 0.99, 1.0, 0.99, 0.99, 1.0, 1.0, 1.0, 0.99, 1.0, 1.0, 0.99, 1.0, 1.0, 1.0, 1.0, 1.0, 1.0, 1.0, 1.0, 1.0, 1.0, 0.99, 1.0, 1.0, 0.99, 1.0, 1.0, 0.99, 1.0, 1.0, 1.0, 1.0, 1.0, 0.99, 1.0, 0.99, 1.0, 1.0, 0.99, 1.0, 1.0, 1.0, 1.0, 1.0, 1.0, 1.0, 1.0, 1.0, 1.0, 1.0, 0.99, 0.99, 1.0, 1.0, 1.0, 1.0, 1.0, 1.0, 1.0, 0.99, 0.99, 1.0, 1.0, 1.0, 0.99, 1.0, 1.0, 1.0, 1.0, 1.0, 1.0, 0.99, 1.0, 0.99, 1.0, 1.0, 0.99, 1.0, 1.0, 0.99]
0.998 0.004
160
[1.0, 1.0, 1.0, 1.0, 1.0, 1.0, 1.0, 0.99, 1.0, 1.0, 1.0, 1.0, 1.0, 1.0, 1.0, 1.0, 1.0, 1.0, 1.0, 1.0, 1.0, 1.0, 1.0, 0.99, 1.0, 1.0, 1.0, 1.0, 1.0, 1.0, 1.0, 1.0, 1.0, 1.0, 1.0, 1.0, 1.0, 1.0, 1.0, 1.0, 1.0, 1.0, 1.0, 1.0, 1.0, 1.0, 1.0, 0.99, 1.0, 1.0, 1.0, 1.0, 1.0, 1.0, 1.0, 1.0, 1.0, 1.0, 1.0, 1.0, 1.0, 1.0, 1.0, 1.0, 1.0, 1.0, 1.0, 1.0, 1.0, 1.0, 1.0, 1.0, 1.0, 1.0, 1.0, 1.0, 1.0, 1.0, 1.0, 1.0, 1.0, 1.0, 1.0, 1.0, 1.0, 1.0, 1.0, 1.0, 1.0, 1.0, 1.0, 1.0, 1.0, 1.0, 1.0, 1.0, 1.0, 1.0, 1.0, 1.0]
1.0 0.002
320
[1.0, 1.0, 1.0, 1.0, 1.0, 1.0, 1.0, 1.0, 1.0, 1.0, 1.0, 1.0, 1.0, 1.0, 1.0, 1.0, 1.0, 1.0, 1.0, 1.0, 1.0, 1.0, 1.0, 1.0, 1.0, 1.0, 1.0, 1.0, 1.0, 1.0, 1.0, 0.99, 1.0, 1.0, 1.0, 1.0, 1.0, 1.0, 1.0, 1.0, 1.0, 0.99, 1.0, 1.0, 1.0, 1.0, 1.0, 1.0, 1.0, 1.0, 1.0, 1.0, 1.0, 1.0, 1.0, 1.0, 1.0, 1.0, 1.0, 1.0, 1.0, 1.0, 1.0, 1.0, 1.0, 1.0, 1.0, 1.0, 1.0, 1.0, 1.0, 1.0, 1.0, 1.0, 1.0, 1.0, 1.0, 1.0, 1.0, 1.0, 1.0, 1.0, 1.0, 1.0, 1.0, 1.0, 1.0, 1.0, 1.0, 1.0, 1.0, 1.0, 1.0, 1.0, 1.0, 1.0, 1.0, 1.0, 1.0, 1.0]
1.0 0.001

double cf (2, 5, 1)
3
[0.88, 0.99, 0.99, 0.98, 0.97, 0.99, 0.94, 0.87, 0.98, 0.98, 0.99, 0.98, 0.91, 0.93, 0.94, 0.94, 0.95, 0.99, 0.99, 0.98, 0.92, 0.99, 0.97, 0.94, 0.97, 0.99, 0.99, 0.89, 0.9, 0.98, 0.94, 0.51, 0.98, 0.99, 0.97, 0.96, 0.98, 0.94, 0.99, 0.99, 0.92, 0.99, 0.99, 0.94, 0.84, 1.0, 0.98, 0.96, 0.98, 0.98, 0.99, 0.98, 0.99, 0.96, 0.77, 0.98, 0.93, 0.94, 0.97, 0.99, 0.98, 0.98, 0.97, 0.97, 0.94, 0.98, 0.91, 0.99, 0.99, 0.86, 0.99, 0.99, 0.91, 0.99, 0.99, 0.99, 0.96, 0.94, 0.98, 0.98, 0.98, 0.97, 0.95, 0.99, 0.91, 0.98, 0.96, 0.99, 0.98, 0.95, 0.97, 0.95, 0.93, 0.98, 0.96, 0.99, 1.0, 0.8, 0.94, 0.98]
0.955 0.061
remove non-convergence runs
0.959 0.041
5
[0.98, 0.98, 0.89, 0.99, 0.98, 0.99, 0.99, 0.99, 0.98, 0.97, 0.98, 0.98, 0.98, 0.98, 0.98, 0.98, 0.93, 0.98, 0.97, 0.98, 0.97, 0.98, 0.91, 0.99, 0.98, 0.98, 0.98, 0.98, 0.99, 0.98, 0.97, 0.85, 0.99, 0.97, 0.98, 0.94, 0.99, 0.99, 0.99, 0.99, 0.99, 0.99, 0.62, 0.97, 0.99, 0.91, 0.98, 0.99, 0.96, 0.99, 0.97, 0.98, 0.99, 0.99, 0.99, 0.99, 0.45, 0.98, 0.99, 0.98, 0.9, 0.99, 0.98, 0.98, 0.92, 0.99, 0.99, 0.99, 0.97, 0.99, 0.98, 0.94, 0.79, 0.99, 0.98, 0.92, 0.99, 0.98, 0.99, 0.98, 0.99, 0.98, 0.83, 0.98, 0.98, 0.98, 0.98, 0.99, 0.99, 0.98, 0.98, 0.98, 0.99, 0.97, 0.98, 0.99, 0.93, 0.96, 0.91, 0.94]
0.961 0.071
remove non-convergence runs
0.966 0.050
10
[0.96, 0.98, 0.99, 0.99, 0.99, 0.99, 0.97, 0.86, 0.98, 0.98, 0.98, 0.99, 0.99, 0.97, 1.0, 0.95, 0.98, 0.98, 0.18, 0.99, 0.99, 0.99, 0.99, 0.99, 0.98, 0.95, 0.98, 0.97, 0.98, 0.98, 0.99, 0.98, 0.99, 0.99, 0.99, 0.99, 0.98, 0.98, 0.98, 0.98, 0.99, 0.97, 0.98, 0.99, 0.99, 0.81, 0.98, 0.99, 0.98, 0.99, 0.98, 0.99, 0.98, 0.99, 0.99, 0.96, 0.98, 0.98, 0.98, 0.99, 0.98, 0.98, 0.99, 0.74, 0.98, 0.97, 0.98, 0.9, 0.98, 0.98, 0.98, 0.98, 0.98, 0.98, 0.99, 0.98, 0.99, 0.98, 0.98, 0.97, 0.98, 0.99, 0.99, 0.99, 0.98, 0.99, 0.97, 0.93, 0.98, 0.98, 0.98, 0.98, 0.98, 0.99, 0.98, 0.99, 0.99, 0.99, 0.98, 0.98]
0.968 0.086
20
[0.98, 0.99, 0.97, 0.98, 0.98, 0.98, 0.99, 0.99, 0.98, 0.92, 0.98, 0.98, 0.98, 0.99, 0.99, 0.99, 0.98, 0.99, 0.99, 0.99, 0.98, 0.99, 0.98, 0.99, 0.98, 0.98, 0.98, 0.99, 0.99, 0.98, 1.0, 0.98, 0.98, 0.98, 0.99, 0.98, 0.99, 0.99, 0.98, 0.99, 0.99, 0.98, 0.98, 0.29, 0.98, 0.99, 0.99, 0.98, 0.97, 0.99, 0.99, 0.98, 0.99, 0.96, 0.98, 0.99, 0.98, 0.49, 0.98, 0.99, 0.98, 0.97, 0.98, 0.98, 0.97, 0.99, 0.99, 0.98, 0.99, 0.99, 0.99, 0.99, 0.98, 0.99, 0.99, 0.98, 0.83, 0.49, 0.98, 0.99, 0.98, 0.98, 0.99, 1.0, 0.99, 0.98, 0.97, 0.99, 0.98, 0.98, 0.99, 0.98, 0.98, 0.99, 0.99, 0.98, 1.0, 0.97, 0.99, 0.99]
0.965 0.098
remove non-convergence runs
0.982 0.018
40
[1.0, 1.0, 1.0, 0.99, 0.99, 1.0, 1.0, 1.0, 1.0, 1.0, 0.99, 0.99, 0.99, 1.0, 0.99, 1.0, 0.99, 1.0, 1.0, 1.0, 1.0, 0.99, 0.99, 0.99, 0.99, 1.0, 0.99, 0.99, 0.99, 0.99, 0.99, 1.0, 1.0, 1.0, 0.99, 1.0, 0.99, 0.8, 1.0, 1.0, 1.0, 1.0, 0.99, 1.0, 1.0, 0.99, 0.47, 0.99, 1.0, 0.99, 1.0, 0.99, 0.99, 1.0, 0.99, 0.99, 1.0, 0.99, 1.0, 0.49, 0.99, 0.99, 1.0, 1.0, 0.99, 1.0, 1.0, 0.82, 1.0, 1.0, 0.99, 1.0, 1.0, 0.99, 1.0, 0.99, 1.0, 0.99, 1.0, 0.99, 1.0, 1.0, 1.0, 0.99, 0.99, 1.0, 1.0, 1.0, 0.99, 0.99, 1.0, 0.99, 0.56, 0.99, 0.99, 1.0, 0.99, 1.0, 1.0, 0.99]
0.977 0.087
remove non-convergence runs
0.992 0.027
80
[1.0, 0.99, 1.0, 1.0, 1.0, 1.0, 1.0, 1.0, 1.0, 1.0, 1.0, 1.0, 0.99, 1.0, 1.0, 1.0, 1.0, 1.0, 0.99, 1.0, 1.0, 1.0, 1.0, 1.0, 1.0, 1.0, 1.0, 1.0, 1.0, 1.0, 1.0, 1.0, 0.99, 1.0, 1.0, 0.99, 1.0, 1.0, 0.99, 1.0, 1.0, 1.0, 1.0, 1.0, 1.0, 1.0, 1.0, 1.0, 1.0, 1.0, 1.0, 1.0, 1.0, 1.0, 1.0, 0.99, 1.0, 1.0, 0.99, 1.0, 1.0, 0.99, 1.0, 0.99, 1.0, 1.0, 1.0, 1.0, 1.0, 1.0, 1.0, 1.0, 1.0, 1.0, 1.0, 1.0, 1.0, 1.0, 1.0, 1.0, 1.0, 1.0, 1.0, 1.0, 1.0, 1.0, 1.0, 1.0, 1.0, 1.0, 1.0, 1.0, 1.0, 1.0, 0.99, 1.0, 1.0, 1.0, 1.0, 1.0]
0.999 0.003
160
[1.0, 1.0, 1.0, 1.0, 1.0, 1.0, 1.0, 1.0, 1.0, 1.0, 1.0, 1.0, 1.0, 1.0, 1.0, 1.0, 1.0, 1.0, 1.0, 1.0, 1.0, 1.0, 1.0, 1.0, 1.0, 1.0, 1.0, 1.0, 1.0, 0.99, 1.0, 1.0, 1.0, 1.0, 1.0, 1.0, 1.0, 1.0, 1.0, 1.0, 1.0, 0.99, 1.0, 1.0, 1.0, 0.23, 1.0, 1.0, 1.0, 1.0, 1.0, 1.0, 1.0, 1.0, 1.0, 1.0, 1.0, 1.0, 1.0, 1.0, 1.0, 1.0, 1.0, 1.0, 1.0, 1.0, 1.0, 1.0, 1.0, 1.0, 1.0, 1.0, 1.0, 1.0, 1.0, 1.0, 1.0, 1.0, 1.0, 1.0, 1.0, 1.0, 1.0, 1.0, 1.0, 1.0, 1.0, 1.0, 1.0, 1.0, 1.0, 1.0, 1.0, 1.0, 1.0, 1.0, 1.0, 1.0, 0.99, 1.0]
0.992 0.077
another run
160
[1.0, 1.0, 1.0, 1.0, 1.0, 1.0, 1.0, 1.0, 1.0, 1.0, 1.0, 1.0, 1.0, 1.0, 1.0, 1.0, 1.0, 1.0, 1.0, 1.0, 1.0, 1.0, 0.99, 1.0, 1.0, 1.0, 1.0, 1.0, 1.0, 1.0, 1.0, 1.0, 1.0, 1.0, 1.0, 1.0, 1.0, 1.0, 1.0, 1.0, 1.0, 1.0, 1.0, 1.0, 1.0, 1.0, 1.0, 1.0, 1.0, 1.0, 1.0, 1.0, 1.0, 1.0, 1.0, 1.0, 1.0, 1.0, 1.0, 1.0, 1.0, 1.0, 1.0, 0.99, 1.0, 1.0, 1.0, 0.49, 1.0, 1.0, 1.0, 1.0, 1.0, 1.0, 1.0, 1.0, 1.0, 1.0, 1.0, 0.99, 1.0, 1.0, 1.0, 1.0, 1.0, 1.0, 1.0, 1.0, 1.0, 1.0, 1.0, 1.0, 1.0, 0.49, 1.0, 1.0, 1.0, 1.0, 0.77, 1.0]
0.987 0.075
after non-convergence runs
0.997 0.023

double cf (2, 15, 1)
3
[0.98, 0.99, 0.98, 1.0, 0.98, 0.98, 0.99, 0.99, 0.97, 0.98, 0.97, 1.0, 0.99, 0.99, 0.99, 0.98, 0.98, 1.0, 0.99, 0.98, 0.99, 0.98, 0.98, 0.98, 1.0, 0.99, 0.99, 0.98, 0.98, 0.96, 0.93, 1.0, 0.99, 0.98, 0.98, 0.99, 0.99, 0.99, 0.99, 0.99, 0.99, 0.99, 0.98, 0.98, 0.99, 1.0, 0.99, 0.99, 1.0, 0.99, 1.0, 0.99, 0.92, 0.95, 0.98, 0.89, 0.98, 0.99, 0.98, 1.0, 0.99, 0.98, 0.94, 0.99, 0.99, 0.99, 1.0, 0.99, 0.99, 0.99, 0.99, 1.0, 0.99, 0.99, 0.98, 0.98, 0.97, 0.98, 0.99, 0.99, 0.99, 0.99, 0.99, 1.0, 0.99, 0.98, 0.99, 0.99, 0.98, 0.9, 1.0, 0.91, 0.98, 0.99, 0.99, 0.99, 1.0, 0.99, 0.99, 0.96]
0.983 0.02
5
[1.0, 0.99, 0.99, 0.99, 0.99, 0.99, 0.99, 0.99, 0.99, 0.92, 0.99, 0.99, 0.99, 0.99, 0.99, 0.99, 0.99, 0.99, 0.99, 0.97, 0.98, 0.98, 0.99, 0.99, 0.99, 0.99, 0.99, 0.99, 0.99, 1.0, 0.98, 0.99, 0.99, 0.98, 0.99, 0.99, 0.99, 0.99, 0.99, 0.99, 0.99, 0.99, 0.99, 1.0, 0.98, 0.99, 0.99, 0.99, 1.0, 0.99, 0.99, 0.99, 0.99, 0.99, 0.98, 0.99, 0.99, 0.99, 1.0, 0.99, 0.99, 0.99, 1.0, 1.0, 0.99, 0.99, 1.0, 0.99, 0.98, 1.0, 0.98, 0.99, 0.99, 0.99, 0.94, 0.99, 0.99, 0.98, 0.98, 0.99, 0.94, 0.99, 1.0, 0.99, 1.0, 0.99, 0.99, 0.99, 0.99, 0.99, 0.99, 0.99, 0.99, 0.99, 0.99, 0.99, 1.0, 0.99, 0.99, 1.0]
0.988 0.011
10
[0.99, 0.99, 0.98, 1.0, 0.99, 1.0, 0.99, 1.0, 0.99, 1.0, 0.99, 1.0, 1.0, 0.99, 1.0, 0.99, 0.99, 0.99, 0.99, 0.99, 0.99, 1.0, 0.99, 1.0, 0.99, 1.0, 0.99, 1.0, 0.99, 0.99, 0.99, 0.99, 0.99, 0.99, 0.99, 0.99, 0.99, 0.99, 0.99, 1.0, 0.98, 0.99, 1.0, 0.99, 0.99, 0.99, 1.0, 0.99, 1.0, 0.99, 0.99, 0.99, 0.99, 0.99, 1.0, 0.99, 0.99, 1.0, 0.99, 1.0, 1.0, 0.99, 0.99, 0.99, 0.99, 0.99, 1.0, 1.0, 0.99, 0.99, 0.99, 0.99, 0.99, 1.0, 1.0, 0.99, 0.99, 1.0, 1.0, 0.99, 0.99, 0.99, 0.99, 0.99, 0.99, 1.0, 0.99, 0.99, 1.0, 1.0, 0.99, 0.99, 0.99, 0.99, 0.99, 0.99, 0.99, 0.99, 0.99, 0.99]
0.993 0.005
20
[1.0, 0.99, 1.0, 0.99, 1.0, 0.99, 0.99, 0.99, 0.99, 0.99, 0.99, 0.99, 0.99, 0.99, 0.99, 1.0, 0.99, 0.99, 0.99, 0.99, 0.99, 0.99, 0.99, 0.99, 0.99, 0.99, 0.99, 0.99, 1.0, 0.99, 0.99, 0.99, 0.99, 0.99, 0.99, 0.99, 0.99, 1.0, 0.99, 1.0, 1.0, 0.99, 1.0, 0.99, 0.99, 1.0, 0.99, 0.99, 0.99, 0.99, 0.99, 0.99, 0.99, 1.0, 0.99, 0.99, 0.99, 1.0, 0.99, 1.0, 1.0, 0.99, 1.0, 0.98, 0.99, 1.0, 1.0, 0.99, 1.0, 0.99, 0.99, 0.99, 1.0, 0.99, 0.99, 0.99, 0.99, 0.99, 0.99, 0.99, 0.99, 0.99, 0.99, 0.99, 0.99, 1.0, 1.0, 0.99, 0.99, 0.99, 0.99, 0.99, 0.99, 1.0, 1.0, 0.99, 0.99, 1.0, 0.99, 0.99]
0.992 0.004
40
[1.0, 1.0, 1.0, 1.0, 0.99, 1.0, 1.0, 1.0, 1.0, 1.0, 1.0, 1.0, 1.0, 1.0, 1.0, 1.0, 1.0, 1.0, 1.0, 1.0, 1.0, 0.99, 1.0, 1.0, 1.0, 1.0, 1.0, 1.0, 1.0, 1.0, 0.99, 1.0, 1.0, 1.0, 1.0, 1.0, 1.0, 1.0, 0.99, 1.0, 1.0, 1.0, 1.0, 1.0, 1.0, 1.0, 1.0, 0.99, 1.0, 1.0, 1.0, 1.0, 1.0, 1.0, 1.0, 1.0, 1.0, 1.0, 1.0, 1.0, 1.0, 1.0, 1.0, 1.0, 1.0, 0.99, 1.0, 1.0, 1.0, 1.0, 1.0, 1.0, 1.0, 1.0, 1.0, 1.0, 1.0, 1.0, 1.0, 1.0, 1.0, 1.0, 1.0, 1.0, 1.0, 1.0, 1.0, 1.0, 1.0, 1.0, 1.0, 1.0, 1.0, 1.0, 1.0, 1.0, 1.0, 1.0, 1.0, 1.0]
0.999 0.002
80
[1.0, 1.0, 0.99, 1.0, 1.0, 1.0, 1.0, 0.99, 1.0, 1.0, 1.0, 1.0, 1.0, 1.0, 1.0, 1.0, 1.0, 1.0, 1.0, 1.0, 1.0, 1.0, 1.0, 1.0, 1.0, 1.0, 1.0, 1.0, 1.0, 1.0, 1.0, 1.0, 1.0, 1.0, 1.0, 0.99, 1.0, 1.0, 1.0, 1.0, 1.0, 1.0, 1.0, 1.0, 1.0, 1.0, 1.0, 1.0, 1.0, 1.0, 1.0, 1.0, 1.0, 1.0, 1.0, 1.0, 1.0, 1.0, 1.0, 1.0, 1.0, 1.0, 1.0, 1.0, 1.0, 1.0, 1.0, 1.0, 1.0, 1.0, 1.0, 1.0, 1.0, 1.0, 1.0, 1.0, 1.0, 1.0, 1.0, 1.0, 1.0, 1.0, 1.0, 1.0, 1.0, 1.0, 1.0, 1.0, 1.0, 1.0, 1.0, 1.0, 1.0, 1.0, 1.0, 1.0, 1.0, 1.0, 1.0, 1.0]
1.0 0.002
160
[1.0, 1.0, 1.0, 1.0, 1.0, 1.0, 1.0, 1.0, 1.0, 1.0, 1.0, 1.0, 1.0, 1.0, 1.0, 1.0, 1.0, 1.0, 1.0, 1.0, 1.0, 1.0, 1.0, 1.0, 1.0, 1.0, 1.0, 1.0, 1.0, 1.0, 1.0, 1.0, 1.0, 1.0, 1.0, 1.0, 1.0, 1.0, 1.0, 1.0, 1.0, 1.0, 1.0, 1.0, 1.0, 1.0, 1.0, 1.0, 1.0, 1.0, 1.0, 1.0, 1.0, 1.0, 1.0, 1.0, 1.0, 1.0, 1.0, 1.0, 1.0, 1.0, 1.0, 1.0, 1.0, 1.0, 1.0, 1.0, 1.0, 1.0, 1.0, 1.0, 1.0, 1.0, 1.0, 1.0, 1.0, 1.0, 1.0, 1.0, 1.0, 1.0, 1.0, 1.0, 1.0, 1.0, 1.0, 1.0, 1.0, 1.0, 1.0, 1.0, 1.0, 1.0, 1.0, 1.0, 1.0, 1.0, 1.0, 1.0]
1.0 0.0
320
[1.0, 1.0, 1.0, 1.0, 1.0, 1.0, 1.0, 1.0, 1.0, 1.0, 1.0, 1.0, 1.0, 1.0, 1.0, 1.0, 1.0, 1.0, 1.0, 1.0, 1.0, 1.0, 1.0, 1.0, 1.0, 1.0, 1.0, 1.0, 1.0, 1.0, 1.0, 1.0, 1.0, 1.0, 1.0, 1.0, 1.0, 1.0, 1.0, 1.0, 1.0, 1.0, 1.0, 1.0, 1.0, 1.0, 1.0, 1.0, 1.0, 1.0, 1.0, 1.0, 1.0, 1.0, 1.0, 1.0, 1.0, 1.0, 1.0, 1.0, 1.0, 1.0, 1.0, 1.0, 1.0, 1.0, 1.0, 1.0, 1.0, 1.0, 1.0, 1.0, 1.0, 1.0, 1.0, 1.0, 1.0, 1.0, 1.0, 1.0, 1.0, 1.0, 1.0, 1.0, 1.0, 1.0, 1.0, 1.0, 1.0, 1.0, 1.0, 1.0, 1.0, 1.0, 1.0, 1.0, 1.0, 1.0, 1.0, 1.0]
1.0 0.0

double cf(2, 10, 10, 1)
3
[0.99, 0.99, 0.99, 0.99, 0.99, 1.0, 0.99, 0.99, 1.0, 1.0, 0.99, 1.0, 0.99, 0.99, 0.99, 0.95, 0.94, 1.0, 0.99, 1.0, 0.99, 1.0, 1.0, 1.0, 0.99, 0.99, 1.0, 0.99, 1.0, 0.97, 0.99, 0.98, 1.0, 0.99, 0.99, 0.99, 0.95, 0.9, 0.99, 1.0, 0.98, 0.99, 0.99, 0.97, 1.0, 0.95, 0.99, 0.99, 0.98, 0.99, 0.99, 0.99, 0.99, 0.99, 1.0, 1.0, 1.0, 1.0, 0.99, 1.0, 0.97, 0.99, 1.0, 0.99, 1.0, 0.99, 1.0, 0.99, 0.99, 1.0, 0.99, 0.99, 0.99, 0.95, 0.99, 0.99, 1.0, 1.0, 0.99, 1.0, 0.99, 0.98, 0.99, 0.99, 0.99, 1.0, 0.97, 0.95, 1.0, 0.99, 0.99, 1.0, 0.98, 0.99, 0.99, 1.0, 0.51, 0.98, 0.98, 1.0]
0.983 0.05
5
[1.0, 1.0, 1.0, 0.99, 0.98, 1.0, 1.0, 0.99, 0.99, 1.0, 0.99, 0.98, 0.97, 0.99, 1.0, 0.99, 1.0, 1.0, 0.99, 0.99, 1.0, 1.0, 0.99, 1.0, 0.99, 0.99, 0.99, 1.0, 0.99, 0.99, 1.0, 0.99, 0.99, 0.99, 1.0, 1.0, 0.99, 1.0, 0.99, 0.99, 0.99, 1.0, 0.99, 1.0, 0.99, 0.99, 0.99, 1.0, 0.99, 0.98, 0.99, 0.99, 0.99, 1.0, 0.99, 0.99, 0.99, 0.98, 0.99, 1.0, 0.98, 0.99, 0.99, 1.0, 0.99, 1.0, 0.99, 0.99, 1.0, 0.99, 0.99, 1.0, 0.99, 0.99, 0.99, 0.99, 0.99, 1.0, 0.99, 0.99, 1.0, 0.99, 1.0, 0.99, 1.0, 0.99, 1.0, 0.99, 0.98, 1.0, 1.0, 0.99, 0.99, 1.0, 1.0, 0.98, 0.99, 1.0, 0.99, 0.99]
0.993 0.006
10
[0.99, 0.99, 0.99, 1.0, 1.0, 0.99, 1.0, 1.0, 1.0, 1.0, 1.0, 0.99, 0.99, 0.99, 0.99, 0.99, 1.0, 1.0, 1.0, 0.99, 1.0, 1.0, 0.99, 1.0, 1.0, 0.99, 0.99, 0.99, 1.0, 0.99, 1.0, 1.0, 0.98, 0.99, 1.0, 1.0, 0.99, 0.99, 0.98, 1.0, 1.0, 1.0, 0.99, 0.99, 0.99, 1.0, 1.0, 1.0, 1.0, 1.0, 0.99, 1.0, 1.0, 0.99, 1.0, 1.0, 1.0, 1.0, 1.0, 0.99, 1.0, 1.0, 0.98, 1.0, 1.0, 1.0, 0.99, 0.99, 0.99, 1.0, 1.0, 1.0, 1.0, 0.99, 1.0, 1.0, 1.0, 1.0, 0.99, 1.0, 0.99, 1.0, 1.0, 1.0, 1.0, 1.0, 1.0, 1.0, 1.0, 0.99, 1.0, 0.99, 0.98, 1.0, 0.99, 1.0, 0.99, 0.99, 1.0, 1.0]
0.996 0.006
20
[0.98, 1.0, 0.99, 1.0, 1.0, 1.0, 0.99, 1.0, 1.0, 0.99, 1.0, 0.99, 1.0, 0.98, 1.0, 1.0, 0.99, 1.0, 1.0, 0.99, 1.0, 1.0, 0.99, 0.99, 1.0, 1.0, 1.0, 1.0, 1.0, 1.0, 1.0, 1.0, 1.0, 0.99, 1.0, 1.0, 1.0, 0.98, 0.99, 1.0, 1.0, 1.0, 1.0, 1.0, 0.99, 1.0, 0.99, 0.99, 1.0, 1.0, 1.0, 1.0, 1.0, 1.0, 1.0, 0.99, 1.0, 1.0, 1.0, 1.0, 0.99, 1.0, 0.99, 1.0, 0.98, 0.99, 0.98, 1.0, 1.0, 1.0, 0.99, 1.0, 1.0, 0.99, 1.0, 1.0, 1.0, 1.0, 1.0, 0.99, 1.0, 1.0, 1.0, 0.99, 1.0, 1.0, 0.99, 1.0, 1.0, 1.0, 1.0, 1.0, 1.0, 0.99, 1.0, 1.0, 1.0, 0.99, 1.0, 0.99]
0.996 0.006
40
[1.0, 1.0, 1.0, 0.99, 1.0, 1.0, 0.99, 1.0, 1.0, 1.0, 1.0, 0.99, 1.0, 1.0, 1.0, 0.99, 0.99, 1.0, 1.0, 1.0, 1.0, 1.0, 1.0, 1.0, 1.0, 0.99, 1.0, 1.0, 0.99, 0.99, 1.0, 1.0, 1.0, 0.99, 1.0, 1.0, 1.0, 1.0, 0.99, 1.0, 1.0, 1.0, 1.0, 1.0, 1.0, 1.0, 1.0, 1.0, 1.0, 1.0, 1.0, 0.99, 0.99, 1.0, 1.0, 0.99, 1.0, 1.0, 1.0, 1.0, 1.0, 1.0, 1.0, 1.0, 1.0, 0.99, 1.0, 1.0, 1.0, 1.0, 1.0, 1.0, 1.0, 0.99, 1.0, 1.0, 1.0, 1.0, 1.0, 1.0, 0.99, 1.0, 1.0, 1.0, 1.0, 0.99, 1.0, 1.0, 1.0, 1.0, 1.0, 1.0, 1.0, 1.0, 1.0, 0.98, 1.0, 0.99, 1.0, 1.0]
0.998 0.004
80
[1.0, 1.0, 0.98, 1.0, 1.0, 1.0, 1.0, 1.0, 1.0, 1.0, 1.0, 1.0, 1.0, 1.0, 1.0, 1.0, 0.99, 0.99, 1.0, 1.0, 1.0, 0.99, 1.0, 1.0, 1.0, 1.0, 1.0, 0.99, 0.99, 1.0, 1.0, 1.0, 1.0, 1.0, 1.0, 1.0, 1.0, 1.0, 1.0, 1.0, 1.0, 1.0, 1.0, 1.0, 1.0, 1.0, 1.0, 1.0, 1.0, 0.99, 1.0, 1.0, 1.0, 1.0, 1.0, 1.0, 1.0, 1.0, 1.0, 1.0, 1.0, 1.0, 1.0, 1.0, 1.0, 0.99, 1.0, 1.0, 1.0, 0.99, 1.0, 1.0, 1.0, 1.0, 0.99, 1.0, 0.99, 1.0, 1.0, 1.0, 1.0, 1.0, 1.0, 1.0, 1.0, 1.0, 0.99, 1.0, 0.99, 1.0, 1.0, 1.0, 1.0, 1.0, 1.0, 1.0, 1.0, 1.0, 1.0, 1.0]
0.999 0.004
160
[1.0, 1.0, 1.0, 0.99, 1.0, 1.0, 1.0, 1.0, 1.0, 1.0, 1.0, 1.0, 1.0, 1.0, 1.0, 1.0, 1.0, 1.0, 1.0, 1.0, 1.0, 1.0, 1.0, 1.0, 1.0, 1.0, 1.0, 1.0, 0.99, 0.99, 1.0, 0.99, 1.0, 1.0, 1.0, 1.0, 1.0, 1.0, 1.0, 1.0, 1.0, 1.0, 1.0, 1.0, 1.0, 1.0, 1.0, 1.0, 0.99, 1.0, 1.0, 1.0, 1.0, 1.0, 1.0, 1.0, 1.0, 1.0, 1.0, 1.0, 1.0, 1.0, 1.0, 1.0, 1.0, 0.99, 1.0, 1.0, 1.0, 0.99, 1.0, 1.0, 1.0, 1.0, 1.0, 0.99, 0.99, 0.99, 1.0, 1.0, 1.0, 1.0, 1.0, 1.0, 0.49, 1.0, 1.0, 1.0, 1.0, 1.0, 1.0, 1.0, 1.0, 1.0, 1.0, 1.0, 1.0, 1.0, 1.0, 1.0]
0.994 0.051
remove non-convergence runs
1.0 0.003
