prediction interface
3
[0.696, 0.605, 0.445, 0.608, 0.766, 0.79, 0.603, 0.608, 0.613, 0.804, 0.451, 0.572, 0.572, 0.428, 0.746, 0.572, 0.718, 0.615, 0.583, 0.603, 0.428, 0.572, 0.428, 0.758, 0.627, 0.428, 0.572, 0.63, 0.428, 0.643, 0.661, 0.713, 0.782, 0.572, 0.572, 0.815, 0.821, 0.722, 0.556, 0.766, 0.77, 0.455, 0.572, 0.572, 0.428, 0.477, 0.572, 0.569, 0.784, 0.572, 0.652, 0.572, 0.745, 0.572, 0.611, 0.809, 0.572, 0.558, 0.572, 0.572, 0.649, 0.809, 0.572, 0.721, 0.577, 0.705, 0.428, 0.585, 0.628, 0.832, 0.572, 0.662, 0.572, 0.725, 0.74, 0.609, 0.6, 0.61, 0.668, 0.578, 0.668, 0.621, 0.797, 0.572, 0.428, 0.572, 0.764, 0.742, 0.772, 0.505, 0.733, 0.748, 0.572, 0.79, 0.484, 0.615, 0.572, 0.572, 0.572, 0.538]
0.624 0.109
5
[0.809, 0.657, 0.801, 0.74, 0.668, 0.839, 0.809, 0.746, 0.816, 0.81, 0.623, 0.666, 0.433, 0.798, 0.776, 0.616, 0.535, 0.572, 0.817, 0.667, 0.693, 0.641, 0.737, 0.728, 0.733, 0.74, 0.759, 0.785, 0.774, 0.722, 0.8, 0.742, 0.624, 0.806, 0.841, 0.645, 0.836, 0.782, 0.706, 0.812, 0.741, 0.698, 0.428, 0.718, 0.838, 0.626, 0.755, 0.72, 0.572, 0.777, 0.572, 0.767, 0.541, 0.72, 0.602, 0.665, 0.831, 0.743, 0.809, 0.707, 0.743, 0.852, 0.748, 0.535, 0.865, 0.801, 0.854, 0.736, 0.679, 0.7, 0.538, 0.558, 0.762, 0.483, 0.786, 0.769, 0.59, 0.694, 0.647, 0.579, 0.761, 0.571, 0.748, 0.823, 0.572, 0.572, 0.636, 0.722, 0.675, 0.711, 0.648, 0.808, 0.761, 0.702, 0.8, 0.726, 0.699, 0.427, 0.839, 0.787]
0.708 0.101
10
[0.843, 0.768, 0.817, 0.834, 0.777, 0.796, 0.823, 0.869, 0.836, 0.763, 0.874, 0.748, 0.798, 0.742, 0.829, 0.837, 0.836, 0.792, 0.857, 0.776, 0.865, 0.848, 0.811, 0.848, 0.836, 0.795, 0.77, 0.841, 0.802, 0.849, 0.837, 0.802, 0.795, 0.809, 0.82, 0.81, 0.857, 0.746, 0.741, 0.71, 0.763, 0.773, 0.844, 0.76, 0.743, 0.769, 0.842, 0.788, 0.751, 0.829, 0.72, 0.638, 0.837, 0.872, 0.843, 0.857, 0.816, 0.639, 0.83, 0.806, 0.795, 0.769, 0.726, 0.79, 0.852, 0.779, 0.791, 0.821, 0.63, 0.862, 0.842, 0.708, 0.698, 0.812, 0.753, 0.719, 0.772, 0.823, 0.844, 0.782, 0.852, 0.737, 0.798, 0.807, 0.804, 0.702, 0.802, 0.859, 0.794, 0.816, 0.828, 0.793, 0.783, 0.736, 0.872, 0.84, 0.849, 0.888, 0.796, 0.849]
0.799 0.052
20
[0.759, 0.811, 0.854, 0.824, 0.862, 0.844, 0.865, 0.862, 0.806, 0.836, 0.753, 0.867, 0.799, 0.878, 0.835, 0.86, 0.876, 0.864, 0.889, 0.727, 0.833, 0.852, 0.84, 0.827, 0.811, 0.85, 0.833, 0.839, 0.862, 0.845, 0.848, 0.85, 0.869, 0.865, 0.837, 0.837, 0.873, 0.759, 0.865, 0.787, 0.8, 0.837, 0.844, 0.758, 0.87, 0.865, 0.88, 0.855, 0.8, 0.826, 0.892, 0.835, 0.824, 0.853, 0.853, 0.831, 0.822, 0.832, 0.855, 0.833, 0.848, 0.833, 0.765, 0.84, 0.78, 0.865, 0.791, 0.862, 0.838, 0.847, 0.698, 0.824, 0.898, 0.828, 0.813, 0.842, 0.88, 0.813, 0.87, 0.876, 0.881, 0.816, 0.792, 0.847, 0.872, 0.843, 0.874, 0.893, 0.837, 0.869, 0.848, 0.844, 0.871, 0.815, 0.901, 0.81, 0.811, 0.843, 0.826, 0.884]
0.838 0.036
40
[0.858, 0.872, 0.909, 0.904, 0.876, 0.858, 0.874, 0.872, 0.863, 0.836, 0.88, 0.87, 0.838, 0.868, 0.899, 0.885, 0.845, 0.883, 0.846, 0.829, 0.861, 0.894, 0.853, 0.873, 0.872, 0.875, 0.856, 0.879, 0.862, 0.829, 0.867, 0.83, 0.885, 0.867, 0.897, 0.901, 0.876, 0.882, 0.879, 0.893, 0.898, 0.856, 0.881, 0.9, 0.881, 0.852, 0.803, 0.828, 0.864, 0.856, 0.864, 0.856, 0.897, 0.873, 0.908, 0.904, 0.889, 0.888, 0.883, 0.824, 0.872, 0.893, 0.903, 0.816, 0.868, 0.87, 0.846, 0.879, 0.873, 0.863, 0.897, 0.843, 0.855, 0.893, 0.858, 0.867, 0.856, 0.889, 0.867, 0.889, 0.855, 0.897, 0.827, 0.88, 0.887, 0.881, 0.898, 0.886, 0.891, 0.846, 0.878, 0.892, 0.858, 0.84, 0.873, 0.897, 0.861, 0.887, 0.856, 0.868]
0.871 0.022
80
[0.901, 0.887, 0.865, 0.895, 0.906, 0.893, 0.901, 0.899, 0.881, 0.887, 0.885, 0.918, 0.897, 0.887, 0.909, 0.908, 0.904, 0.908, 0.925, 0.881, 0.893, 0.885, 0.912, 0.879, 0.899, 0.915, 0.865, 0.911, 0.867, 0.886, 0.907, 0.911, 0.904, 0.892, 0.885, 0.908, 0.912, 0.904, 0.918, 0.883, 0.883, 0.884, 0.888, 0.878, 0.887, 0.898, 0.912, 0.896, 0.911, 0.897, 0.893, 0.908, 0.892, 0.906, 0.897, 0.912, 0.891, 0.897, 0.868, 0.854, 0.886, 0.867, 0.9, 0.886, 0.899, 0.902, 0.895, 0.893, 0.902, 0.907, 0.88, 0.908, 0.907, 0.88, 0.879, 0.876, 0.909, 0.887, 0.876, 0.898, 0.88, 0.904, 0.901, 0.873, 0.921, 0.891, 0.912, 0.879, 0.911, 0.911, 0.896, 0.903, 0.889, 0.906, 0.912, 0.893, 0.907, 0.92, 0.891, 0.885]
0.895 0.014
160
[0.906, 0.908, 0.908, 0.888, 0.917, 0.912, 0.922, 0.901, 0.912, 0.915, 0.902, 0.916, 0.898, 0.911, 0.92, 0.913, 0.907, 0.92, 0.889, 0.893, 0.914, 0.911, 0.91, 0.904, 0.906, 0.915, 0.905, 0.905, 0.894, 0.919, 0.911, 0.902, 0.911, 0.898, 0.899, 0.909, 0.917, 0.899, 0.919, 0.908, 0.899, 0.896, 0.919, 0.911, 0.912, 0.906, 0.914, 0.919, 0.914, 0.924, 0.916, 0.915, 0.915, 0.908, 0.898, 0.906, 0.905, 0.914, 0.911, 0.906, 0.886, 0.924, 0.922, 0.883, 0.909, 0.901, 0.916, 0.907, 0.914, 0.925, 0.902, 0.923, 0.92, 0.909, 0.915, 0.906, 0.901, 0.918, 0.919, 0.909, 0.926, 0.922, 0.91, 0.92, 0.919, 0.918, 0.918, 0.897, 0.913, 0.907, 0.897, 0.912, 0.904, 0.921, 0.902, 0.917, 0.895, 0.908, 0.911, 0.904]
0.91 0.009
320
[0.928, 0.924, 0.923, 0.924, 0.923, 0.926, 0.92, 0.934, 0.919, 0.925, 0.927, 0.919, 0.928, 0.908, 0.928, 0.924, 0.92, 0.928, 0.923, 0.921, 0.924, 0.929, 0.922, 0.915, 0.925, 0.91, 0.921, 0.909, 0.919, 0.926, 0.931, 0.919, 0.915, 0.91, 0.902, 0.93, 0.906, 0.922, 0.927, 0.919, 0.919, 0.927, 0.924, 0.927, 0.927, 0.928, 0.912, 0.924, 0.929, 0.917, 0.924, 0.917, 0.917, 0.924, 0.916, 0.924, 0.918, 0.916, 0.919, 0.914, 0.927, 0.93, 0.916, 0.922, 0.939, 0.925, 0.914, 0.92, 0.926, 0.924, 0.914, 0.921, 0.915, 0.925, 0.93, 0.924, 0.924, 0.914, 0.922, 0.927, 0.932, 0.915, 0.926, 0.925, 0.919, 0.913, 0.927, 0.917, 0.927, 0.922, 0.922, 0.918, 0.927, 0.932, 0.912, 0.917, 0.929, 0.923, 0.922, 0.919]
0.922 0.006
640
[0.938, 0.928, 0.928, 0.928, 0.935, 0.938, 0.934, 0.928, 0.934, 0.928, 0.938, 0.928, 0.93, 0.934, 0.928, 0.93, 0.937, 0.93, 0.933, 0.937, 0.93, 0.934, 0.936, 0.931, 0.941, 0.938, 0.931, 0.94, 0.937, 0.932, 0.934, 0.924, 0.937, 0.94, 0.938, 0.932, 0.938, 0.937, 0.933, 0.933, 0.94, 0.937, 0.935, 0.937, 0.93, 0.935, 0.941, 0.935, 0.933, 0.935, 0.922, 0.926, 0.922, 0.941, 0.93, 0.931, 0.937, 0.937, 0.927, 0.927, 0.927, 0.934, 0.934, 0.933, 0.933, 0.929, 0.933, 0.932, 0.935, 0.936, 0.94, 0.935, 0.938, 0.932, 0.929, 0.931, 0.934, 0.927, 0.94, 0.93, 0.933, 0.934, 0.935, 0.937, 0.941, 0.932, 0.936, 0.933, 0.933, 0.937, 0.93, 0.927, 0.935, 0.934, 0.933, 0.937, 0.933, 0.939, 0.93, 0.938]
0.933 0.004


prediction(coreset)
3
[0.58, 0.57, 0.57, 0.57, 0.57, 0.57, 0.57, 0.57, 0.45, 0.6, 0.53, 0.57, 0.57, 0.57, 0.57, 0.57, 0.57, 0.57, 0.57, 0.46, 0.57, 0.65, 0.74, 0.57, 0.6, 0.64, 0.57, 0.57, 0.57, 0.57, 0.57, 0.55, 0.56, 0.57, 0.57, 0.57, 0.6, 0.57, 0.57, 0.45, 0.65, 0.57, 0.57, 0.57, 0.57, 0.78, 0.57, 0.57, 0.57, 0.55, 0.61, 0.57, 0.57, 0.57, 0.57, 0.68, 0.73, 0.57, 0.57, 0.57, 0.57, 0.57, 0.63, 0.57, 0.54, 0.57, 0.55, 0.57, 0.57, 0.57, 0.57, 0.53, 0.57, 0.57, 0.48, 0.57, 0.57, 0.69, 0.62, 0.57, 0.51, 0.56, 0.57, 0.49, 0.65, 0.57, 0.57, 0.57, 0.57, 0.52, 0.57, 0.57, 0.59, 0.56, 0.57, 0.55, 0.66, 0.57, 0.57, 0.57]
0.576 0.048
5
[0.78, 0.79, 0.8, 0.8, 0.73, 0.57, 0.57, 0.67, 0.57, 0.57, 0.57, 0.75, 0.78, 0.62, 0.49, 0.65, 0.57, 0.75, 0.82, 0.74, 0.57, 0.57, 0.53, 0.64, 0.57, 0.76, 0.81, 0.79, 0.57, 0.57, 0.77, 0.57, 0.54, 0.79, 0.57, 0.57, 0.57, 0.57, 0.68, 0.57, 0.6, 0.83, 0.57, 0.73, 0.81, 0.57, 0.49, 0.57, 0.7, 0.73, 0.37, 0.57, 0.57, 0.59, 0.57, 0.74, 0.57, 0.57, 0.57, 0.57, 0.57, 0.57, 0.57, 0.84, 0.57, 0.57, 0.87, 0.57, 0.48, 0.74, 0.57, 0.57, 0.58, 0.57, 0.63, 0.58, 0.57, 0.57, 0.69, 0.57, 0.57, 0.79, 0.57, 0.57, 0.57, 0.83, 0.57, 0.57, 0.57, 0.83, 0.57, 0.57, 0.57, 0.74, 0.57, 0.57, 0.58, 0.66, 0.57, 0.8]
0.634 0.103
10
[0.79, 0.77, 0.69, 0.57, 0.83, 0.66, 0.66, 0.81, 0.74, 0.77, 0.84, 0.85, 0.63, 0.67, 0.83, 0.57, 0.76, 0.78, 0.66, 0.69, 0.79, 0.84, 0.84, 0.58, 0.57, 0.86, 0.58, 0.75, 0.57, 0.86, 0.59, 0.71, 0.8, 0.74, 0.83, 0.77, 0.63, 0.73, 0.66, 0.82, 0.83, 0.71, 0.64, 0.83, 0.73, 0.74, 0.74, 0.85, 0.82, 0.79, 0.8, 0.8, 0.84, 0.84, 0.83, 0.77, 0.84, 0.75, 0.72, 0.82, 0.78, 0.72, 0.81, 0.66, 0.83, 0.71, 0.81, 0.68, 0.71, 0.78, 0.69, 0.7, 0.83, 0.82, 0.72, 0.82, 0.84, 0.74, 0.8, 0.79, 0.82, 0.81, 0.59, 0.72, 0.82, 0.7, 0.71, 0.82, 0.83, 0.85, 0.64, 0.83, 0.77, 0.86, 0.75, 0.84, 0.79, 0.81, 0.68, 0.61]
0.753 0.082
20
[0.85, 0.86, 0.84, 0.87, 0.81, 0.81, 0.85, 0.7, 0.87, 0.85, 0.84, 0.88, 0.89, 0.79, 0.81, 0.81, 0.84, 0.85, 0.87, 0.87, 0.87, 0.89, 0.82, 0.86, 0.84, 0.9, 0.77, 0.81, 0.88, 0.86, 0.82, 0.86, 0.83, 0.85, 0.86, 0.85, 0.8, 0.82, 0.89, 0.83, 0.83, 0.87, 0.84, 0.84, 0.77, 0.86, 0.84, 0.83, 0.84, 0.81, 0.85, 0.84, 0.88, 0.89, 0.89, 0.86, 0.85, 0.83, 0.85, 0.81, 0.77, 0.89, 0.81, 0.83, 0.86, 0.89, 0.85, 0.85, 0.83, 0.82, 0.84, 0.84, 0.86, 0.85, 0.71, 0.9, 0.79, 0.86, 0.88, 0.82, 0.85, 0.86, 0.84, 0.87, 0.81, 0.82, 0.87, 0.87, 0.84, 0.78, 0.85, 0.85, 0.85, 0.84, 0.82, 0.87, 0.86, 0.89, 0.86, 0.78]
0.842 0.035
40
[0.87, 0.86, 0.86, 0.86, 0.86, 0.87, 0.87, 0.87, 0.89, 0.88, 0.88, 0.87, 0.88, 0.86, 0.88, 0.87, 0.86, 0.88, 0.88, 0.87, 0.87, 0.89, 0.85, 0.87, 0.9, 0.87, 0.86, 0.86, 0.87, 0.87, 0.87, 0.88, 0.83, 0.89, 0.86, 0.89, 0.86, 0.84, 0.87, 0.88, 0.85, 0.87, 0.87, 0.91, 0.85, 0.82, 0.89, 0.88, 0.87, 0.87, 0.85, 0.88, 0.9, 0.87, 0.87, 0.87, 0.88, 0.88, 0.82, 0.88, 0.86, 0.87, 0.87, 0.84, 0.89, 0.9, 0.82, 0.87, 0.89, 0.87, 0.87, 0.88, 0.87, 0.83, 0.89, 0.87, 0.88, 0.87, 0.87, 0.86, 0.88, 0.85, 0.84, 0.86, 0.84, 0.85, 0.89, 0.87, 0.88, 0.89, 0.88, 0.82, 0.87, 0.86, 0.84, 0.88, 0.85, 0.87, 0.88, 0.89]
0.868 0.018
80
[0.9, 0.88, 0.89, 0.87, 0.91, 0.9, 0.91, 0.91, 0.85, 0.9, 0.86, 0.89, 0.88, 0.9, 0.9, 0.85, 0.85, 0.89, 0.87, 0.91, 0.86, 0.89, 0.88, 0.87, 0.86, 0.86, 0.9, 0.85, 0.89, 0.88, 0.89, 0.87, 0.89, 0.89, 0.9, 0.89, 0.9, 0.88, 0.89, 0.88, 0.89, 0.9, 0.86, 0.88, 0.86, 0.86, 0.89, 0.88, 0.89, 0.87, 0.85, 0.86, 0.84, 0.89, 0.87, 0.9, 0.9, 0.89, 0.89, 0.91, 0.91, 0.9, 0.89, 0.89, 0.88, 0.89, 0.89, 0.88, 0.87, 0.87, 0.91, 0.9, 0.89, 0.88, 0.9, 0.89, 0.89, 0.87, 0.9, 0.9, 0.89, 0.87, 0.89, 0.89, 0.88, 0.87, 0.88, 0.87, 0.87, 0.88, 0.89, 0.89, 0.87, 0.88, 0.88, 0.88, 0.87, 0.88, 0.89, 0.9]
0.883 0.016
160
[0.89, 0.91, 0.91, 0.9, 0.91, 0.91, 0.9, 0.91, 0.91, 0.92, 0.93, 0.88, 0.92, 0.9, 0.87, 0.89, 0.9, 0.92, 0.9, 0.9, 0.9, 0.91, 0.9, 0.91, 0.91, 0.88, 0.91, 0.91, 0.9, 0.91, 0.91, 0.91, 0.92, 0.91, 0.9, 0.89, 0.91, 0.91, 0.88, 0.91, 0.88, 0.89, 0.91, 0.91, 0.89, 0.92, 0.91, 0.91, 0.91, 0.92, 0.91, 0.9, 0.92, 0.91, 0.88, 0.9, 0.91, 0.9, 0.87, 0.91, 0.91, 0.91, 0.91, 0.89, 0.9, 0.9, 0.91, 0.9, 0.91, 0.91, 0.92, 0.9, 0.91, 0.92, 0.92, 0.91, 0.88, 0.91, 0.89, 0.91, 0.9, 0.9, 0.91, 0.88, 0.91, 0.91, 0.91, 0.91, 0.91, 0.91, 0.92, 0.89, 0.91, 0.9, 0.91, 0.92, 0.88, 0.91, 0.9, 0.91]
0.905 0.012
320
[0.92, 0.91, 0.92, 0.92, 0.9, 0.91, 0.92, 0.92, 0.93, 0.91, 0.91, 0.93, 0.92, 0.92, 0.92, 0.92, 0.91, 0.93, 0.93, 0.92, 0.92, 0.93, 0.93, 0.93, 0.93, 0.91, 0.91, 0.92, 0.93, 0.91, 0.93, 0.92, 0.92, 0.93, 0.91, 0.92, 0.92, 0.93, 0.92, 0.92, 0.92, 0.91, 0.91, 0.92, 0.91, 0.91, 0.91, 0.92, 0.92, 0.92, 0.92, 0.92, 0.92, 0.92, 0.91, 0.93, 0.93, 0.91, 0.93, 0.91, 0.93, 0.93, 0.92, 0.92, 0.92, 0.93, 0.92, 0.92, 0.91, 0.92, 0.92, 0.93, 0.92, 0.92, 0.93, 0.93, 0.92, 0.93, 0.89, 0.92, 0.92, 0.91, 0.93, 0.92, 0.91, 0.92, 0.91, 0.93, 0.93, 0.92, 0.92, 0.92, 0.91, 0.93, 0.91, 0.91, 0.91, 0.91, 0.92, 0.92]
0.92 0.008
640
[0.94, 0.93, 0.94, 0.93, 0.93, 0.94, 0.94, 0.94, 0.92, 0.93, 0.93, 0.93, 0.93, 0.93, 0.94, 0.93, 0.93, 0.92, 0.93, 0.93, 0.93, 0.93, 0.94, 0.94, 0.92, 0.93, 0.94, 0.93, 0.93, 0.93, 0.93, 0.93, 0.93, 0.92, 0.92, 0.93, 0.93, 0.94, 0.94, 0.94, 0.94, 0.93, 0.93, 0.93, 0.94, 0.93, 0.93, 0.94, 0.93, 0.94, 0.93, 0.94, 0.93, 0.94, 0.94, 0.94, 0.93, 0.93, 0.94, 0.93, 0.94, 0.94, 0.93, 0.93, 0.94, 0.93, 0.93, 0.93, 0.94, 0.93, 0.93, 0.93, 0.94, 0.94, 0.93, 0.93, 0.93, 0.92, 0.93, 0.94, 0.94, 0.93, 0.93, 0.94, 0.94, 0.93, 0.94, 0.94, 0.93, 0.94, 0.93, 0.93, 0.94, 0.93, 0.94, 0.94, 0.93, 0.93, 0.93, 0.93]
0.933 0.006

model extraction
3
[0.829, 0.697, 0.839, 0.692, 0.698, 0.794, 0.827, 0.759, 0.828, 0.703, 0.789, 0.743, 0.692, 0.865, 0.808, 0.655, 0.781, 0.809, 0.846, 0.785, 0.757, 0.796, 0.847, 0.713, 0.775, 0.766, 0.774, 0.72, 0.702, 0.828, 0.748, 0.602, 0.685, 0.821, 0.761, 0.808, 0.794, 0.759, 0.788, 0.647, 0.6, 0.84, 0.841, 0.804, 0.831, 0.812, 0.8, 0.875, 0.724, 0.805, 0.779, 0.849, 0.72, 0.702, 0.763, 0.738, 0.792, 0.693, 0.839, 0.74, 0.828, 0.758, 0.841, 0.814, 0.795, 0.795, 0.699, 0.81, 0.704, 0.762, 0.653, 0.89, 0.812, 0.708, 0.761, 0.846, 0.754, 0.823, 0.885, 0.836, 0.775, 0.86, 0.64, 0.79, 0.823, 0.809, 0.762, 0.832, 0.864, 0.808, 0.725, 0.797, 0.828, 0.733, 0.592, 0.828, 0.714, 0.691, 0.781, 0.703]
0.772 0.065
5
[0.849, 0.831, 0.795, 0.793, 0.743, 0.831, 0.733, 0.836, 0.741, 0.779, 0.84, 0.842, 0.692, 0.843, 0.812, 0.812, 0.76, 0.83, 0.774, 0.763, 0.795, 0.753, 0.795, 0.848, 0.805, 0.875, 0.816, 0.734, 0.803, 0.75, 0.756, 0.761, 0.802, 0.818, 0.771, 0.798, 0.802, 0.85, 0.754, 0.758, 0.798, 0.741, 0.748, 0.734, 0.842, 0.748, 0.784, 0.785, 0.681, 0.692, 0.862, 0.781, 0.855, 0.857, 0.868, 0.85, 0.768, 0.825, 0.781, 0.76, 0.658, 0.787, 0.846, 0.868, 0.884, 0.868, 0.604, 0.814, 0.901, 0.798, 0.729, 0.814, 0.743, 0.704, 0.899, 0.864, 0.878, 0.661, 0.83, 0.76, 0.891, 0.745, 0.794, 0.845, 0.799, 0.717, 0.844, 0.709, 0.837, 0.775, 0.801, 0.773, 0.853, 0.908, 0.759, 0.745, 0.843, 0.638, 0.719, 0.702]
0.791 0.06
10
[0.847, 0.84, 0.843, 0.741, 0.789, 0.774, 0.765, 0.889, 0.828, 0.779, 0.862, 0.79, 0.844, 0.849, 0.764, 0.814, 0.775, 0.785, 0.775, 0.73, 0.743, 0.785, 0.584, 0.872, 0.777, 0.833, 0.803, 0.817, 0.861, 0.841, 0.863, 0.804, 0.873, 0.845, 0.788, 0.746, 0.802, 0.813, 0.763, 0.793, 0.767, 0.799, 0.827, 0.813, 0.75, 0.822, 0.82, 0.855, 0.727, 0.867, 0.756, 0.867, 0.825, 0.707, 0.82, 0.624, 0.785, 0.705, 0.792, 0.786, 0.867, 0.799, 0.844, 0.781, 0.845, 0.71, 0.878, 0.796, 0.807, 0.843, 0.847, 0.787, 0.782, 0.775, 0.867, 0.837, 0.894, 0.758, 0.855, 0.696, 0.827, 0.767, 0.728, 0.803, 0.859, 0.834, 0.673, 0.886, 0.874, 0.793, 0.825, 0.845, 0.864, 0.88, 0.801, 0.84, 0.879, 0.856, 0.846, 0.833]
0.806 0.056
20
[0.825, 0.867, 0.861, 0.723, 0.868, 0.899, 0.87, 0.836, 0.705, 0.884, 0.846, 0.807, 0.82, 0.855, 0.848, 0.803, 0.845, 0.772, 0.887, 0.899, 0.828, 0.852, 0.815, 0.8, 0.721, 0.842, 0.841, 0.816, 0.89, 0.851, 0.861, 0.877, 0.835, 0.841, 0.846, 0.836, 0.852, 0.764, 0.835, 0.846, 0.865, 0.741, 0.819, 0.804, 0.854, 0.818, 0.816, 0.831, 0.769, 0.878, 0.841, 0.854, 0.752, 0.824, 0.865, 0.798, 0.851, 0.863, 0.841, 0.876, 0.81, 0.839, 0.832, 0.835, 0.776, 0.852, 0.782, 0.842, 0.879, 0.826, 0.82, 0.763, 0.866, 0.873, 0.841, 0.83, 0.723, 0.856, 0.88, 0.846, 0.854, 0.813, 0.798, 0.829, 0.862, 0.831, 0.877, 0.782, 0.827, 0.81, 0.796, 0.784, 0.839, 0.805, 0.876, 0.797, 0.808, 0.839, 0.862, 0.812]
0.83 0.04
40
[0.886, 0.843, 0.862, 0.891, 0.889, 0.888, 0.864, 0.806, 0.858, 0.875, 0.865, 0.849, 0.878, 0.886, 0.84, 0.878, 0.824, 0.872, 0.877, 0.854, 0.883, 0.889, 0.863, 0.848, 0.845, 0.844, 0.861, 0.883, 0.758, 0.865, 0.864, 0.893, 0.896, 0.859, 0.801, 0.864, 0.869, 0.834, 0.863, 0.88, 0.828, 0.868, 0.865, 0.899, 0.861, 0.867, 0.816, 0.883, 0.867, 0.849, 0.862, 0.892, 0.855, 0.869, 0.892, 0.873, 0.87, 0.835, 0.861, 0.87, 0.876, 0.866, 0.873, 0.815, 0.885, 0.857, 0.899, 0.878, 0.856, 0.855, 0.893, 0.844, 0.872, 0.856, 0.891, 0.79, 0.855, 0.83, 0.851, 0.892, 0.83, 0.889, 0.874, 0.886, 0.866, 0.892, 0.834, 0.835, 0.86, 0.853, 0.863, 0.893, 0.846, 0.857, 0.85, 0.854, 0.826, 0.845, 0.876, 0.828]
0.861 0.025
80
[0.885, 0.878, 0.854, 0.885, 0.875, 0.841, 0.863, 0.856, 0.87, 0.862, 0.883, 0.868, 0.849, 0.829, 0.894, 0.863, 0.885, 0.873, 0.865, 0.855, 0.842, 0.865, 0.86, 0.867, 0.899, 0.851, 0.855, 0.876, 0.862, 0.867, 0.843, 0.878, 0.883, 0.883, 0.867, 0.872, 0.865, 0.868, 0.876, 0.866, 0.827, 0.896, 0.894, 0.875, 0.871, 0.854, 0.867, 0.844, 0.898, 0.885, 0.877, 0.861, 0.884, 0.866, 0.878, 0.857, 0.862, 0.857, 0.856, 0.875, 0.881, 0.87, 0.88, 0.876, 0.872, 0.866, 0.895, 0.886, 0.868, 0.899, 0.892, 0.887, 0.88, 0.837, 0.846, 0.876, 0.864, 0.876, 0.86, 0.87, 0.867, 0.865, 0.881, 0.893, 0.879, 0.901, 0.857, 0.885, 0.84, 0.874, 0.868, 0.858, 0.89, 0.886, 0.871, 0.858, 0.876, 0.846, 0.848, 0.873]
0.87 0.016
160
[0.881, 0.874, 0.901, 0.891, 0.884, 0.88, 0.89, 0.866, 0.878, 0.876, 0.904, 0.902, 0.871, 0.876, 0.873, 0.866, 0.886, 0.885, 0.894, 0.871, 0.882, 0.868, 0.886, 0.886, 0.892, 0.87, 0.87, 0.871, 0.873, 0.865, 0.892, 0.888, 0.879, 0.849, 0.865, 0.853, 0.87, 0.893, 0.889, 0.871, 0.876, 0.888, 0.893, 0.862, 0.879, 0.873, 0.877, 0.888, 0.885, 0.888, 0.85, 0.886, 0.886, 0.892, 0.85, 0.877, 0.887, 0.864, 0.895, 0.846, 0.872, 0.887, 0.886, 0.865, 0.894, 0.883, 0.885, 0.898, 0.885, 0.88, 0.841, 0.884, 0.876, 0.866, 0.896, 0.904, 0.884, 0.865, 0.865, 0.865, 0.885, 0.876, 0.881, 0.885, 0.883, 0.875, 0.876, 0.853, 0.88, 0.879, 0.892, 0.896, 0.884, 0.889, 0.882, 0.858, 0.86, 0.877, 0.864, 0.877]
0.878 0.013
320
[0.892, 0.893, 0.896, 0.881, 0.892, 0.872, 0.885, 0.878, 0.885, 0.903, 0.888, 0.889, 0.893, 0.893, 0.893, 0.898, 0.909, 0.872, 0.893, 0.883, 0.885, 0.882, 0.902, 0.881, 0.898, 0.894, 0.889, 0.892, 0.895, 0.862, 0.876, 0.896, 0.885, 0.892, 0.877, 0.886, 0.886, 0.883, 0.872, 0.886, 0.893, 0.883, 0.882, 0.883, 0.885, 0.878, 0.887, 0.871, 0.891, 0.886, 0.888, 0.886, 0.872, 0.912, 0.862, 0.87, 0.878, 0.876, 0.871, 0.899, 0.891, 0.886, 0.865, 0.854, 0.895, 0.871, 0.881, 0.892, 0.881, 0.883, 0.888, 0.889, 0.879, 0.888, 0.902, 0.885, 0.904, 0.902, 0.881, 0.885, 0.864, 0.849, 0.909, 0.896, 0.906, 0.873, 0.885, 0.871, 0.886, 0.882, 0.904, 0.881, 0.879, 0.895, 0.888, 0.898, 0.86, 0.899, 0.888, 0.885]
0.886 0.012

double CF
3
[0.715, 0.569, 0.695, 0.676, 0.719, 0.751, 0.676, 0.622, 0.624, 0.834, 0.747, 0.82, 0.665, 0.546, 0.638, 0.815, 0.762, 0.469, 0.684, 0.773, 0.813, 0.684, 0.875, 0.613, 0.845, 0.714, 0.653, 0.768, 0.758, 0.553, 0.654, 0.776, 0.887, 0.729, 0.766, 0.745, 0.851, 0.811, 0.804, 0.789, 0.699, 0.683, 0.605, 0.322, 0.675, 0.845, 0.404, 0.538, 0.639, 0.657, 0.856, 0.704, 0.528, 0.784, 0.832, 0.676, 0.682, 0.623, 0.819, 0.688, 0.761, 0.772, 0.604, 0.751, 0.793, 0.473, 0.808, 0.77, 0.642, 0.809, 0.676, 0.707, 0.82, 0.866, 0.726, 0.709, 0.864, 0.464, 0.578, 0.735, 0.6, 0.68, 0.844, 0.769, 0.677, 0.669, 0.766, 0.558, 0.662, 0.441, 0.519, 0.61, 0.598, 0.568, 0.876, 0.844, 0.671, 0.503, 0.555, 0.765]
0.697 0.116
5
[0.673, 0.78, 0.723, 0.752, 0.689, 0.558, 0.835, 0.641, 0.826, 0.487, 0.82, 0.556, 0.772, 0.703, 0.802, 0.749, 0.667, 0.612, 0.757, 0.806, 0.756, 0.55, 0.776, 0.716, 0.8, 0.78, 0.511, 0.645, 0.649, 0.799, 0.68, 0.71, 0.686, 0.712, 0.86, 0.847, 0.778, 0.762, 0.713, 0.825, 0.794, 0.766, 0.789, 0.887, 0.63, 0.857, 0.784, 0.576, 0.644, 0.806, 0.696, 0.498, 0.738, 0.774, 0.677, 0.898, 0.782, 0.755, 0.577, 0.627, 0.728, 0.791, 0.683, 0.657, 0.772, 0.674, 0.643, 0.601, 0.472, 0.732, 0.802, 0.473, 0.798, 0.826, 0.725, 0.783, 0.46, 0.773, 0.787, 0.776, 0.654, 0.556, 0.689, 0.796, 0.75, 0.885, 0.606, 0.754, 0.776, 0.698, 0.633, 0.805, 0.799, 0.773, 0.682, 0.66, 0.71, 0.683, 0.726, 0.683]
0.716 0.098
10
[0.536, 0.828, 0.722, 0.764, 0.81, 0.71, 0.655, 0.718, 0.819, 0.592, 0.647, 0.622, 0.896, 0.752, 0.639, 0.731, 0.621, 0.892, 0.733, 0.783, 0.703, 0.732, 0.684, 0.692, 0.883, 0.832, 0.846, 0.605, 0.774, 0.739, 0.79, 0.815, 0.835, 0.746, 0.614, 0.62, 0.804, 0.818, 0.829, 0.713, 0.733, 0.882, 0.757, 0.512, 0.719, 0.681, 0.621, 0.825, 0.839, 0.663, 0.82, 0.567, 0.589, 0.743, 0.701, 0.505, 0.533, 0.708, 0.724, 0.753, 0.784, 0.827, 0.789, 0.722, 0.756, 0.881, 0.755, 0.737, 0.774, 0.777, 0.815, 0.812, 0.774, 0.88, 0.634, 0.832, 0.853, 0.641, 0.631, 0.761, 0.702, 0.86, 0.605, 0.732, 0.829, 0.795, 0.751, 0.567, 0.849, 0.664, 0.737, 0.736, 0.771, 0.738, 0.748, 0.773, 0.745, 0.698, 0.759, 0.491]
0.734 0.093
20
[0.819, 0.696, 0.806, 0.894, 0.754, 0.846, 0.788, 0.787, 0.842, 0.836, 0.751, 0.715, 0.843, 0.758, 0.815, 0.863, 0.825, 0.895, 0.807, 0.808, 0.691, 0.861, 0.867, 0.798, 0.8, 0.877, 0.75, 0.622, 0.818, 0.824, 0.779, 0.756, 0.616, 0.765, 0.837, 0.758, 0.819, 0.811, 0.586, 0.878, 0.792, 0.792, 0.697, 0.842, 0.842, 0.872, 0.809, 0.875, 0.751, 0.779, 0.828, 0.761, 0.867, 0.779, 0.838, 0.89, 0.779, 0.84, 0.82, 0.831, 0.788, 0.858, 0.862, 0.886, 0.752, 0.862, 0.818, 0.781, 0.763, 0.651, 0.854, 0.823, 0.509, 0.832, 0.894, 0.76, 0.784, 0.905, 0.657, 0.605, 0.728, 0.688, 0.885, 0.849, 0.618, 0.808, 0.73, 0.795, 0.759, 0.826, 0.728, 0.764, 0.83, 0.859, 0.817, 0.736, 0.793, 0.829, 0.802, 0.866]
0.793 0.074
40
[0.84, 0.846, 0.776, 0.847, 0.857, 0.897, 0.907, 0.805, 0.888, 0.85, 0.784, 0.807, 0.848, 0.828, 0.806, 0.828, 0.813, 0.789, 0.797, 0.788, 0.857, 0.878, 0.718, 0.847, 0.865, 0.827, 0.865, 0.754, 0.863, 0.804, 0.856, 0.841, 0.747, 0.74, 0.837, 0.797, 0.869, 0.844, 0.854, 0.844, 0.82, 0.863, 0.842, 0.829, 0.842, 0.812, 0.813, 0.798, 0.73, 0.824, 0.87, 0.879, 0.857, 0.839, 0.881, 0.855, 0.865, 0.837, 0.79, 0.813, 0.895, 0.831, 0.858, 0.848, 0.898, 0.79, 0.83, 0.872, 0.896, 0.714, 0.852, 0.769, 0.846, 0.871, 0.849, 0.792, 0.791, 0.835, 0.818, 0.717, 0.872, 0.776, 0.824, 0.819, 0.793, 0.87, 0.838, 0.836, 0.875, 0.911, 0.78, 0.853, 0.832, 0.854, 0.805, 0.832, 0.85, 0.8, 0.85, 0.83]
0.83 0.042
80
[0.836, 0.889, 0.84, 0.781, 0.88, 0.793, 0.868, 0.877, 0.824, 0.87, 0.683, 0.855, 0.873, 0.857, 0.853, 0.861, 0.851, 0.887, 0.853, 0.861, 0.81, 0.813, 0.898, 0.839, 0.854, 0.846, 0.867, 0.895, 0.88, 0.89, 0.823, 0.86, 0.833, 0.885, 0.794, 0.833, 0.864, 0.867, 0.819, 0.838, 0.828, 0.82, 0.838, 0.668, 0.875, 0.88, 0.891, 0.87, 0.822, 0.847, 0.882, 0.785, 0.813, 0.77, 0.853, 0.853, 0.841, 0.83, 0.857, 0.904, 0.82, 0.829, 0.755, 0.857, 0.825, 0.877, 0.837, 0.826, 0.883, 0.859, 0.814, 0.838, 0.875, 0.836, 0.866, 0.874, 0.79, 0.821, 0.849, 0.873, 0.797, 0.865, 0.716, 0.837, 0.864, 0.883, 0.826, 0.811, 0.838, 0.837, 0.851, 0.869, 0.847, 0.793, 0.865, 0.87, 0.859, 0.875, 0.769, 0.847]
0.841 0.041
160
[0.82, 0.857, 0.714, 0.841, 0.782, 0.864, 0.843, 0.836, 0.821, 0.761, 0.85, 0.892, 0.823, 0.852, 0.853, 0.801, 0.793, 0.883, 0.808, 0.805, 0.643, 0.827, 0.859, 0.851, 0.826, 0.904, 0.827, 0.854, 0.845, 0.88, 0.836, 0.766, 0.808, 0.804, 0.831, 0.724, 0.811, 0.785, 0.888, 0.906, 0.881, 0.864, 0.892, 0.899, 0.795, 0.873, 0.866, 0.876, 0.848, 0.857, 0.854, 0.832, 0.84, 0.838, 0.667, 0.776, 0.789, 0.848, 0.853, 0.825, 0.741, 0.819, 0.722, 0.785, 0.845, 0.825, 0.879, 0.717, 0.819, 0.809, 0.781, 0.851, 0.881, 0.811, 0.84, 0.886, 0.671, 0.846, 0.845, 0.855, 0.832, 0.751, 0.806, 0.792, 0.79, 0.793, 0.86, 0.885, 0.782, 0.81, 0.772, 0.837, 0.802, 0.803, 0.829, 0.86, 0.861, 0.86, 0.852, 0.863]
0.824 0.051
320

double CF + Input
3
[0.88, 0.81, 0.82, 0.85, 0.75, 0.84, 0.87, 0.76, 0.76, 0.83, 0.84, 0.78, 0.84, 0.84, 0.73, 0.88, 0.73, 0.88, 0.75, 0.81, 0.77, 0.83, 0.89, 0.81, 0.78, 0.88, 0.84, 0.83, 0.87, 0.83, 0.78, 0.7, 0.56, 0.89, 0.59, 0.81, 0.84, 0.86, 0.87, 0.79, 0.78, 0.86, 0.78, 0.86, 0.86, 0.84, 0.81, 0.86, 0.82, 0.86, 0.83, 0.73, 0.8, 0.79, 0.7, 0.86, 0.76, 0.79, 0.81, 0.79, 0.74, 0.7, 0.82, 0.7, 0.83, 0.88, 0.69, 0.88, 0.66, 0.77, 0.83, 0.8, 0.57, 0.68, 0.73, 0.79, 0.75, 0.64, 0.73, 0.79, 0.74, 0.75, 0.78, 0.76, 0.83, 0.78, 0.84, 0.84, 0.84, 0.85, 0.83, 0.76, 0.88, 0.82, 0.87, 0.83, 0.7, 0.84, 0.76, 0.86]
0.796 0.069
5
[0.86, 0.86, 0.84, 0.88, 0.89, 0.89, 0.88, 0.79, 0.66, 0.82, 0.85, 0.86, 0.87, 0.85, 0.79, 0.8, 0.78, 0.83, 0.87, 0.81, 0.84, 0.88, 0.72, 0.84, 0.82, 0.78, 0.8, 0.82, 0.89, 0.83, 0.72, 0.82, 0.85, 0.88, 0.83, 0.81, 0.86, 0.79, 0.89, 0.84, 0.84, 0.86, 0.86, 0.73, 0.86, 0.87, 0.91, 0.84, 0.83, 0.8, 0.79, 0.82, 0.83, 0.82, 0.7, 0.74, 0.86, 0.77, 0.89, 0.86, 0.84, 0.74, 0.8, 0.83, 0.82, 0.83, 0.78, 0.85, 0.82, 0.89, 0.84, 0.9, 0.88, 0.8, 0.85, 0.82, 0.64, 0.73, 0.7, 0.81, 0.83, 0.82, 0.85, 0.89, 0.87, 0.88, 0.67, 0.8, 0.77, 0.89, 0.87, 0.83, 0.83, 0.75, 0.85, 0.81, 0.86, 0.82, 0.8, 0.83]
0.824 0.054
10
[0.83, 0.88, 0.78, 0.78, 0.87, 0.9, 0.86, 0.8, 0.88, 0.87, 0.87, 0.88, 0.81, 0.88, 0.84, 0.91, 0.9, 0.78, 0.89, 0.89, 0.84, 0.88, 0.77, 0.83, 0.86, 0.87, 0.81, 0.89, 0.88, 0.88, 0.91, 0.82, 0.9, 0.81, 0.83, 0.91, 0.85, 0.83, 0.8, 0.82, 0.9, 0.89, 0.9, 0.88, 0.87, 0.78, 0.9, 0.89, 0.85, 0.89, 0.81, 0.89, 0.9, 0.9, 0.78, 0.88, 0.83, 0.9, 0.88, 0.82, 0.84, 0.85, 0.84, 0.83, 0.9, 0.87, 0.9, 0.89, 0.85, 0.84, 0.84, 0.85, 0.91, 0.76, 0.85, 0.87, 0.9, 0.82, 0.83, 0.87, 0.75, 0.89, 0.84, 0.89, 0.89, 0.86, 0.89, 0.84, 0.85, 0.83, 0.87, 0.88, 0.83, 0.9, 0.83, 0.87, 0.89, 0.84, 0.81, 0.9]
0.857 0.039
20
[0.82, 0.9, 0.83, 0.91, 0.82, 0.88, 0.9, 0.91, 0.85, 0.89, 0.86, 0.88, 0.92, 0.92, 0.92, 0.88, 0.91, 0.91, 0.91, 0.92, 0.89, 0.89, 0.91, 0.88, 0.88, 0.91, 0.84, 0.9, 0.91, 0.83, 0.9, 0.88, 0.91, 0.89, 0.9, 0.88, 0.88, 0.9, 0.88, 0.86, 0.87, 0.92, 0.87, 0.89, 0.9, 0.86, 0.88, 0.9, 0.89, 0.9, 0.9, 0.85, 0.88, 0.9, 0.88, 0.89, 0.92, 0.88, 0.85, 0.87, 0.85, 0.9, 0.9, 0.88, 0.91, 0.87, 0.89, 0.85, 0.87, 0.89, 0.88, 0.9, 0.89, 0.91, 0.87, 0.9, 0.9, 0.89, 0.86, 0.87, 0.89, 0.92, 0.86, 0.85, 0.89, 0.89, 0.89, 0.88, 0.91, 0.89, 0.9, 0.85, 0.92, 0.87, 0.87, 0.9, 0.9, 0.89, 0.87, 0.92]
0.886 0.023
40
[0.88, 0.91, 0.91, 0.9, 0.88, 0.9, 0.91, 0.92, 0.92, 0.92, 0.87, 0.92, 0.9, 0.88, 0.9, 0.9, 0.91, 0.91, 0.92, 0.89, 0.91, 0.9, 0.9, 0.88, 0.89, 0.91, 0.91, 0.9, 0.87, 0.89, 0.91, 0.91, 0.89, 0.91, 0.92, 0.92, 0.89, 0.91, 0.9, 0.88, 0.89, 0.91, 0.91, 0.9, 0.88, 0.91, 0.9, 0.91, 0.88, 0.9, 0.93, 0.93, 0.88, 0.92, 0.91, 0.89, 0.87, 0.9, 0.9, 0.92, 0.92, 0.9, 0.89, 0.88, 0.88, 0.91, 0.9, 0.9, 0.91, 0.9, 0.89, 0.91, 0.9, 0.86, 0.91, 0.92, 0.92, 0.91, 0.93, 0.9, 0.87, 0.89, 0.9, 0.91, 0.89, 0.9, 0.87, 0.9, 0.91, 0.9, 0.9, 0.88, 0.91, 0.92, 0.9, 0.9, 0.92, 0.88, 0.91, 0.89]
0.901 0.015
80
[0.9, 0.92, 0.91, 0.93, 0.91, 0.92, 0.92, 0.92, 0.92, 0.92, 0.92, 0.92, 0.92, 0.93, 0.92, 0.92, 0.92, 0.92, 0.93, 0.9, 0.92, 0.93, 0.92, 0.9, 0.91, 0.92, 0.94, 0.92, 0.93, 0.92, 0.92, 0.91, 0.93, 0.93, 0.92, 0.92, 0.91, 0.92, 0.91, 0.92, 0.92, 0.91, 0.93, 0.92, 0.92, 0.93, 0.91, 0.92, 0.91, 0.91, 0.91, 0.93, 0.93, 0.92, 0.92, 0.92, 0.92, 0.93, 0.93, 0.91, 0.9, 0.91, 0.92, 0.93, 0.93, 0.91, 0.93, 0.91, 0.91, 0.93, 0.91, 0.91, 0.92, 0.88, 0.92, 0.92, 0.91, 0.92, 0.89, 0.89, 0.92, 0.9, 0.93, 0.93, 0.92, 0.92, 0.93, 0.91, 0.92, 0.92, 0.93, 0.93, 0.92, 0.93, 0.93, 0.93, 0.92, 0.91, 0.89, 0.89]
0.918 0.011
160
[0.93, 0.93, 0.92, 0.91, 0.93, 0.94, 0.93, 0.93, 0.93, 0.92, 0.93, 0.92, 0.93, 0.92, 0.93, 0.93, 0.93, 0.91, 0.91, 0.93, 0.93, 0.93, 0.92, 0.93, 0.93, 0.92, 0.91, 0.93, 0.94, 0.93, 0.94, 0.94, 0.93, 0.93, 0.94, 0.93, 0.92, 0.91, 0.93, 0.93, 0.92, 0.93, 0.93, 0.92, 0.92, 0.93, 0.94, 0.93, 0.92, 0.93, 0.93, 0.93, 0.93, 0.93, 0.93, 0.93, 0.92, 0.94, 0.93, 0.92, 0.93, 0.93, 0.93, 0.93, 0.92, 0.91, 0.93, 0.9, 0.93, 0.93, 0.92, 0.93, 0.93, 0.92, 0.93, 0.93, 0.92, 0.93, 0.93, 0.92, 0.93, 0.94, 0.93, 0.94, 0.93, 0.93, 0.94, 0.93, 0.93, 0.93, 0.91, 0.91, 0.92, 0.94, 0.93, 0.93, 0.93, 0.94, 0.93, 0.93]
0.927 0.008
320
[0.95, 0.95, 0.93, 0.93, 0.93, 0.93, 0.93, 0.95, 0.93, 0.94, 0.94, 0.93, 0.94, 0.93, 0.93, 0.93, 0.94, 0.93, 0.92, 0.93, 0.92, 0.93, 0.94, 0.88, 0.93, 0.94, 0.94, 0.93, 0.94, 0.92, 0.93, 0.93, 0.94, 0.93, 0.94, 0.94, 0.92, 0.93, 0.93, 0.94, 0.94, 0.94, 0.93, 0.91, 0.93, 0.94, 0.94, 0.94, 0.95, 0.94, 0.93, 0.93, 0.93, 0.94, 0.94, 0.93, 0.94, 0.94, 0.94, 0.94, 0.94, 0.94, 0.94, 0.94, 0.93, 0.92, 0.93, 0.94, 0.94, 0.93, 0.92, 0.93, 0.93, 0.92, 0.94, 0.93, 0.94, 0.93, 0.94, 0.93, 0.94, 0.92, 0.92, 0.94, 0.93, 0.93, 0.93, 0.93, 0.94, 0.94, 0.92, 0.95, 0.94, 0.93, 0.94, 0.94, 0.93, 0.93, 0.95, 0.94]
0.934 0.01
