double CF (0.6, 0.4)
3
[0.795, 0.764, 0.913, 0.748, 0.701, 0.693, 0.811, 0.701, 0.858, 0.764, 0.819, 0.78, 0.795, 0.85, 0.646, 0.819, 0.858, 0.819, 0.74, 0.843, 0.858, 0.795, 0.693, 0.677, 0.827, 0.874, 0.772, 0.858, 0.772, 0.803, 0.819, 0.827, 0.724, 0.772, 0.843, 0.866, 0.882, 0.685, 0.858, 0.764, 0.78, 0.709, 0.835, 0.764, 0.772, 0.583, 0.709, 0.661, 0.803, 0.866, 0.803, 0.661, 0.638, 0.85, 0.89, 0.756, 0.827, 0.89, 0.843, 0.827, 0.622, 0.803, 0.756, 0.795, 0.843, 0.795, 0.717, 0.772, 0.732, 0.811, 0.654, 0.882, 0.858, 0.819, 0.827, 0.732, 0.882, 0.74, 0.827, 0.819, 0.709, 0.748, 0.717, 0.803, 0.661, 0.724, 0.898, 0.583, 0.89, 0.685, 0.748, 0.85, 0.874, 0.858, 0.843, 0.748, 0.819, 0.89, 0.78, 0.85]
0.785 0.074
5
[0.882, 0.811, 0.866, 0.874, 0.764, 0.78, 0.827, 0.795, 0.811, 0.803, 0.803, 0.787, 0.811, 0.843, 0.756, 0.732, 0.787, 0.803, 0.661, 0.843, 0.717, 0.858, 0.85, 0.78, 0.89, 0.709, 0.835, 0.835, 0.827, 0.835, 0.772, 0.843, 0.866, 0.646, 0.78, 0.835, 0.85, 0.74, 0.756, 0.835, 0.74, 0.677, 0.803, 0.835, 0.78, 0.732, 0.74, 0.811, 0.78, 0.874, 0.646, 0.898, 0.724, 0.693, 0.835, 0.646, 0.835, 0.78, 0.866, 0.811, 0.724, 0.756, 0.874, 0.748, 0.827, 0.787, 0.819, 0.803, 0.827, 0.732, 0.787, 0.827, 0.819, 0.819, 0.811, 0.89, 0.874, 0.803, 0.882, 0.858, 0.858, 0.709, 0.843, 0.85, 0.858, 0.646, 0.661, 0.795, 0.819, 0.85, 0.819, 0.819, 0.858, 0.709, 0.85, 0.827, 0.693, 0.89, 0.772, 0.701]
0.797 0.063
10
[0.693, 0.898, 0.819, 0.913, 0.795, 0.85, 0.811, 0.772, 0.843, 0.787, 0.732, 0.866, 0.819, 0.85, 0.74, 0.748, 0.787, 0.827, 0.85, 0.819, 0.866, 0.764, 0.811, 0.787, 0.78, 0.85, 0.772, 0.835, 0.835, 0.764, 0.858, 0.795, 0.827, 0.819, 0.795, 0.819, 0.811, 0.843, 0.898, 0.835, 0.827, 0.803, 0.827, 0.866, 0.795, 0.772, 0.764, 0.866, 0.858, 0.866, 0.803, 0.795, 0.787, 0.827, 0.764, 0.858, 0.787, 0.772, 0.685, 0.787, 0.677, 0.858, 0.811, 0.898, 0.858, 0.835, 0.74, 0.748, 0.819, 0.78, 0.811, 0.89, 0.803, 0.835, 0.843, 0.787, 0.795, 0.85, 0.866, 0.843, 0.748, 0.858, 0.819, 0.661, 0.882, 0.795, 0.787, 0.772, 0.803, 0.811, 0.74, 0.85, 0.85, 0.803, 0.756, 0.764, 0.787, 0.748, 0.78, 0.866]
0.809 0.049
20
[0.906, 0.858, 0.843, 0.874, 0.858, 0.882, 0.803, 0.898, 0.858, 0.898, 0.921, 0.921, 0.882, 0.866, 0.772, 0.89, 0.827, 0.906, 0.89, 0.89, 0.795, 0.874, 0.89, 0.898, 0.898, 0.858, 0.732, 0.819, 0.717, 0.85, 0.882, 0.858, 0.843, 0.874, 0.913, 0.874, 0.85, 0.843, 0.819, 0.882, 0.874, 0.921, 0.843, 0.811, 0.843, 0.882, 0.835, 0.882, 0.858, 0.89, 0.866, 0.874, 0.89, 0.913, 0.866, 0.898, 0.898, 0.819, 0.89, 0.89, 0.866, 0.882, 0.89, 0.882, 0.827, 0.89, 0.937, 0.89, 0.803, 0.85, 0.858, 0.882, 0.803, 0.89, 0.913, 0.882, 0.882, 0.89, 0.89, 0.898, 0.913, 0.89, 0.835, 0.843, 0.827, 0.874, 0.843, 0.898, 0.858, 0.858, 0.843, 0.906, 0.874, 0.929, 0.866, 0.898, 0.866, 0.866, 0.866, 0.929]
0.868 0.038
40
[0.929, 0.937, 0.89, 0.913, 0.945, 0.937, 0.921, 0.945, 0.929, 0.929, 0.921, 0.929, 0.898, 0.913, 0.906, 0.898, 0.921, 0.89, 0.913, 0.921, 0.882, 0.929, 0.906, 0.898, 0.874, 0.913, 0.898, 0.906, 0.882, 0.921, 0.898, 0.937, 0.921, 0.921, 0.898, 0.921, 0.89, 0.913, 0.929, 0.89, 0.921, 0.898, 0.913, 0.906, 0.906, 0.898, 0.89, 0.929, 0.874, 0.921, 0.913, 0.921, 0.929, 0.898, 0.921, 0.913, 0.898, 0.858, 0.953, 0.906, 0.913, 0.898, 0.921, 0.937, 0.929, 0.937, 0.898, 0.882, 0.89, 0.906, 0.921, 0.906, 0.89, 0.929, 0.937, 0.913, 0.882, 0.882, 0.898, 0.921, 0.898, 0.921, 0.882, 0.882, 0.898, 0.89, 0.913, 0.945, 0.913, 0.866, 0.874, 0.898, 0.921, 0.89, 0.921, 0.89, 0.898, 0.898, 0.929, 0.882]
0.909 0.019
80
[0.937, 0.953, 0.929, 0.937, 0.921, 0.945, 0.929, 0.937, 0.945, 0.937, 0.921, 0.976, 0.929, 0.969, 0.937, 0.945, 0.961, 0.921, 0.937, 0.953, 0.961, 0.937, 0.921, 0.937, 0.921, 0.929, 0.921, 0.945, 0.953, 0.961, 0.937, 0.921, 0.929, 0.976, 0.929, 0.945, 0.937, 0.929, 0.929, 0.969, 0.953, 0.961, 0.945, 0.945, 0.945, 0.921, 0.913, 0.953, 0.937, 0.945, 0.929, 0.937, 0.929, 0.929, 0.921, 0.945, 0.929, 0.945, 0.937, 0.945, 0.937, 0.929, 0.945, 0.921, 0.929, 0.953, 0.929, 0.929, 0.945, 0.913, 0.921, 0.937, 0.913, 0.953, 0.929, 0.937, 0.937, 0.913, 0.953, 0.929, 0.929, 0.882, 0.969, 0.913, 0.953, 0.976, 0.913, 0.906, 0.945, 0.929, 0.929, 0.929, 0.937, 0.953, 0.929, 0.937, 0.937, 0.961, 0.969, 0.937]
0.938 0.016
126
[0.937, 0.937, 0.961, 0.937, 0.937, 0.945, 0.969, 0.969, 0.953, 0.945, 0.929, 0.929, 0.929, 0.929, 0.945, 0.953, 0.929, 0.937, 0.937, 0.945, 0.961, 0.929, 0.953, 0.937, 0.945, 0.953, 0.929, 0.921, 0.953, 0.961, 0.961, 0.961, 0.961, 0.969, 0.945, 0.945, 0.937, 0.945, 0.945, 0.961, 0.961, 0.937, 0.945, 0.945, 0.961, 0.953, 0.953, 0.945, 0.961, 0.953, 0.937, 0.937, 0.961, 0.945, 0.961, 0.945, 0.961, 0.937, 0.945, 0.961, 0.921, 0.961, 0.945, 0.945, 0.937, 0.953, 0.961, 0.937, 0.953, 0.937, 0.945, 0.961, 0.961, 0.953, 0.961, 0.945, 0.921, 0.937, 0.961, 0.961, 0.929, 0.969, 0.969, 0.953, 0.953, 0.937, 0.961, 0.976, 0.953, 0.953, 0.953, 0.945, 0.953, 0.953, 0.953, 0.945, 0.937, 0.921, 0.898, 0.953]
0.947 0.013

double CF (0.7, 0.3)
3
[0.866, 0.898, 0.724, 0.827, 0.811, 0.756, 0.819, 0.85, 0.882, 0.795, 0.717, 0.827, 0.748, 0.717, 0.882, 0.835, 0.843, 0.772, 0.858, 0.693, 0.693, 0.803, 0.701, 0.819, 0.787, 0.866, 0.882, 0.654, 0.898, 0.898, 0.85, 0.874, 0.756, 0.772, 0.693, 0.843, 0.685, 0.732, 0.764, 0.764, 0.803, 0.748, 0.858, 0.795, 0.772, 0.874, 0.787, 0.685, 0.677, 0.866, 0.677, 0.669, 0.843, 0.654, 0.858, 0.85, 0.772, 0.866, 0.85, 0.811, 0.764, 0.906, 0.827, 0.717, 0.724, 0.803, 0.835, 0.764, 0.677, 0.906, 0.717, 0.764, 0.835, 0.795, 0.819, 0.756, 0.835, 0.85, 0.709, 0.882, 0.874, 0.819, 0.795, 0.89, 0.811, 0.866, 0.85, 0.795, 0.732, 0.85, 0.795, 0.85, 0.748, 0.78, 0.748, 0.819, 0.85, 0.654, 0.732, 0.787]
0.795 0.067
5
[0.827, 0.693, 0.756, 0.906, 0.811, 0.732, 0.795, 0.858, 0.843, 0.803, 0.732, 0.748, 0.898, 0.858, 0.795, 0.874, 0.882, 0.866, 0.748, 0.78, 0.803, 0.882, 0.843, 0.78, 0.835, 0.811, 0.787, 0.882, 0.827, 0.772, 0.858, 0.835, 0.724, 0.866, 0.756, 0.874, 0.803, 0.835, 0.827, 0.811, 0.764, 0.811, 0.874, 0.748, 0.866, 0.858, 0.898, 0.795, 0.85, 0.843, 0.89, 0.866, 0.866, 0.811, 0.638, 0.803, 0.835, 0.748, 0.843, 0.835, 0.906, 0.874, 0.85, 0.709, 0.811, 0.803, 0.874, 0.858, 0.74, 0.827, 0.685, 0.724, 0.827, 0.693, 0.78, 0.795, 0.709, 0.654, 0.858, 0.764, 0.78, 0.866, 0.811, 0.835, 0.78, 0.827, 0.787, 0.827, 0.874, 0.78, 0.89, 0.827, 0.858, 0.85, 0.843, 0.795, 0.811, 0.835, 0.882, 0.827]
0.814 0.057
10
[0.874, 0.85, 0.858, 0.882, 0.827, 0.858, 0.913, 0.937, 0.835, 0.866, 0.748, 0.874, 0.882, 0.827, 0.795, 0.701, 0.661, 0.882, 0.858, 0.787, 0.756, 0.866, 0.843, 0.89, 0.85, 0.874, 0.835, 0.819, 0.874, 0.85, 0.874, 0.866, 0.827, 0.756, 0.819, 0.732, 0.724, 0.866, 0.787, 0.898, 0.803, 0.819, 0.89, 0.874, 0.866, 0.89, 0.78, 0.827, 0.811, 0.803, 0.717, 0.827, 0.866, 0.858, 0.882, 0.898, 0.827, 0.85, 0.811, 0.866, 0.835, 0.748, 0.835, 0.724, 0.819, 0.795, 0.843, 0.748, 0.898, 0.795, 0.819, 0.858, 0.795, 0.748, 0.827, 0.74, 0.803, 0.677, 0.866, 0.866, 0.811, 0.882, 0.764, 0.843, 0.748, 0.795, 0.913, 0.787, 0.724, 0.882, 0.748, 0.85, 0.898, 0.787, 0.85, 0.89, 0.78, 0.701, 0.835, 0.874]
0.825 0.058
20
[0.858, 0.858, 0.772, 0.882, 0.89, 0.874, 0.85, 0.913, 0.866, 0.874, 0.874, 0.882, 0.858, 0.898, 0.858, 0.898, 0.898, 0.827, 0.906, 0.795, 0.913, 0.874, 0.898, 0.827, 0.874, 0.858, 0.898, 0.913, 0.85, 0.874, 0.89, 0.898, 0.89, 0.835, 0.882, 0.748, 0.835, 0.874, 0.882, 0.929, 0.89, 0.89, 0.843, 0.906, 0.874, 0.937, 0.866, 0.882, 0.913, 0.921, 0.898, 0.874, 0.874, 0.913, 0.866, 0.898, 0.795, 0.858, 0.89, 0.898, 0.89, 0.858, 0.85, 0.874, 0.906, 0.787, 0.913, 0.882, 0.937, 0.787, 0.953, 0.89, 0.898, 0.921, 0.843, 0.866, 0.929, 0.89, 0.835, 0.898, 0.858, 0.866, 0.866, 0.898, 0.787, 0.874, 0.858, 0.882, 0.906, 0.874, 0.866, 0.89, 0.898, 0.874, 0.795, 0.913, 0.89, 0.921, 0.906, 0.811]
0.875 0.037
40
[0.929, 0.913, 0.913, 0.937, 0.906, 0.906, 0.906, 0.929, 0.906, 0.937, 0.89, 0.906, 0.898, 0.961, 0.913, 0.921, 0.913, 0.906, 0.929, 0.929, 0.913, 0.898, 0.945, 0.906, 0.913, 0.945, 0.866, 0.898, 0.906, 0.898, 0.89, 0.937, 0.921, 0.945, 0.89, 0.937, 0.913, 0.913, 0.913, 0.906, 0.898, 0.929, 0.882, 0.937, 0.921, 0.921, 0.929, 0.906, 0.898, 0.906, 0.913, 0.906, 0.921, 0.898, 0.921, 0.89, 0.898, 0.874, 0.898, 0.874, 0.937, 0.929, 0.913, 0.937, 0.898, 0.913, 0.921, 0.913, 0.898, 0.89, 0.921, 0.898, 0.929, 0.945, 0.906, 0.929, 0.913, 0.898, 0.921, 0.882, 0.913, 0.906, 0.929, 0.937, 0.882, 0.921, 0.913, 0.882, 0.898, 0.913, 0.929, 0.913, 0.898, 0.874, 0.921, 0.882, 0.874, 0.906, 0.89, 0.898]
0.911 0.019
80
[0.937, 0.929, 0.945, 0.929, 0.937, 0.945, 0.913, 0.937, 0.89, 0.945, 0.953, 0.937, 0.953, 0.945, 0.937, 0.953, 0.945, 0.929, 0.937, 0.937, 0.921, 0.953, 0.953, 0.945, 0.945, 0.945, 0.921, 0.921, 0.921, 0.961, 0.921, 0.929, 0.945, 0.929, 0.937, 0.953, 0.945, 0.913, 0.937, 0.937, 0.961, 0.937, 0.937, 0.913, 0.929, 0.898, 0.945, 0.937, 0.953, 0.961, 0.945, 0.906, 0.913, 0.906, 0.945, 0.961, 0.945, 0.929, 0.945, 0.969, 0.937, 0.961, 0.945, 0.921, 0.929, 0.929, 0.961, 0.961, 0.929, 0.984, 0.953, 0.929, 0.969, 0.929, 0.953, 0.953, 0.937, 0.921, 0.961, 0.945, 0.976, 0.913, 0.969, 0.945, 0.953, 0.937, 0.953, 0.937, 0.961, 0.906, 0.953, 0.921, 0.953, 0.921, 0.937, 0.945, 0.953, 0.953, 0.945, 0.953]
0.94 0.017
126
[0.937, 0.937, 0.929, 0.929, 0.929, 0.953, 0.953, 0.969, 0.976, 0.913, 0.953, 0.921, 0.945, 0.937, 0.945, 0.937, 0.937, 0.953, 0.921, 0.945, 0.937, 0.976, 0.945, 0.921, 0.984, 0.953, 0.961, 0.921, 0.945, 0.937, 0.937, 0.937, 0.945, 0.921, 0.953, 0.953, 0.961, 0.937, 0.945, 0.913, 0.921, 0.929, 0.929, 0.945, 0.937, 0.921, 0.937, 0.937, 0.976, 0.945, 0.945, 0.961, 0.937, 0.961, 0.929, 0.945, 0.945, 0.953, 0.945, 0.937, 0.953, 0.921, 0.945, 0.937, 0.953, 0.929, 0.937, 0.953, 0.937, 0.937, 0.929, 0.945, 0.953, 0.929, 0.945, 0.945, 0.945, 0.953, 0.961, 0.945, 0.953, 0.913, 0.921, 0.921, 0.945, 0.953, 0.929, 0.969, 0.929, 0.945, 0.953, 0.929, 0.929, 0.921, 0.929, 0.953, 0.953, 0.945, 0.945, 0.945]
0.942 0.015

double CF (0.8 0.2)
3
[0.843, 0.906, 0.874, 0.866, 0.709, 0.709, 0.85, 0.795, 0.882, 0.756, 0.89, 0.787, 0.835, 0.866, 0.835, 0.803, 0.906, 0.787, 0.772, 0.819, 0.811, 0.795, 0.843, 0.835, 0.724, 0.732, 0.827, 0.898, 0.803, 0.89, 0.874, 0.835, 0.803, 0.874, 0.756, 0.866, 0.78, 0.85, 0.898, 0.921, 0.874, 0.803, 0.858, 0.764, 0.913, 0.906, 0.85, 0.906, 0.787, 0.819, 0.78, 0.874, 0.882, 0.843, 0.858, 0.874, 0.685, 0.709, 0.858, 0.882, 0.858, 0.85, 0.787, 0.906, 0.858, 0.717, 0.85, 0.724, 0.843, 0.811, 0.874, 0.898, 0.795, 0.89, 0.882, 0.898, 0.606, 0.772, 0.89, 0.843, 0.874, 0.827, 0.811, 0.819, 0.78, 0.78, 0.858, 0.756, 0.732, 0.906, 0.748, 0.764, 0.89, 0.795, 0.811, 0.858, 0.827, 0.874, 0.803, 0.803]
0.827 0.06
5
[0.843, 0.85, 0.835, 0.724, 0.748, 0.74, 0.803, 0.874, 0.843, 0.882, 0.795, 0.669, 0.811, 0.787, 0.732, 0.85, 0.693, 0.811, 0.724, 0.724, 0.811, 0.882, 0.819, 0.929, 0.843, 0.795, 0.882, 0.795, 0.858, 0.89, 0.874, 0.898, 0.843, 0.898, 0.827, 0.882, 0.882, 0.89, 0.882, 0.772, 0.898, 0.803, 0.858, 0.85, 0.819, 0.795, 0.78, 0.803, 0.874, 0.811, 0.819, 0.89, 0.827, 0.85, 0.85, 0.882, 0.866, 0.835, 0.764, 0.874, 0.795, 0.748, 0.827, 0.898, 0.866, 0.882, 0.748, 0.701, 0.827, 0.74, 0.732, 0.85, 0.835, 0.819, 0.685, 0.803, 0.795, 0.764, 0.764, 0.819, 0.835, 0.882, 0.646, 0.748, 0.709, 0.843, 0.709, 0.819, 0.819, 0.787, 0.866, 0.787, 0.756, 0.89, 0.819, 0.709, 0.858, 0.803, 0.669, 0.764]
0.813 0.062
10
[0.811, 0.882, 0.835, 0.764, 0.827, 0.843, 0.85, 0.898, 0.827, 0.858, 0.772, 0.85, 0.827, 0.89, 0.701, 0.898, 0.906, 0.835, 0.858, 0.89, 0.74, 0.866, 0.874, 0.874, 0.85, 0.882, 0.882, 0.819, 0.827, 0.85, 0.882, 0.669, 0.89, 0.898, 0.811, 0.811, 0.85, 0.866, 0.898, 0.85, 0.874, 0.685, 0.858, 0.874, 0.874, 0.835, 0.866, 0.913, 0.85, 0.882, 0.843, 0.772, 0.827, 0.787, 0.913, 0.803, 0.835, 0.866, 0.89, 0.866, 0.764, 0.843, 0.921, 0.717, 0.843, 0.874, 0.827, 0.85, 0.89, 0.764, 0.89, 0.843, 0.913, 0.882, 0.882, 0.724, 0.843, 0.929, 0.843, 0.78, 0.843, 0.906, 0.827, 0.874, 0.85, 0.866, 0.882, 0.89, 0.827, 0.764, 0.827, 0.89, 0.724, 0.866, 0.819, 0.787, 0.835, 0.858, 0.866, 0.866]
0.843 0.052
20
[0.874, 0.78, 0.866, 0.898, 0.874, 0.882, 0.85, 0.921, 0.819, 0.882, 0.921, 0.874, 0.89, 0.882, 0.85, 0.843, 0.89, 0.803, 0.906, 0.906, 0.858, 0.874, 0.866, 0.874, 0.866, 0.913, 0.906, 0.882, 0.898, 0.906, 0.882, 0.913, 0.882, 0.803, 0.921, 0.89, 0.874, 0.898, 0.906, 0.913, 0.874, 0.906, 0.882, 0.898, 0.835, 0.89, 0.89, 0.898, 0.858, 0.89, 0.874, 0.866, 0.906, 0.906, 0.803, 0.898, 0.921, 0.898, 0.787, 0.913, 0.89, 0.906, 0.874, 0.913, 0.929, 0.906, 0.906, 0.874, 0.803, 0.906, 0.921, 0.898, 0.874, 0.921, 0.913, 0.882, 0.898, 0.811, 0.85, 0.882, 0.858, 0.866, 0.913, 0.795, 0.882, 0.866, 0.906, 0.906, 0.882, 0.85, 0.898, 0.811, 0.898, 0.843, 0.89, 0.929, 0.882, 0.89, 0.921, 0.85]
0.88 0.034
40
[0.89, 0.913, 0.913, 0.906, 0.929, 0.89, 0.921, 0.89, 0.913, 0.89, 0.929, 0.906, 0.913, 0.929, 0.937, 0.921, 0.913, 0.913, 0.906, 0.913, 0.874, 0.898, 0.89, 0.913, 0.89, 0.89, 0.906, 0.906, 0.898, 0.929, 0.913, 0.913, 0.937, 0.906, 0.921, 0.913, 0.937, 0.89, 0.921, 0.906, 0.929, 0.921, 0.913, 0.913, 0.906, 0.921, 0.913, 0.929, 0.929, 0.937, 0.913, 0.913, 0.913, 0.937, 0.937, 0.906, 0.937, 0.961, 0.921, 0.89, 0.906, 0.921, 0.953, 0.89, 0.913, 0.85, 0.906, 0.929, 0.921, 0.913, 0.945, 0.921, 0.906, 0.913, 0.929, 0.898, 0.913, 0.913, 0.898, 0.906, 0.913, 0.906, 0.898, 0.913, 0.953, 0.913, 0.906, 0.937, 0.913, 0.921, 0.898, 0.913, 0.906, 0.866, 0.898, 0.913, 0.921, 0.921, 0.929, 0.906]
0.913 0.017
80
[0.921, 0.953, 0.937, 0.921, 0.921, 0.906, 0.937, 0.929, 0.929, 0.945, 0.937, 0.953, 0.937, 0.937, 0.921, 0.921, 0.929, 0.937, 0.929, 0.953, 0.929, 0.953, 0.945, 0.913, 0.921, 0.921, 0.937, 0.937, 0.929, 0.961, 0.945, 0.937, 0.945, 0.913, 0.945, 0.929, 0.929, 0.929, 0.906, 0.937, 0.913, 0.953, 0.945, 0.929, 0.937, 0.953, 0.929, 0.937, 0.945, 0.929, 0.937, 0.913, 0.937, 0.945, 0.929, 0.921, 0.898, 0.929, 0.937, 0.953, 0.945, 0.937, 0.945, 0.906, 0.929, 0.929, 0.929, 0.945, 0.937, 0.969, 0.921, 0.898, 0.945, 0.953, 0.929, 0.921, 0.921, 0.921, 0.921, 0.898, 0.937, 0.913, 0.937, 0.945, 0.937, 0.976, 0.945, 0.953, 0.945, 0.961, 0.937, 0.929, 0.929, 0.937, 0.945, 0.937, 0.913, 0.937, 0.945, 0.913]
0.934 0.015
126
[0.953, 0.945, 0.937, 0.953, 0.945, 0.929, 0.929, 0.945, 0.953, 0.929, 0.937, 0.937, 0.937, 0.929, 0.945, 0.929, 0.937, 0.937, 0.937, 0.921, 0.937, 0.945, 0.945, 0.945, 0.929, 0.929, 0.945, 0.937, 0.953, 0.937, 0.945, 0.945, 0.921, 0.953, 0.945, 0.937, 0.945, 0.945, 0.921, 0.929, 0.921, 0.945, 0.937, 0.945, 0.921, 0.961, 0.969, 0.953, 0.929, 0.929, 0.961, 0.937, 0.929, 0.937, 0.969, 0.945, 0.929, 0.945, 0.953, 0.937, 0.929, 0.937, 0.945, 0.913, 0.921, 0.945, 0.953, 0.953, 0.929, 0.921, 0.945, 0.929, 0.953, 0.929, 0.937, 0.945, 0.945, 0.937, 0.937, 0.937, 0.929, 0.937, 0.929, 0.929, 0.929, 0.945, 0.945, 0.929, 0.929, 0.945, 0.945, 0.945, 0.929, 0.945, 0.929, 0.937, 0.961, 0.929, 0.937, 0.937]
0.939 0.011

double CF (0.9 0.1)
3
[0.906, 0.78, 0.858, 0.772, 0.882, 0.811, 0.701, 0.661, 0.906, 0.858, 0.874, 0.898, 0.795, 0.717, 0.709, 0.866, 0.874, 0.724, 0.827, 0.882, 0.685, 0.819, 0.835, 0.803, 0.811, 0.803, 0.795, 0.685, 0.85, 0.756, 0.874, 0.866, 0.835, 0.843, 0.795, 0.921, 0.724, 0.882, 0.717, 0.661, 0.85, 0.882, 0.803, 0.906, 0.835, 0.85, 0.929, 0.843, 0.858, 0.795, 0.795, 0.748, 0.693, 0.866, 0.764, 0.866, 0.835, 0.874, 0.866, 0.78, 0.748, 0.827, 0.858, 0.882, 0.906, 0.874, 0.898, 0.882, 0.685, 0.913, 0.874, 0.827, 0.858, 0.89, 0.819, 0.866, 0.78, 0.772, 0.669, 0.843, 0.819, 0.874, 0.866, 0.787, 0.787, 0.819, 0.756, 0.843, 0.858, 0.858, 0.787, 0.882, 0.78, 0.898, 0.866, 0.882, 0.89, 0.866, 0.866, 0.819]
0.824 0.065
5
[0.898, 0.89, 0.898, 0.811, 0.835, 0.724, 0.677, 0.827, 0.827, 0.882, 0.795, 0.756, 0.874, 0.874, 0.89, 0.89, 0.858, 0.724, 0.882, 0.882, 0.858, 0.835, 0.85, 0.732, 0.85, 0.764, 0.85, 0.882, 0.906, 0.717, 0.803, 0.693, 0.866, 0.89, 0.866, 0.906, 0.732, 0.835, 0.85, 0.772, 0.85, 0.724, 0.858, 0.795, 0.811, 0.85, 0.858, 0.827, 0.85, 0.89, 0.843, 0.874, 0.701, 0.724, 0.882, 0.874, 0.874, 0.874, 0.85, 0.906, 0.85, 0.819, 0.882, 0.882, 0.732, 0.787, 0.89, 0.89, 0.866, 0.85, 0.866, 0.898, 0.866, 0.795, 0.89, 0.843, 0.819, 0.898, 0.843, 0.669, 0.882, 0.803, 0.772, 0.835, 0.858, 0.882, 0.843, 0.787, 0.843, 0.701, 0.882, 0.89, 0.866, 0.874, 0.827, 0.764, 0.756, 0.709, 0.835, 0.89]
0.832 0.061
10
[0.89, 0.843, 0.827, 0.874, 0.866, 0.866, 0.858, 0.819, 0.882, 0.843, 0.89, 0.882, 0.882, 0.866, 0.748, 0.874, 0.772, 0.913, 0.882, 0.858, 0.756, 0.827, 0.819, 0.866, 0.858, 0.827, 0.898, 0.843, 0.819, 0.882, 0.772, 0.866, 0.78, 0.866, 0.85, 0.89, 0.898, 0.827, 0.882, 0.89, 0.85, 0.772, 0.898, 0.858, 0.874, 0.827, 0.866, 0.898, 0.89, 0.858, 0.898, 0.843, 0.811, 0.85, 0.811, 0.89, 0.74, 0.748, 0.835, 0.882, 0.866, 0.748, 0.803, 0.89, 0.898, 0.78, 0.858, 0.787, 0.827, 0.764, 0.843, 0.78, 0.819, 0.843, 0.858, 0.85, 0.764, 0.874, 0.921, 0.858, 0.898, 0.874, 0.85, 0.89, 0.693, 0.866, 0.843, 0.85, 0.843, 0.819, 0.835, 0.811, 0.898, 0.882, 0.913, 0.906, 0.843, 0.827, 0.913, 0.898]
0.847 0.046
20
[0.898, 0.898, 0.89, 0.827, 0.882, 0.835, 0.882, 0.906, 0.929, 0.913, 0.929, 0.795, 0.898, 0.882, 0.898, 0.913, 0.874, 0.827, 0.882, 0.906, 0.874, 0.866, 0.898, 0.874, 0.858, 0.866, 0.874, 0.906, 0.882, 0.89, 0.882, 0.906, 0.882, 0.906, 0.906, 0.898, 0.819, 0.882, 0.906, 0.843, 0.843, 0.898, 0.89, 0.898, 0.874, 0.795, 0.843, 0.913, 0.89, 0.898, 0.898, 0.906, 0.913, 0.866, 0.898, 0.89, 0.913, 0.772, 0.89, 0.898, 0.85, 0.898, 0.921, 0.913, 0.898, 0.89, 0.89, 0.89, 0.709, 0.843, 0.921, 0.866, 0.906, 0.882, 0.898, 0.921, 0.858, 0.874, 0.874, 0.882, 0.913, 0.898, 0.843, 0.937, 0.819, 0.89, 0.906, 0.898, 0.882, 0.906, 0.906, 0.882, 0.913, 0.906, 0.882, 0.89, 0.898, 0.85, 0.85, 0.882]
0.882 0.035
40
[0.913, 0.906, 0.937, 0.929, 0.913, 0.913, 0.921, 0.929, 0.874, 0.945, 0.898, 0.913, 0.945, 0.921, 0.929, 0.898, 0.921, 0.945, 0.906, 0.898, 0.913, 0.89, 0.921, 0.921, 0.913, 0.929, 0.913, 0.89, 0.921, 0.937, 0.898, 0.945, 0.89, 0.921, 0.921, 0.929, 0.898, 0.929, 0.953, 0.921, 0.921, 0.906, 0.906, 0.89, 0.937, 0.913, 0.929, 0.898, 0.921, 0.89, 0.89, 0.929, 0.898, 0.906, 0.913, 0.913, 0.929, 0.913, 0.89, 0.913, 0.921, 0.906, 0.945, 0.945, 0.89, 0.921, 0.913, 0.913, 0.913, 0.945, 0.906, 0.913, 0.961, 0.937, 0.906, 0.906, 0.898, 0.929, 0.898, 0.937, 0.929, 0.882, 0.913, 0.913, 0.921, 0.921, 0.906, 0.921, 0.937, 0.882, 0.937, 0.929, 0.89, 0.945, 0.929, 0.89, 0.913, 0.882, 0.906, 0.906]
0.916 0.018
80
[0.929, 0.945, 0.929, 0.921, 0.945, 0.913, 0.913, 0.929, 0.921, 0.929, 0.89, 0.953, 0.929, 0.921, 0.921, 0.929, 0.921, 0.953, 0.89, 0.906, 0.921, 0.906, 0.945, 0.937, 0.921, 0.929, 0.921, 0.921, 0.921, 0.913, 0.929, 0.937, 0.929, 0.953, 0.953, 0.929, 0.921, 0.921, 0.929, 0.953, 0.929, 0.937, 0.913, 0.945, 0.953, 0.929, 0.937, 0.929, 0.937, 0.913, 0.945, 0.945, 0.937, 0.929, 0.937, 0.929, 0.937, 0.945, 0.961, 0.937, 0.913, 0.937, 0.937, 0.921, 0.913, 0.929, 0.921, 0.961, 0.929, 0.961, 0.906, 0.945, 0.937, 0.921, 0.921, 0.929, 0.929, 0.921, 0.913, 0.929, 0.961, 0.937, 0.937, 0.953, 0.929, 0.945, 0.929, 0.945, 0.937, 0.929, 0.929, 0.937, 0.929, 0.913, 0.945, 0.921, 0.906, 0.929, 0.945, 0.945]
0.931 0.014
126
[0.937, 0.929, 0.937, 0.929, 0.929, 0.929, 0.945, 0.937, 0.921, 0.929, 0.921, 0.921, 0.929, 0.929, 0.945, 0.937, 0.913, 0.929, 0.945, 0.921, 0.945, 0.945, 0.945, 0.937, 0.929, 0.945, 0.937, 0.945, 0.953, 0.929, 0.937, 0.937, 0.929, 0.937, 0.929, 0.953, 0.929, 0.913, 0.929, 0.961, 0.937, 0.945, 0.929, 0.953, 0.929, 0.929, 0.937, 0.937, 0.929, 0.929, 0.937, 0.937, 0.937, 0.921, 0.937, 0.921, 0.921, 0.945, 0.921, 0.913, 0.921, 0.945, 0.937, 0.945, 0.929, 0.945, 0.961, 0.953, 0.945, 0.961, 0.953, 0.929, 0.953, 0.953, 0.929, 0.937, 0.945, 0.921, 0.937, 0.945, 0.929, 0.953, 0.937, 0.937, 0.961, 0.937, 0.929, 0.953, 0.945, 0.945, 0.921, 0.945, 0.929, 0.929, 0.937, 0.953, 0.929, 0.945, 0.921, 0.921]
0.936 0.011
