double CF (0.6, 0.4)
3
[0.866, 0.811, 0.835, 0.827, 0.85, 0.835, 0.835, 0.78, 0.843, 0.85, 0.85, 0.835, 0.843, 0.843, 0.843, 0.85, 0.843, 0.882, 0.827, 0.874, 0.85, 0.811, 0.843, 0.874, 0.843, 0.787, 0.874, 0.843, 0.85, 0.89, 0.819, 0.795, 0.843, 0.819, 0.819, 0.819, 0.677, 0.843, 0.78, 0.843, 0.787, 0.843, 0.85, 0.819, 0.843, 0.835, 0.827, 0.85, 0.85, 0.858, 0.882, 0.787, 0.835, 0.811, 0.811, 0.858, 0.811, 0.85, 0.835, 0.874, 0.811, 0.843, 0.795, 0.866, 0.827, 0.827, 0.819, 0.866, 0.827, 0.85, 0.858, 0.835, 0.874, 0.819, 0.858, 0.85, 0.827, 0.819, 0.402, 0.85, 0.795, 0.882, 0.866, 0.803, 0.827, 0.866, 0.874, 0.843, 0.811, 0.858, 0.866, 0.795, 0.858, 0.85, 0.85, 0.843, 0.85, 0.85, 0.835, 0.858]
0.833 0.052
5
[0.819, 0.89, 0.819, 0.89, 0.874, 0.858, 0.898, 0.858, 0.866, 0.85, 0.866, 0.85, 0.835, 0.811, 0.835, 0.866, 0.819, 0.866, 0.866, 0.843, 0.882, 0.819, 0.858, 0.843, 0.827, 0.835, 0.858, 0.882, 0.85, 0.835, 0.819, 0.858, 0.835, 0.819, 0.866, 0.858, 0.85, 0.858, 0.827, 0.858, 0.858, 0.85, 0.843, 0.85, 0.819, 0.803, 0.819, 0.874, 0.843, 0.874, 0.866, 0.85, 0.874, 0.835, 0.882, 0.85, 0.803, 0.858, 0.835, 0.882, 0.866, 0.748, 0.843, 0.843, 0.827, 0.835, 0.866, 0.866, 0.819, 0.858, 0.811, 0.866, 0.874, 0.874, 0.858, 0.819, 0.858, 0.882, 0.819, 0.835, 0.858, 0.89, 0.843, 0.819, 0.882, 0.85, 0.866, 0.874, 0.858, 0.85, 0.835, 0.866, 0.858, 0.803, 0.85, 0.866, 0.89, 0.827, 0.787, 0.803]
0.848 0.026
10
[0.827, 0.843, 0.843, 0.843, 0.843, 0.874, 0.858, 0.874, 0.835, 0.748, 0.898, 0.882, 0.874, 0.858, 0.85, 0.85, 0.874, 0.874, 0.843, 0.85, 0.843, 0.819, 0.874, 0.89, 0.882, 0.882, 0.858, 0.89, 0.835, 0.843, 0.835, 0.866, 0.85, 0.882, 0.89, 0.866, 0.866, 0.858, 0.835, 0.85, 0.85, 0.843, 0.874, 0.835, 0.882, 0.85, 0.882, 0.858, 0.843, 0.827, 0.898, 0.882, 0.85, 0.882, 0.89, 0.858, 0.89, 0.835, 0.85, 0.866, 0.819, 0.89, 0.874, 0.874, 0.866, 0.874, 0.85, 0.874, 0.866, 0.85, 0.843, 0.843, 0.89, 0.866, 0.882, 0.866, 0.858, 0.866, 0.858, 0.843, 0.866, 0.843, 0.866, 0.85, 0.858, 0.85, 0.866, 0.858, 0.882, 0.843, 0.89, 0.874, 0.85, 0.882, 0.827, 0.858, 0.843, 0.882, 0.858, 0.874]
0.86 0.022
20
[0.882, 0.874, 0.874, 0.858, 0.906, 0.866, 0.866, 0.874, 0.882, 0.882, 0.882, 0.85, 0.89, 0.898, 0.874, 0.866, 0.874, 0.85, 0.858, 0.85, 0.89, 0.858, 0.858, 0.874, 0.85, 0.89, 0.882, 0.882, 0.811, 0.874, 0.866, 0.858, 0.858, 0.898, 0.882, 0.835, 0.858, 0.882, 0.874, 0.85, 0.843, 0.898, 0.866, 0.858, 0.866, 0.866, 0.858, 0.898, 0.874, 0.874, 0.858, 0.843, 0.882, 0.866, 0.866, 0.89, 0.866, 0.913, 0.882, 0.866, 0.89, 0.874, 0.874, 0.843, 0.866, 0.882, 0.835, 0.89, 0.898, 0.874, 0.85, 0.858, 0.882, 0.866, 0.835, 0.85, 0.866, 0.835, 0.866, 0.843, 0.89, 0.89, 0.874, 0.874, 0.866, 0.858, 0.858, 0.882, 0.89, 0.85, 0.85, 0.858, 0.874, 0.858, 0.858, 0.811, 0.843, 0.866, 0.858, 0.85]
0.868 0.019
40
[0.85, 0.882, 0.874, 0.882, 0.866, 0.85, 0.89, 0.882, 0.858, 0.874, 0.874, 0.882, 0.85, 0.866, 0.882, 0.882, 0.898, 0.866, 0.874, 0.882, 0.85, 0.874, 0.866, 0.843, 0.89, 0.866, 0.866, 0.843, 0.858, 0.858, 0.874, 0.85, 0.874, 0.85, 0.89, 0.874, 0.866, 0.874, 0.866, 0.898, 0.858, 0.89, 0.858, 0.906, 0.882, 0.874, 0.874, 0.843, 0.898, 0.898, 0.843, 0.874, 0.874, 0.858, 0.874, 0.874, 0.898, 0.866, 0.882, 0.913, 0.882, 0.874, 0.866, 0.874, 0.866, 0.89, 0.858, 0.866, 0.874, 0.858, 0.874, 0.89, 0.89, 0.89, 0.882, 0.89, 0.85, 0.882, 0.858, 0.874, 0.866, 0.858, 0.874, 0.843, 0.866, 0.882, 0.874, 0.835, 0.866, 0.835, 0.882, 0.882, 0.866, 0.843, 0.858, 0.898, 0.874, 0.89, 0.843, 0.858]
0.871 0.016
80
[0.874, 0.874, 0.85, 0.874, 0.89, 0.874, 0.858, 0.866, 0.858, 0.89, 0.874, 0.866, 0.827, 0.858, 0.882, 0.882, 0.898, 0.843, 0.882, 0.843, 0.874, 0.866, 0.874, 0.874, 0.874, 0.843, 0.866, 0.866, 0.874, 0.858, 0.843, 0.866, 0.835, 0.858, 0.866, 0.882, 0.866, 0.858, 0.898, 0.874, 0.85, 0.866, 0.882, 0.858, 0.866, 0.858, 0.858, 0.866, 0.866, 0.866, 0.843, 0.874, 0.866, 0.882, 0.882, 0.85, 0.882, 0.866, 0.858, 0.89, 0.882, 0.866, 0.89, 0.882, 0.882, 0.858, 0.866, 0.835, 0.874, 0.85, 0.874, 0.882, 0.858, 0.858, 0.866, 0.866, 0.874, 0.85, 0.882, 0.866, 0.89, 0.866, 0.906, 0.866, 0.866, 0.866, 0.85, 0.85, 0.835, 0.882, 0.858, 0.882, 0.89, 0.89, 0.898, 0.882, 0.866, 0.874, 0.874, 0.858]
0.869 0.015
126
[0.882, 0.874, 0.858, 0.866, 0.882, 0.898, 0.874, 0.843, 0.874, 0.866, 0.866, 0.866, 0.85, 0.858, 0.882, 0.882, 0.866, 0.866, 0.866, 0.858, 0.866, 0.882, 0.898, 0.874, 0.85, 0.858, 0.858, 0.858, 0.874, 0.803, 0.866, 0.882, 0.874, 0.882, 0.858, 0.866, 0.898, 0.874, 0.866, 0.866, 0.866, 0.866, 0.882, 0.874, 0.866, 0.882, 0.89, 0.882, 0.874, 0.866, 0.866, 0.866, 0.843, 0.866, 0.874, 0.882, 0.898, 0.874, 0.858, 0.866, 0.874, 0.882, 0.858, 0.898, 0.866, 0.866, 0.874, 0.866, 0.866, 0.882, 0.882, 0.866, 0.866, 0.882, 0.874, 0.874, 0.858, 0.866, 0.89, 0.874, 0.874, 0.858, 0.866, 0.858, 0.89, 0.85, 0.85, 0.882, 0.858, 0.85, 0.85, 0.858, 0.89, 0.866, 0.874, 0.858, 0.882, 0.89, 0.858, 0.85]
0.869 0.014

double CF (0.7, 0.3)
3
[0.85, 0.85, 0.85, 0.827, 0.89, 0.866, 0.866, 0.835, 0.898, 0.89, 0.858, 0.882, 0.866, 0.78, 0.78, 0.843, 0.787, 0.795, 0.85, 0.866, 0.843, 0.858, 0.811, 0.835, 0.835, 0.803, 0.866, 0.882, 0.811, 0.858, 0.89, 0.85, 0.756, 0.811, 0.803, 0.89, 0.835, 0.858, 0.827, 0.89, 0.882, 0.803, 0.858, 0.795, 0.835, 0.874, 0.835, 0.811, 0.827, 0.858, 0.843, 0.882, 0.858, 0.898, 0.819, 0.85, 0.827, 0.906, 0.843, 0.795, 0.874, 0.795, 0.858, 0.866, 0.835, 0.858, 0.89, 0.827, 0.85, 0.827, 0.89, 0.866, 0.85, 0.858, 0.843, 0.882, 0.827, 0.874, 0.85, 0.764, 0.787, 0.843, 0.772, 0.858, 0.882, 0.827, 0.874, 0.827, 0.835, 0.858, 0.843, 0.835, 0.85, 0.835, 0.819, 0.827, 0.835, 0.882, 0.882, 0.898]
0.845 0.033
5
[0.858, 0.874, 0.843, 0.882, 0.835, 0.858, 0.843, 0.874, 0.827, 0.843, 0.858, 0.858, 0.866, 0.874, 0.803, 0.835, 0.843, 0.858, 0.866, 0.866, 0.843, 0.874, 0.898, 0.85, 0.874, 0.827, 0.874, 0.874, 0.898, 0.827, 0.874, 0.866, 0.882, 0.827, 0.843, 0.85, 0.85, 0.795, 0.866, 0.843, 0.835, 0.858, 0.858, 0.843, 0.843, 0.866, 0.866, 0.858, 0.89, 0.866, 0.835, 0.835, 0.874, 0.843, 0.843, 0.85, 0.858, 0.874, 0.85, 0.874, 0.85, 0.827, 0.874, 0.874, 0.89, 0.85, 0.85, 0.898, 0.874, 0.874, 0.874, 0.882, 0.89, 0.85, 0.874, 0.866, 0.85, 0.866, 0.85, 0.89, 0.85, 0.843, 0.827, 0.882, 0.858, 0.85, 0.882, 0.843, 0.85, 0.835, 0.874, 0.858, 0.819, 0.906, 0.85, 0.827, 0.85, 0.874, 0.858, 0.874]
0.858 0.021
10
[0.843, 0.882, 0.882, 0.843, 0.866, 0.89, 0.906, 0.89, 0.843, 0.882, 0.843, 0.866, 0.858, 0.85, 0.882, 0.748, 0.843, 0.858, 0.858, 0.866, 0.874, 0.85, 0.85, 0.89, 0.89, 0.898, 0.874, 0.858, 0.874, 0.843, 0.843, 0.858, 0.882, 0.85, 0.874, 0.866, 0.866, 0.85, 0.858, 0.835, 0.843, 0.843, 0.85, 0.866, 0.858, 0.874, 0.89, 0.882, 0.898, 0.898, 0.843, 0.858, 0.843, 0.874, 0.858, 0.843, 0.811, 0.898, 0.89, 0.85, 0.906, 0.858, 0.866, 0.85, 0.858, 0.882, 0.874, 0.874, 0.874, 0.866, 0.874, 0.882, 0.764, 0.89, 0.89, 0.858, 0.819, 0.811, 0.882, 0.874, 0.866, 0.811, 0.866, 0.89, 0.882, 0.866, 0.866, 0.858, 0.866, 0.85, 0.89, 0.874, 0.858, 0.858, 0.898, 0.858, 0.843, 0.874, 0.827, 0.843]
0.862 0.026
20
[0.882, 0.898, 0.843, 0.929, 0.795, 0.89, 0.85, 0.866, 0.827, 0.898, 0.866, 0.898, 0.898, 0.898, 0.819, 0.866, 0.78, 0.858, 0.906, 0.858, 0.882, 0.898, 0.874, 0.882, 0.858, 0.866, 0.882, 0.866, 0.866, 0.866, 0.843, 0.866, 0.89, 0.89, 0.882, 0.874, 0.913, 0.85, 0.874, 0.882, 0.874, 0.85, 0.843, 0.89, 0.874, 0.85, 0.874, 0.898, 0.866, 0.874, 0.874, 0.858, 0.89, 0.89, 0.882, 0.866, 0.882, 0.882, 0.874, 0.874, 0.866, 0.858, 0.882, 0.89, 0.827, 0.858, 0.874, 0.858, 0.85, 0.89, 0.882, 0.882, 0.858, 0.874, 0.85, 0.874, 0.89, 0.866, 0.874, 0.874, 0.866, 0.866, 0.898, 0.874, 0.882, 0.866, 0.89, 0.906, 0.874, 0.882, 0.874, 0.89, 0.85, 0.85, 0.843, 0.858, 0.858, 0.866, 0.882, 0.898]
0.871 0.022
40
[0.89, 0.89, 0.858, 0.866, 0.913, 0.898, 0.874, 0.866, 0.866, 0.874, 0.858, 0.882, 0.874, 0.89, 0.874, 0.843, 0.866, 0.882, 0.898, 0.874, 0.874, 0.882, 0.874, 0.874, 0.898, 0.882, 0.866, 0.906, 0.898, 0.898, 0.858, 0.866, 0.898, 0.874, 0.866, 0.898, 0.906, 0.898, 0.898, 0.882, 0.85, 0.874, 0.843, 0.89, 0.89, 0.89, 0.866, 0.89, 0.913, 0.89, 0.874, 0.85, 0.866, 0.906, 0.874, 0.866, 0.898, 0.866, 0.866, 0.85, 0.882, 0.898, 0.874, 0.898, 0.811, 0.913, 0.874, 0.89, 0.866, 0.882, 0.89, 0.906, 0.89, 0.898, 0.874, 0.874, 0.882, 0.882, 0.882, 0.874, 0.843, 0.85, 0.874, 0.89, 0.874, 0.882, 0.866, 0.882, 0.898, 0.858, 0.874, 0.866, 0.89, 0.874, 0.89, 0.85, 0.89, 0.898, 0.874, 0.882]
0.879 0.018
80
[0.866, 0.858, 0.898, 0.874, 0.85, 0.85, 0.874, 0.866, 0.898, 0.866, 0.898, 0.874, 0.89, 0.858, 0.906, 0.874, 0.89, 0.874, 0.858, 0.913, 0.882, 0.906, 0.866, 0.882, 0.89, 0.898, 0.866, 0.874, 0.906, 0.89, 0.866, 0.898, 0.89, 0.874, 0.906, 0.913, 0.874, 0.882, 0.858, 0.874, 0.85, 0.89, 0.898, 0.858, 0.89, 0.874, 0.906, 0.874, 0.882, 0.89, 0.874, 0.898, 0.882, 0.921, 0.874, 0.874, 0.882, 0.874, 0.882, 0.89, 0.89, 0.906, 0.898, 0.898, 0.882, 0.906, 0.921, 0.906, 0.882, 0.874, 0.874, 0.858, 0.882, 0.882, 0.874, 0.89, 0.906, 0.874, 0.89, 0.89, 0.874, 0.866, 0.85, 0.866, 0.874, 0.906, 0.866, 0.89, 0.866, 0.89, 0.906, 0.882, 0.882, 0.89, 0.906, 0.882, 0.874, 0.882, 0.89, 0.898]
0.883 0.016
126
[0.89, 0.906, 0.89, 0.882, 0.882, 0.882, 0.89, 0.898, 0.882, 0.898, 0.882, 0.89, 0.882, 0.89, 0.874, 0.866, 0.906, 0.882, 0.874, 0.874, 0.898, 0.913, 0.898, 0.89, 0.89, 0.89, 0.89, 0.89, 0.89, 0.874, 0.89, 0.898, 0.866, 0.906, 0.882, 0.89, 0.882, 0.89, 0.89, 0.874, 0.89, 0.882, 0.866, 0.882, 0.882, 0.89, 0.882, 0.89, 0.874, 0.866, 0.882, 0.89, 0.89, 0.874, 0.89, 0.89, 0.906, 0.874, 0.89, 0.882, 0.898, 0.898, 0.882, 0.89, 0.874, 0.882, 0.882, 0.913, 0.89, 0.874, 0.874, 0.874, 0.874, 0.874, 0.882, 0.898, 0.882, 0.906, 0.866, 0.898, 0.89, 0.898, 0.882, 0.874, 0.882, 0.874, 0.906, 0.898, 0.89, 0.882, 0.882, 0.906, 0.898, 0.898, 0.866, 0.89, 0.906, 0.874, 0.89, 0.874]
0.887 0.011

double CF (0.8, 0.2)
3
[0.882, 0.843, 0.866, 0.85, 0.85, 0.866, 0.866, 0.89, 0.811, 0.85, 0.835, 0.882, 0.843, 0.85, 0.811, 0.843, 0.858, 0.819, 0.843, 0.764, 0.835, 0.85, 0.866, 0.858, 0.827, 0.85, 0.835, 0.819, 0.85, 0.874, 0.811, 0.835, 0.819, 0.827, 0.866, 0.835, 0.835, 0.843, 0.882, 0.866, 0.819, 0.882, 0.835, 0.819, 0.858, 0.819, 0.874, 0.89, 0.819, 0.85, 0.709, 0.764, 0.85, 0.811, 0.858, 0.843, 0.858, 0.85, 0.866, 0.858, 0.835, 0.803, 0.882, 0.858, 0.843, 0.772, 0.756, 0.819, 0.827, 0.827, 0.858, 0.85, 0.874, 0.795, 0.85, 0.803, 0.843, 0.882, 0.858, 0.874, 0.866, 0.843, 0.787, 0.811, 0.85, 0.858, 0.74, 0.827, 0.882, 0.874, 0.858, 0.843, 0.858, 0.85, 0.858, 0.811, 0.843, 0.866, 0.874, 0.843]
0.841 0.032
5
[0.819, 0.866, 0.89, 0.843, 0.89, 0.795, 0.882, 0.811, 0.858, 0.858, 0.866, 0.866, 0.858, 0.85, 0.858, 0.882, 0.835, 0.866, 0.866, 0.866, 0.89, 0.835, 0.882, 0.866, 0.819, 0.874, 0.85, 0.858, 0.89, 0.827, 0.866, 0.882, 0.882, 0.882, 0.819, 0.827, 0.85, 0.866, 0.858, 0.866, 0.866, 0.89, 0.874, 0.843, 0.866, 0.85, 0.874, 0.85, 0.843, 0.835, 0.827, 0.874, 0.858, 0.811, 0.835, 0.882, 0.898, 0.866, 0.85, 0.882, 0.866, 0.874, 0.85, 0.819, 0.866, 0.866, 0.85, 0.843, 0.843, 0.843, 0.882, 0.89, 0.85, 0.843, 0.843, 0.874, 0.89, 0.882, 0.882, 0.874, 0.882, 0.866, 0.858, 0.874, 0.882, 0.89, 0.843, 0.882, 0.811, 0.858, 0.866, 0.882, 0.866, 0.858, 0.906, 0.843, 0.866, 0.89, 0.85, 0.866]
0.861 0.022
10
[0.866, 0.89, 0.866, 0.866, 0.89, 0.874, 0.866, 0.874, 0.882, 0.858, 0.858, 0.85, 0.85, 0.874, 0.803, 0.882, 0.811, 0.882, 0.913, 0.898, 0.85, 0.85, 0.874, 0.874, 0.89, 0.85, 0.772, 0.874, 0.843, 0.843, 0.866, 0.874, 0.811, 0.874, 0.811, 0.882, 0.874, 0.89, 0.874, 0.858, 0.843, 0.898, 0.882, 0.874, 0.874, 0.874, 0.85, 0.874, 0.874, 0.906, 0.835, 0.882, 0.866, 0.874, 0.85, 0.89, 0.874, 0.858, 0.882, 0.85, 0.819, 0.874, 0.85, 0.874, 0.85, 0.866, 0.882, 0.874, 0.866, 0.906, 0.882, 0.858, 0.89, 0.866, 0.858, 0.874, 0.85, 0.906, 0.858, 0.866, 0.882, 0.795, 0.882, 0.874, 0.874, 0.874, 0.858, 0.843, 0.874, 0.89, 0.803, 0.827, 0.866, 0.898, 0.874, 0.858, 0.866, 0.866, 0.866, 0.85]
0.865 0.024
20
[0.874, 0.858, 0.882, 0.898, 0.89, 0.866, 0.89, 0.858, 0.874, 0.827, 0.882, 0.866, 0.874, 0.882, 0.858, 0.803, 0.906, 0.89, 0.906, 0.874, 0.898, 0.874, 0.882, 0.882, 0.89, 0.874, 0.858, 0.874, 0.898, 0.874, 0.874, 0.866, 0.874, 0.906, 0.874, 0.874, 0.85, 0.882, 0.898, 0.874, 0.874, 0.906, 0.898, 0.843, 0.874, 0.78, 0.882, 0.858, 0.858, 0.858, 0.85, 0.882, 0.89, 0.866, 0.85, 0.874, 0.882, 0.866, 0.882, 0.866, 0.882, 0.906, 0.882, 0.78, 0.906, 0.874, 0.874, 0.866, 0.866, 0.843, 0.874, 0.764, 0.89, 0.89, 0.89, 0.866, 0.898, 0.858, 0.858, 0.866, 0.89, 0.882, 0.874, 0.866, 0.874, 0.89, 0.898, 0.882, 0.866, 0.898, 0.898, 0.874, 0.85, 0.898, 0.874, 0.898, 0.882, 0.874, 0.882, 0.882]
0.873 0.025
40
[0.882, 0.874, 0.89, 0.89, 0.874, 0.89, 0.882, 0.89, 0.874, 0.89, 0.89, 0.89, 0.843, 0.906, 0.882, 0.843, 0.882, 0.898, 0.874, 0.882, 0.89, 0.866, 0.882, 0.882, 0.898, 0.89, 0.858, 0.866, 0.874, 0.906, 0.898, 0.874, 0.89, 0.882, 0.843, 0.882, 0.858, 0.882, 0.898, 0.874, 0.866, 0.906, 0.921, 0.898, 0.89, 0.858, 0.921, 0.898, 0.898, 0.89, 0.906, 0.882, 0.843, 0.866, 0.866, 0.882, 0.874, 0.874, 0.882, 0.882, 0.89, 0.913, 0.866, 0.866, 0.874, 0.89, 0.89, 0.882, 0.882, 0.874, 0.866, 0.89, 0.866, 0.882, 0.803, 0.89, 0.874, 0.898, 0.882, 0.898, 0.874, 0.882, 0.858, 0.89, 0.89, 0.858, 0.89, 0.898, 0.898, 0.882, 0.906, 0.874, 0.921, 0.874, 0.882, 0.866, 0.898, 0.898, 0.882, 0.913]
0.882 0.018
80
[0.913, 0.89, 0.866, 0.874, 0.866, 0.866, 0.874, 0.882, 0.874, 0.89, 0.89, 0.906, 0.906, 0.85, 0.89, 0.89, 0.898, 0.89, 0.913, 0.898, 0.906, 0.874, 0.906, 0.89, 0.89, 0.89, 0.874, 0.874, 0.882, 0.866, 0.89, 0.906, 0.882, 0.898, 0.882, 0.89, 0.882, 0.89, 0.874, 0.89, 0.882, 0.898, 0.858, 0.882, 0.866, 0.89, 0.843, 0.866, 0.874, 0.89, 0.89, 0.866, 0.89, 0.866, 0.874, 0.882, 0.89, 0.898, 0.858, 0.921, 0.89, 0.89, 0.882, 0.882, 0.898, 0.89, 0.906, 0.913, 0.906, 0.882, 0.882, 0.866, 0.827, 0.89, 0.89, 0.898, 0.866, 0.882, 0.89, 0.906, 0.866, 0.874, 0.906, 0.898, 0.882, 0.89, 0.898, 0.882, 0.882, 0.89, 0.874, 0.906, 0.882, 0.906, 0.866, 0.913, 0.874, 0.882, 0.89, 0.89]
0.885 0.016
126
[0.874, 0.913, 0.906, 0.898, 0.882, 0.921, 0.898, 0.874, 0.882, 0.882, 0.882, 0.882, 0.882, 0.89, 0.89, 0.874, 0.898, 0.89, 0.906, 0.89, 0.874, 0.89, 0.866, 0.882, 0.882, 0.89, 0.913, 0.89, 0.874, 0.882, 0.898, 0.913, 0.898, 0.906, 0.89, 0.882, 0.906, 0.882, 0.89, 0.898, 0.866, 0.89, 0.882, 0.866, 0.874, 0.882, 0.882, 0.858, 0.89, 0.89, 0.913, 0.89, 0.882, 0.882, 0.898, 0.906, 0.898, 0.866, 0.866, 0.89, 0.874, 0.906, 0.89, 0.866, 0.89, 0.882, 0.898, 0.89, 0.89, 0.882, 0.898, 0.89, 0.913, 0.882, 0.89, 0.89, 0.882, 0.898, 0.882, 0.874, 0.898, 0.874, 0.882, 0.882, 0.906, 0.874, 0.874, 0.89, 0.882, 0.921, 0.866, 0.906, 0.898, 0.858, 0.866, 0.898, 0.874, 0.874, 0.874, 0.874]
0.887 0.014

double CF (0.9, 0.1)
3
[0.874, 0.874, 0.89, 0.874, 0.835, 0.827, 0.85, 0.85, 0.858, 0.85, 0.843, 0.866, 0.858, 0.843, 0.85, 0.819, 0.866, 0.874, 0.866, 0.882, 0.874, 0.866, 0.835, 0.882, 0.858, 0.866, 0.787, 0.874, 0.85, 0.843, 0.89, 0.89, 0.858, 0.756, 0.858, 0.787, 0.874, 0.835, 0.874, 0.882, 0.85, 0.906, 0.866, 0.874, 0.811, 0.811, 0.89, 0.827, 0.843, 0.827, 0.866, 0.874, 0.882, 0.858, 0.843, 0.843, 0.819, 0.835, 0.866, 0.866, 0.843, 0.827, 0.843, 0.858, 0.795, 0.819, 0.858, 0.882, 0.772, 0.89, 0.89, 0.811, 0.803, 0.866, 0.858, 0.811, 0.874, 0.882, 0.843, 0.835, 0.89, 0.827, 0.835, 0.795, 0.874, 0.882, 0.858, 0.858, 0.811, 0.866, 0.827, 0.85, 0.835, 0.858, 0.858, 0.819, 0.827, 0.78, 0.866, 0.89]
0.85 0.03
5
[0.85, 0.835, 0.835, 0.858, 0.89, 0.906, 0.85, 0.835, 0.882, 0.827, 0.866, 0.843, 0.819, 0.89, 0.843, 0.811, 0.811, 0.819, 0.89, 0.858, 0.858, 0.843, 0.843, 0.874, 0.866, 0.858, 0.858, 0.858, 0.898, 0.85, 0.858, 0.85, 0.835, 0.866, 0.827, 0.882, 0.874, 0.882, 0.866, 0.866, 0.866, 0.89, 0.874, 0.803, 0.85, 0.843, 0.866, 0.835, 0.874, 0.866, 0.866, 0.874, 0.803, 0.866, 0.843, 0.882, 0.882, 0.866, 0.906, 0.866, 0.787, 0.858, 0.866, 0.78, 0.843, 0.803, 0.85, 0.835, 0.858, 0.827, 0.866, 0.882, 0.882, 0.882, 0.866, 0.858, 0.803, 0.858, 0.866, 0.882, 0.898, 0.85, 0.866, 0.803, 0.835, 0.795, 0.874, 0.827, 0.85, 0.898, 0.882, 0.866, 0.858, 0.819, 0.795, 0.843, 0.858, 0.866, 0.858, 0.787]
0.853 0.028
10
[0.874, 0.874, 0.882, 0.898, 0.85, 0.898, 0.89, 0.874, 0.819, 0.866, 0.85, 0.858, 0.874, 0.874, 0.898, 0.772, 0.866, 0.882, 0.835, 0.85, 0.882, 0.858, 0.85, 0.843, 0.787, 0.874, 0.85, 0.882, 0.843, 0.882, 0.827, 0.858, 0.874, 0.795, 0.89, 0.882, 0.772, 0.811, 0.858, 0.85, 0.85, 0.89, 0.803, 0.882, 0.874, 0.866, 0.882, 0.85, 0.898, 0.843, 0.874, 0.843, 0.882, 0.827, 0.874, 0.843, 0.882, 0.732, 0.874, 0.874, 0.866, 0.874, 0.858, 0.866, 0.85, 0.898, 0.882, 0.811, 0.882, 0.882, 0.858, 0.819, 0.858, 0.874, 0.898, 0.827, 0.85, 0.866, 0.85, 0.866, 0.882, 0.882, 0.882, 0.882, 0.811, 0.866, 0.85, 0.882, 0.874, 0.882, 0.89, 0.89, 0.882, 0.874, 0.85, 0.882, 0.85, 0.858, 0.78, 0.874]
0.86 0.031
20
[0.858, 0.882, 0.89, 0.882, 0.858, 0.89, 0.866, 0.874, 0.913, 0.874, 0.858, 0.882, 0.874, 0.882, 0.921, 0.874, 0.874, 0.85, 0.874, 0.803, 0.866, 0.803, 0.866, 0.85, 0.858, 0.882, 0.874, 0.89, 0.906, 0.898, 0.898, 0.835, 0.866, 0.898, 0.874, 0.906, 0.882, 0.882, 0.811, 0.85, 0.866, 0.882, 0.913, 0.858, 0.866, 0.898, 0.89, 0.866, 0.835, 0.858, 0.858, 0.874, 0.874, 0.835, 0.866, 0.898, 0.898, 0.866, 0.874, 0.858, 0.89, 0.89, 0.835, 0.921, 0.866, 0.866, 0.89, 0.858, 0.866, 0.819, 0.866, 0.898, 0.843, 0.874, 0.866, 0.882, 0.89, 0.874, 0.89, 0.89, 0.858, 0.874, 0.89, 0.858, 0.906, 0.866, 0.803, 0.89, 0.89, 0.89, 0.882, 0.882, 0.795, 0.874, 0.882, 0.882, 0.89, 0.898, 0.874, 0.89]
0.873 0.025
40
[0.843, 0.898, 0.89, 0.906, 0.89, 0.913, 0.906, 0.89, 0.921, 0.898, 0.898, 0.874, 0.906, 0.89, 0.882, 0.882, 0.921, 0.732, 0.874, 0.858, 0.89, 0.898, 0.866, 0.898, 0.874, 0.882, 0.882, 0.882, 0.89, 0.866, 0.882, 0.89, 0.882, 0.89, 0.89, 0.866, 0.89, 0.898, 0.874, 0.89, 0.898, 0.874, 0.866, 0.89, 0.898, 0.906, 0.882, 0.898, 0.866, 0.882, 0.874, 0.89, 0.906, 0.89, 0.89, 0.89, 0.898, 0.913, 0.906, 0.874, 0.89, 0.89, 0.882, 0.898, 0.866, 0.906, 0.874, 0.874, 0.913, 0.874, 0.874, 0.85, 0.866, 0.89, 0.882, 0.874, 0.882, 0.906, 0.913, 0.906, 0.898, 0.89, 0.898, 0.866, 0.89, 0.874, 0.89, 0.866, 0.858, 0.898, 0.898, 0.874, 0.882, 0.898, 0.874, 0.882, 0.898, 0.898, 0.898, 0.874]
0.886 0.022
80
[0.89, 0.85, 0.882, 0.898, 0.882, 0.898, 0.866, 0.89, 0.858, 0.906, 0.921, 0.913, 0.874, 0.89, 0.882, 0.874, 0.906, 0.874, 0.89, 0.882, 0.89, 0.898, 0.882, 0.85, 0.874, 0.89, 0.882, 0.89, 0.89, 0.898, 0.906, 0.882, 0.898, 0.874, 0.898, 0.89, 0.866, 0.874, 0.898, 0.89, 0.898, 0.874, 0.882, 0.874, 0.89, 0.874, 0.929, 0.882, 0.866, 0.921, 0.882, 0.89, 0.898, 0.906, 0.882, 0.89, 0.89, 0.858, 0.906, 0.882, 0.906, 0.874, 0.898, 0.913, 0.874, 0.898, 0.85, 0.874, 0.89, 0.874, 0.898, 0.882, 0.898, 0.85, 0.898, 0.906, 0.89, 0.89, 0.898, 0.866, 0.89, 0.874, 0.898, 0.913, 0.866, 0.898, 0.89, 0.906, 0.906, 0.874, 0.882, 0.882, 0.882, 0.882, 0.898, 0.913, 0.874, 0.898, 0.898, 0.866]
0.887 0.016
126
[0.882, 0.906, 0.898, 0.906, 0.882, 0.882, 0.874, 0.882, 0.898, 0.898, 0.89, 0.89, 0.882, 0.898, 0.874, 0.874, 0.898, 0.898, 0.874, 0.89, 0.874, 0.89, 0.906, 0.89, 0.898, 0.898, 0.89, 0.898, 0.898, 0.898, 0.89, 0.866, 0.898, 0.874, 0.89, 0.89, 0.906, 0.89, 0.89, 0.898, 0.882, 0.906, 0.874, 0.89, 0.898, 0.89, 0.906, 0.882, 0.898, 0.89, 0.882, 0.882, 0.882, 0.882, 0.89, 0.882, 0.89, 0.898, 0.874, 0.882, 0.89, 0.898, 0.906, 0.882, 0.906, 0.866, 0.89, 0.89, 0.89, 0.89, 0.882, 0.89, 0.882, 0.906, 0.913, 0.843, 0.89, 0.906, 0.874, 0.906, 0.874, 0.866, 0.906, 0.898, 0.898, 0.866, 0.906, 0.898, 0.89, 0.89, 0.898, 0.898, 0.866, 0.898, 0.882, 0.906, 0.898, 0.906, 0.913, 0.913]
0.89 0.013

