double CF  (0.4, 0.6)
3
[0.866, 0.874, 0.898, 0.866, 0.921, 0.858, 0.858, 0.811, 0.866, 0.874, 0.874, 0.866, 0.882, 0.906, 0.803, 0.858, 0.882, 0.89, 0.866, 0.874, 0.858, 0.835, 0.866, 0.85, 0.898, 0.85, 0.819, 0.874, 0.866, 0.819, 0.898, 0.803, 0.85, 0.843, 0.866, 0.882, 0.866, 0.85, 0.882, 0.827, 0.858, 0.843, 0.85, 0.858, 0.858, 0.89, 0.827, 0.78, 0.898, 0.898, 0.843, 0.898, 0.866, 0.898, 0.85, 0.827, 0.866, 0.866, 0.89, 0.906, 0.858, 0.858, 0.898, 0.89, 0.874, 0.85, 0.866, 0.85, 0.913, 0.866, 0.858, 0.819, 0.866, 0.874, 0.866, 0.85, 0.882, 0.882, 0.858, 0.874, 0.874, 0.882, 0.898, 0.843, 0.843, 0.882, 0.89, 0.858, 0.882, 0.874, 0.819, 0.843, 0.89, 0.882, 0.827, 0.866, 0.913, 0.89, 0.866, 0.874]
0.865 0.026
5
[0.866, 0.89, 0.898, 0.906, 0.906, 0.85, 0.874, 0.85, 0.882, 0.874, 0.819, 0.874, 0.874, 0.866, 0.866, 0.835, 0.89, 0.858, 0.866, 0.843, 0.898, 0.858, 0.898, 0.874, 0.906, 0.85, 0.898, 0.882, 0.898, 0.843, 0.85, 0.866, 0.929, 0.906, 0.913, 0.85, 0.819, 0.89, 0.866, 0.882, 0.882, 0.906, 0.89, 0.882, 0.858, 0.929, 0.906, 0.882, 0.882, 0.874, 0.874, 0.882, 0.85, 0.85, 0.858, 0.843, 0.906, 0.898, 0.89, 0.913, 0.827, 0.89, 0.858, 0.85, 0.906, 0.882, 0.898, 0.85, 0.858, 0.906, 0.89, 0.882, 0.858, 0.913, 0.913, 0.898, 0.898, 0.858, 0.89, 0.858, 0.89, 0.866, 0.913, 0.882, 0.858, 0.85, 0.906, 0.858, 0.882, 0.835, 0.89, 0.89, 0.882, 0.89, 0.843, 0.882, 0.882, 0.89, 0.913, 0.89]
0.878 0.024
10
[0.874, 0.874, 0.906, 0.913, 0.898, 0.898, 0.898, 0.913, 0.898, 0.866, 0.89, 0.89, 0.89, 0.874, 0.898, 0.929, 0.89, 0.906, 0.898, 0.882, 0.858, 0.89, 0.921, 0.898, 0.874, 0.89, 0.89, 0.906, 0.913, 0.913, 0.882, 0.906, 0.898, 0.882, 0.89, 0.89, 0.89, 0.906, 0.874, 0.89, 0.89, 0.89, 0.882, 0.898, 0.866, 0.882, 0.882, 0.906, 0.858, 0.874, 0.898, 0.882, 0.882, 0.874, 0.898, 0.906, 0.898, 0.874, 0.835, 0.882, 0.882, 0.89, 0.858, 0.913, 0.874, 0.89, 0.85, 0.882, 0.921, 0.906, 0.874, 0.866, 0.906, 0.882, 0.882, 0.913, 0.882, 0.882, 0.898, 0.874, 0.913, 0.882, 0.882, 0.906, 0.882, 0.89, 0.874, 0.898, 0.906, 0.921, 0.874, 0.882, 0.906, 0.89, 0.843, 0.913, 0.866, 0.89, 0.898, 0.866]
0.889 0.017
20
[0.89, 0.898, 0.906, 0.906, 0.898, 0.898, 0.89, 0.89, 0.898, 0.906, 0.89, 0.898, 0.89, 0.89, 0.898, 0.906, 0.882, 0.898, 0.882, 0.882, 0.913, 0.89, 0.898, 0.874, 0.882, 0.882, 0.898, 0.866, 0.89, 0.89, 0.921, 0.89, 0.906, 0.913, 0.906, 0.89, 0.882, 0.898, 0.937, 0.898, 0.874, 0.882, 0.921, 0.906, 0.882, 0.874, 0.913, 0.906, 0.913, 0.882, 0.913, 0.913, 0.921, 0.906, 0.929, 0.906, 0.898, 0.882, 0.906, 0.89, 0.866, 0.89, 0.89, 0.898, 0.89, 0.898, 0.906, 0.874, 0.874, 0.898, 0.89, 0.882, 0.89, 0.882, 0.882, 0.866, 0.874, 0.882, 0.921, 0.882, 0.906, 0.898, 0.913, 0.882, 0.898, 0.913, 0.866, 0.898, 0.921, 0.898, 0.906, 0.906, 0.89, 0.906, 0.929, 0.906, 0.882, 0.89, 0.906, 0.89]
0.896 0.015
40
[0.89, 0.874, 0.89, 0.906, 0.898, 0.929, 0.913, 0.89, 0.882, 0.913, 0.89, 0.898, 0.89, 0.882, 0.913, 0.89, 0.882, 0.898, 0.898, 0.882, 0.898, 0.898, 0.89, 0.937, 0.89, 0.906, 0.906, 0.89, 0.898, 0.89, 0.913, 0.882, 0.898, 0.913, 0.906, 0.882, 0.89, 0.906, 0.874, 0.89, 0.898, 0.866, 0.89, 0.898, 0.898, 0.89, 0.898, 0.866, 0.874, 0.929, 0.882, 0.937, 0.906, 0.89, 0.866, 0.913, 0.898, 0.882, 0.882, 0.874, 0.874, 0.882, 0.913, 0.882, 0.874, 0.882, 0.874, 0.929, 0.882, 0.89, 0.906, 0.906, 0.906, 0.89, 0.898, 0.898, 0.874, 0.882, 0.906, 0.89, 0.89, 0.882, 0.89, 0.882, 0.89, 0.898, 0.882, 0.913, 0.89, 0.89, 0.874, 0.898, 0.898, 0.89, 0.89, 0.89, 0.898, 0.898, 0.906, 0.906]
0.894 0.015
80
[0.89, 0.913, 0.89, 0.898, 0.898, 0.898, 0.906, 0.898, 0.913, 0.898, 0.89, 0.898, 0.89, 0.898, 0.882, 0.913, 0.937, 0.874, 0.89, 0.89, 0.906, 0.89, 0.906, 0.874, 0.89, 0.89, 0.906, 0.906, 0.874, 0.906, 0.913, 0.882, 0.882, 0.874, 0.866, 0.921, 0.874, 0.906, 0.898, 0.89, 0.898, 0.898, 0.898, 0.898, 0.906, 0.906, 0.906, 0.906, 0.921, 0.882, 0.898, 0.929, 0.898, 0.906, 0.882, 0.882, 0.906, 0.906, 0.898, 0.898, 0.89, 0.906, 0.929, 0.906, 0.906, 0.913, 0.898, 0.906, 0.913, 0.898, 0.882, 0.898, 0.89, 0.882, 0.906, 0.882, 0.882, 0.882, 0.882, 0.921, 0.882, 0.898, 0.898, 0.882, 0.89, 0.898, 0.906, 0.906, 0.898, 0.898, 0.906, 0.898, 0.898, 0.929, 0.89, 0.89, 0.866, 0.874, 0.906, 0.89]
0.897 0.014
126
[0.906, 0.906, 0.906, 0.906, 0.898, 0.906, 0.906, 0.89, 0.906, 0.906, 0.906, 0.898, 0.898, 0.913, 0.882, 0.913, 0.906, 0.898, 0.898, 0.898, 0.898, 0.898, 0.913, 0.898, 0.913, 0.906, 0.913, 0.906, 0.906, 0.898, 0.913, 0.89, 0.906, 0.906, 0.898, 0.898, 0.906, 0.898, 0.913, 0.913, 0.906, 0.913, 0.906, 0.906, 0.898, 0.906, 0.898, 0.898, 0.898, 0.898, 0.898, 0.906, 0.913, 0.906, 0.913, 0.882, 0.906, 0.898, 0.898, 0.898, 0.921, 0.921, 0.89, 0.921, 0.89, 0.898, 0.913, 0.898, 0.913, 0.913, 0.906, 0.906, 0.898, 0.906, 0.906, 0.898, 0.921, 0.898, 0.921, 0.906, 0.913, 0.906, 0.898, 0.906, 0.913, 0.913, 0.913, 0.898, 0.906, 0.906, 0.898, 0.906, 0.906, 0.913, 0.913, 0.898, 0.913, 0.906, 0.89, 0.898]
0.904 0.008

double CF (0.3, 0.7)
3
[0.874, 0.866, 0.898, 0.843, 0.85, 0.858, 0.866, 0.906, 0.898, 0.89, 0.819, 0.89, 0.85, 0.874, 0.866, 0.89, 0.89, 0.906, 0.835, 0.866, 0.874, 0.898, 0.866, 0.85, 0.882, 0.843, 0.874, 0.819, 0.882, 0.85, 0.866, 0.858, 0.858, 0.866, 0.866, 0.89, 0.843, 0.89, 0.882, 0.89, 0.929, 0.882, 0.803, 0.882, 0.827, 0.843, 0.898, 0.827, 0.906, 0.858, 0.85, 0.795, 0.795, 0.882, 0.858, 0.882, 0.874, 0.89, 0.858, 0.882, 0.811, 0.874, 0.835, 0.882, 0.85, 0.898, 0.906, 0.85, 0.874, 0.89, 0.898, 0.85, 0.866, 0.89, 0.913, 0.85, 0.811, 0.874, 0.866, 0.874, 0.835, 0.882, 0.866, 0.89, 0.874, 0.89, 0.874, 0.882, 0.85, 0.866, 0.866, 0.866, 0.89, 0.85, 0.85, 0.827, 0.89, 0.921, 0.866, 0.843]
0.867 0.027
5
[0.874, 0.874, 0.906, 0.89, 0.858, 0.913, 0.898, 0.913, 0.921, 0.913, 0.874, 0.89, 0.858, 0.898, 0.882, 0.906, 0.89, 0.937, 0.89, 0.882, 0.858, 0.913, 0.89, 0.882, 0.858, 0.921, 0.874, 0.913, 0.89, 0.89, 0.882, 0.906, 0.874, 0.874, 0.882, 0.906, 0.89, 0.882, 0.89, 0.913, 0.906, 0.89, 0.874, 0.913, 0.882, 0.906, 0.898, 0.898, 0.898, 0.882, 0.874, 0.921, 0.882, 0.89, 0.882, 0.89, 0.898, 0.906, 0.882, 0.89, 0.858, 0.866, 0.858, 0.843, 0.906, 0.898, 0.913, 0.882, 0.89, 0.898, 0.882, 0.906, 0.921, 0.882, 0.89, 0.89, 0.913, 0.898, 0.89, 0.882, 0.898, 0.874, 0.906, 0.906, 0.913, 0.906, 0.874, 0.89, 0.85, 0.89, 0.843, 0.874, 0.913, 0.787, 0.882, 0.898, 0.882, 0.866, 0.898, 0.882]
0.889 0.021
10
[0.866, 0.898, 0.906, 0.898, 0.913, 0.906, 0.921, 0.89, 0.921, 0.858, 0.913, 0.89, 0.85, 0.898, 0.89, 0.89, 0.874, 0.913, 0.906, 0.89, 0.898, 0.89, 0.874, 0.913, 0.89, 0.921, 0.882, 0.898, 0.921, 0.906, 0.898, 0.89, 0.906, 0.913, 0.89, 0.874, 0.898, 0.874, 0.89, 0.906, 0.913, 0.913, 0.866, 0.866, 0.898, 0.913, 0.898, 0.906, 0.882, 0.921, 0.906, 0.906, 0.882, 0.882, 0.882, 0.921, 0.874, 0.913, 0.906, 0.929, 0.898, 0.906, 0.906, 0.898, 0.913, 0.882, 0.866, 0.906, 0.906, 0.89, 0.921, 0.906, 0.913, 0.913, 0.913, 0.89, 0.913, 0.913, 0.89, 0.906, 0.906, 0.898, 0.898, 0.882, 0.882, 0.898, 0.898, 0.874, 0.906, 0.866, 0.882, 0.866, 0.882, 0.898, 0.906, 0.89, 0.858, 0.89, 0.882, 0.898]
0.896 0.017
20
[0.898, 0.921, 0.913, 0.906, 0.89, 0.921, 0.937, 0.906, 0.913, 0.913, 0.866, 0.921, 0.898, 0.882, 0.89, 0.906, 0.89, 0.921, 0.898, 0.906, 0.898, 0.898, 0.906, 0.906, 0.898, 0.906, 0.913, 0.898, 0.882, 0.898, 0.921, 0.906, 0.898, 0.89, 0.882, 0.898, 0.906, 0.898, 0.913, 0.898, 0.921, 0.906, 0.913, 0.898, 0.874, 0.913, 0.929, 0.898, 0.906, 0.913, 0.913, 0.906, 0.898, 0.913, 0.898, 0.898, 0.921, 0.898, 0.921, 0.89, 0.906, 0.882, 0.906, 0.874, 0.913, 0.89, 0.929, 0.921, 0.921, 0.913, 0.89, 0.882, 0.89, 0.882, 0.898, 0.898, 0.906, 0.89, 0.898, 0.929, 0.913, 0.898, 0.921, 0.898, 0.898, 0.898, 0.906, 0.906, 0.906, 0.898, 0.906, 0.898, 0.898, 0.89, 0.89, 0.906, 0.913, 0.913, 0.906, 0.89]
0.903 0.013
40
[0.937, 0.89, 0.906, 0.906, 0.913, 0.898, 0.906, 0.906, 0.898, 0.913, 0.898, 0.906, 0.921, 0.906, 0.89, 0.898, 0.906, 0.906, 0.913, 0.921, 0.906, 0.913, 0.913, 0.906, 0.906, 0.898, 0.929, 0.906, 0.906, 0.906, 0.898, 0.898, 0.898, 0.913, 0.89, 0.898, 0.898, 0.913, 0.906, 0.913, 0.906, 0.913, 0.906, 0.913, 0.906, 0.929, 0.929, 0.913, 0.898, 0.906, 0.906, 0.89, 0.913, 0.898, 0.921, 0.913, 0.921, 0.929, 0.906, 0.913, 0.906, 0.898, 0.906, 0.906, 0.913, 0.913, 0.906, 0.921, 0.89, 0.913, 0.906, 0.921, 0.913, 0.929, 0.921, 0.906, 0.937, 0.906, 0.898, 0.906, 0.913, 0.921, 0.906, 0.898, 0.921, 0.913, 0.929, 0.906, 0.921, 0.906, 0.906, 0.906, 0.906, 0.898, 0.913, 0.898, 0.89, 0.906, 0.913, 0.929]
0.909 0.01
80
[0.906, 0.898, 0.898, 0.921, 0.913, 0.913, 0.898, 0.913, 0.913, 0.913, 0.898, 0.921, 0.906, 0.898, 0.906, 0.898, 0.913, 0.906, 0.898, 0.898, 0.898, 0.921, 0.906, 0.913, 0.906, 0.929, 0.906, 0.898, 0.921, 0.89, 0.921, 0.913, 0.913, 0.913, 0.929, 0.906, 0.906, 0.898, 0.906, 0.921, 0.906, 0.913, 0.929, 0.913, 0.898, 0.906, 0.906, 0.906, 0.89, 0.913, 0.906, 0.913, 0.906, 0.913, 0.913, 0.906, 0.906, 0.921, 0.913, 0.898, 0.898, 0.913, 0.913, 0.913, 0.921, 0.937, 0.906, 0.913, 0.913, 0.913, 0.913, 0.913, 0.906, 0.921, 0.921, 0.898, 0.913, 0.913, 0.898, 0.898, 0.913, 0.913, 0.921, 0.913, 0.913, 0.906, 0.906, 0.906, 0.913, 0.929, 0.906, 0.906, 0.921, 0.929, 0.898, 0.913, 0.906, 0.921, 0.913, 0.913]
0.91 0.009
126
[0.921, 0.913, 0.906, 0.921, 0.906, 0.913, 0.913, 0.913, 0.913, 0.913, 0.913, 0.898, 0.913, 0.898, 0.913, 0.906, 0.913, 0.913, 0.913, 0.906, 0.913, 0.906, 0.913, 0.913, 0.906, 0.913, 0.906, 0.898, 0.898, 0.913, 0.906, 0.906, 0.921, 0.906, 0.913, 0.913, 0.913, 0.913, 0.906, 0.898, 0.906, 0.906, 0.906, 0.906, 0.921, 0.906, 0.906, 0.913, 0.921, 0.906, 0.906, 0.913, 0.898, 0.906, 0.921, 0.898, 0.906, 0.906, 0.906, 0.898, 0.898, 0.913, 0.913, 0.921, 0.898, 0.913, 0.913, 0.913, 0.906, 0.906, 0.913, 0.921, 0.906, 0.906, 0.913, 0.913, 0.913, 0.921, 0.921, 0.913, 0.913, 0.906, 0.906, 0.913, 0.906, 0.913, 0.913, 0.921, 0.906, 0.913, 0.913, 0.913, 0.898, 0.921, 0.898, 0.913, 0.913, 0.906, 0.906, 0.906]
0.91 0.006

double CF (0.2, 0.8)
3
[0.89, 0.89, 0.906, 0.913, 0.874, 0.906, 0.913, 0.882, 0.866, 0.866, 0.89, 0.874, 0.89, 0.906, 0.843, 0.858, 0.866, 0.858, 0.89, 0.866, 0.819, 0.898, 0.795, 0.795, 0.906, 0.921, 0.882, 0.858, 0.85, 0.874, 0.819, 0.827, 0.89, 0.913, 0.882, 0.85, 0.882, 0.882, 0.866, 0.795, 0.89, 0.803, 0.866, 0.85, 0.913, 0.906, 0.882, 0.898, 0.882, 0.866, 0.85, 0.858, 0.835, 0.898, 0.874, 0.874, 0.858, 0.882, 0.882, 0.898, 0.866, 0.882, 0.874, 0.866, 0.882, 0.803, 0.882, 0.874, 0.89, 0.906, 0.882, 0.811, 0.898, 0.827, 0.898, 0.843, 0.835, 0.89, 0.882, 0.882, 0.858, 0.89, 0.827, 0.874, 0.874, 0.858, 0.898, 0.866, 0.906, 0.882, 0.882, 0.866, 0.85, 0.89, 0.89, 0.898, 0.85, 0.882, 0.882, 0.866]
0.872 0.028
5
[0.906, 0.89, 0.921, 0.89, 0.874, 0.882, 0.882, 0.827, 0.906, 0.827, 0.882, 0.898, 0.898, 0.866, 0.874, 0.913, 0.882, 0.882, 0.843, 0.874, 0.89, 0.843, 0.874, 0.874, 0.882, 0.89, 0.866, 0.866, 0.843, 0.882, 0.906, 0.921, 0.898, 0.898, 0.803, 0.921, 0.882, 0.874, 0.85, 0.843, 0.898, 0.874, 0.882, 0.85, 0.89, 0.906, 0.89, 0.898, 0.835, 0.906, 0.866, 0.843, 0.866, 0.882, 0.89, 0.906, 0.882, 0.874, 0.898, 0.89, 0.874, 0.866, 0.921, 0.898, 0.882, 0.906, 0.89, 0.913, 0.874, 0.89, 0.866, 0.874, 0.898, 0.835, 0.906, 0.906, 0.89, 0.874, 0.882, 0.866, 0.898, 0.866, 0.89, 0.874, 0.89, 0.882, 0.89, 0.89, 0.898, 0.921, 0.898, 0.85, 0.89, 0.898, 0.913, 0.843, 0.913, 0.874, 0.89, 0.874]
0.882 0.023
10
[0.874, 0.906, 0.882, 0.898, 0.906, 0.898, 0.811, 0.843, 0.906, 0.874, 0.898, 0.906, 0.866, 0.906, 0.89, 0.898, 0.89, 0.906, 0.929, 0.882, 0.874, 0.898, 0.882, 0.906, 0.898, 0.906, 0.906, 0.874, 0.906, 0.906, 0.882, 0.89, 0.898, 0.913, 0.921, 0.913, 0.874, 0.898, 0.89, 0.89, 0.89, 0.906, 0.913, 0.89, 0.913, 0.874, 0.89, 0.921, 0.85, 0.89, 0.898, 0.874, 0.89, 0.89, 0.906, 0.898, 0.898, 0.921, 0.89, 0.898, 0.882, 0.882, 0.89, 0.787, 0.906, 0.929, 0.898, 0.913, 0.898, 0.913, 0.858, 0.913, 0.858, 0.827, 0.898, 0.913, 0.882, 0.906, 0.858, 0.913, 0.921, 0.89, 0.921, 0.882, 0.874, 0.913, 0.85, 0.882, 0.906, 0.866, 0.89, 0.921, 0.898, 0.89, 0.898, 0.874, 0.898, 0.866, 0.89, 0.89]
0.891 0.023
20
[0.921, 0.913, 0.921, 0.906, 0.906, 0.921, 0.906, 0.898, 0.906, 0.906, 0.921, 0.906, 0.921, 0.906, 0.898, 0.906, 0.882, 0.906, 0.913, 0.921, 0.913, 0.921, 0.913, 0.906, 0.913, 0.89, 0.906, 0.906, 0.882, 0.898, 0.921, 0.89, 0.89, 0.913, 0.929, 0.898, 0.906, 0.906, 0.913, 0.898, 0.89, 0.898, 0.913, 0.906, 0.89, 0.898, 0.898, 0.906, 0.898, 0.913, 0.906, 0.898, 0.921, 0.89, 0.921, 0.913, 0.913, 0.913, 0.882, 0.906, 0.906, 0.906, 0.906, 0.89, 0.945, 0.913, 0.945, 0.906, 0.89, 0.898, 0.913, 0.913, 0.906, 0.898, 0.89, 0.913, 0.89, 0.921, 0.906, 0.906, 0.906, 0.929, 0.913, 0.898, 0.929, 0.89, 0.906, 0.929, 0.906, 0.929, 0.882, 0.882, 0.898, 0.898, 0.898, 0.921, 0.913, 0.906, 0.898, 0.906]
0.907 0.013
40
[0.913, 0.89, 0.921, 0.906, 0.921, 0.89, 0.913, 0.913, 0.913, 0.921, 0.89, 0.906, 0.906, 0.89, 0.898, 0.913, 0.882, 0.913, 0.913, 0.921, 0.898, 0.921, 0.898, 0.906, 0.89, 0.913, 0.921, 0.906, 0.913, 0.898, 0.906, 0.906, 0.929, 0.921, 0.898, 0.882, 0.906, 0.906, 0.913, 0.913, 0.937, 0.921, 0.906, 0.913, 0.913, 0.898, 0.929, 0.929, 0.882, 0.898, 0.89, 0.921, 0.921, 0.929, 0.913, 0.913, 0.913, 0.921, 0.906, 0.906, 0.913, 0.898, 0.913, 0.898, 0.913, 0.913, 0.906, 0.898, 0.913, 0.898, 0.898, 0.898, 0.898, 0.921, 0.921, 0.898, 0.913, 0.921, 0.906, 0.898, 0.898, 0.906, 0.898, 0.906, 0.906, 0.89, 0.913, 0.898, 0.913, 0.921, 0.913, 0.913, 0.906, 0.913, 0.913, 0.898, 0.898, 0.906, 0.921, 0.866]
0.908 0.012
80
[0.906, 0.898, 0.906, 0.929, 0.906, 0.913, 0.898, 0.898, 0.913, 0.89, 0.921, 0.906, 0.906, 0.921, 0.906, 0.906, 0.921, 0.906, 0.921, 0.913, 0.913, 0.906, 0.906, 0.906, 0.89, 0.906, 0.898, 0.89, 0.913, 0.913, 0.906, 0.906, 0.898, 0.921, 0.913, 0.921, 0.89, 0.89, 0.921, 0.906, 0.913, 0.906, 0.89, 0.898, 0.882, 0.906, 0.945, 0.906, 0.906, 0.913, 0.898, 0.913, 0.921, 0.906, 0.906, 0.913, 0.921, 0.929, 0.898, 0.929, 0.906, 0.898, 0.906, 0.898, 0.898, 0.906, 0.906, 0.906, 0.898, 0.913, 0.906, 0.913, 0.898, 0.906, 0.913, 0.921, 0.921, 0.913, 0.921, 0.906, 0.898, 0.913, 0.929, 0.913, 0.898, 0.913, 0.913, 0.921, 0.89, 0.898, 0.921, 0.929, 0.913, 0.89, 0.906, 0.906, 0.898, 0.913, 0.906, 0.913]
0.908 0.011
126
[0.89, 0.898, 0.906, 0.913, 0.89, 0.906, 0.913, 0.906, 0.898, 0.913, 0.913, 0.906, 0.898, 0.898, 0.913, 0.898, 0.921, 0.906, 0.906, 0.913, 0.898, 0.913, 0.898, 0.906, 0.906, 0.898, 0.906, 0.898, 0.89, 0.906, 0.913, 0.898, 0.913, 0.906, 0.906, 0.906, 0.921, 0.898, 0.898, 0.913, 0.921, 0.913, 0.906, 0.913, 0.921, 0.898, 0.89, 0.906, 0.906, 0.906, 0.906, 0.921, 0.913, 0.906, 0.898, 0.913, 0.898, 0.913, 0.906, 0.913, 0.913, 0.913, 0.913, 0.898, 0.906, 0.89, 0.913, 0.898, 0.882, 0.906, 0.906, 0.906, 0.906, 0.913, 0.913, 0.913, 0.913, 0.89, 0.921, 0.898, 0.898, 0.906, 0.898, 0.898, 0.906, 0.906, 0.913, 0.913, 0.913, 0.906, 0.913, 0.913, 0.913, 0.906, 0.921, 0.921, 0.913, 0.913, 0.906, 0.898]
0.906 0.008


double CF (0.1, 0.9)
3
[0.89, 0.906, 0.874, 0.85, 0.874, 0.866, 0.898, 0.882, 0.85, 0.858, 0.882, 0.898, 0.89, 0.874, 0.898, 0.89, 0.913, 0.866, 0.85, 0.89, 0.929, 0.906, 0.874, 0.843, 0.898, 0.898, 0.835, 0.882, 0.906, 0.835, 0.874, 0.898, 0.898, 0.858, 0.906, 0.843, 0.89, 0.85, 0.858, 0.827, 0.906, 0.882, 0.921, 0.85, 0.866, 0.819, 0.858, 0.835, 0.843, 0.874, 0.921, 0.882, 0.89, 0.882, 0.89, 0.89, 0.874, 0.898, 0.882, 0.874, 0.843, 0.913, 0.882, 0.898, 0.882, 0.858, 0.898, 0.882, 0.866, 0.882, 0.866, 0.882, 0.866, 0.898, 0.858, 0.89, 0.866, 0.882, 0.906, 0.906, 0.906, 0.874, 0.858, 0.819, 0.89, 0.866, 0.906, 0.78, 0.898, 0.898, 0.898, 0.858, 0.866, 0.874, 0.882, 0.898, 0.89, 0.874, 0.874, 0.858]
0.877 0.025
5
[0.858, 0.898, 0.898, 0.913, 0.906, 0.866, 0.906, 0.913, 0.89, 0.85, 0.906, 0.882, 0.898, 0.89, 0.921, 0.89, 0.874, 0.819, 0.898, 0.874, 0.882, 0.906, 0.913, 0.843, 0.882, 0.866, 0.89, 0.906, 0.906, 0.882, 0.858, 0.874, 0.882, 0.866, 0.85, 0.882, 0.913, 0.906, 0.898, 0.85, 0.85, 0.882, 0.89, 0.898, 0.89, 0.89, 0.906, 0.858, 0.898, 0.913, 0.898, 0.89, 0.827, 0.89, 0.898, 0.858, 0.898, 0.882, 0.906, 0.898, 0.898, 0.906, 0.898, 0.89, 0.906, 0.906, 0.89, 0.913, 0.89, 0.898, 0.89, 0.898, 0.89, 0.819, 0.906, 0.858, 0.898, 0.921, 0.882, 0.85, 0.882, 0.89, 0.85, 0.843, 0.882, 0.89, 0.913, 0.89, 0.906, 0.874, 0.835, 0.89, 0.85, 0.921, 0.866, 0.898, 0.906, 0.913, 0.85, 0.866]
0.885 0.023
10
[0.882, 0.898, 0.913, 0.898, 0.89, 0.906, 0.906, 0.89, 0.89, 0.89, 0.898, 0.913, 0.906, 0.913, 0.898, 0.866, 0.874, 0.921, 0.906, 0.921, 0.906, 0.906, 0.921, 0.906, 0.921, 0.866, 0.898, 0.898, 0.906, 0.898, 0.858, 0.898, 0.921, 0.913, 0.89, 0.882, 0.89, 0.898, 0.898, 0.906, 0.89, 0.913, 0.906, 0.913, 0.906, 0.913, 0.89, 0.906, 0.921, 0.898, 0.858, 0.913, 0.913, 0.89, 0.882, 0.898, 0.913, 0.913, 0.882, 0.906, 0.921, 0.906, 0.843, 0.898, 0.906, 0.89, 0.835, 0.906, 0.898, 0.906, 0.898, 0.906, 0.906, 0.89, 0.898, 0.898, 0.874, 0.89, 0.913, 0.866, 0.874, 0.898, 0.921, 0.85, 0.913, 0.906, 0.89, 0.835, 0.898, 0.921, 0.913, 0.843, 0.89, 0.906, 0.929, 0.921, 0.89, 0.913, 0.874, 0.874]
0.897 0.02
20
[0.89, 0.906, 0.906, 0.906, 0.906, 0.913, 0.906, 0.921, 0.906, 0.913, 0.921, 0.898, 0.898, 0.898, 0.906, 0.898, 0.906, 0.913, 0.906, 0.866, 0.906, 0.906, 0.921, 0.89, 0.929, 0.898, 0.874, 0.898, 0.89, 0.921, 0.898, 0.882, 0.906, 0.85, 0.898, 0.906, 0.906, 0.898, 0.913, 0.913, 0.921, 0.882, 0.921, 0.929, 0.906, 0.85, 0.906, 0.898, 0.898, 0.913, 0.913, 0.89, 0.874, 0.913, 0.898, 0.913, 0.921, 0.89, 0.882, 0.921, 0.898, 0.913, 0.898, 0.89, 0.89, 0.913, 0.89, 0.913, 0.921, 0.921, 0.921, 0.913, 0.913, 0.913, 0.921, 0.906, 0.937, 0.913, 0.906, 0.898, 0.898, 0.89, 0.921, 0.898, 0.906, 0.906, 0.913, 0.89, 0.866, 0.906, 0.906, 0.898, 0.921, 0.913, 0.913, 0.882, 0.913, 0.89, 0.921, 0.906]
0.904 0.015
40
[0.913, 0.898, 0.913, 0.906, 0.906, 0.913, 0.898, 0.906, 0.913, 0.921, 0.921, 0.929, 0.898, 0.89, 0.898, 0.906, 0.913, 0.906, 0.913, 0.898, 0.898, 0.906, 0.921, 0.898, 0.913, 0.89, 0.913, 0.906, 0.906, 0.898, 0.913, 0.937, 0.929, 0.921, 0.882, 0.906, 0.898, 0.913, 0.913, 0.921, 0.921, 0.921, 0.898, 0.913, 0.913, 0.882, 0.89, 0.874, 0.929, 0.913, 0.929, 0.906, 0.913, 0.906, 0.937, 0.913, 0.913, 0.906, 0.913, 0.906, 0.898, 0.929, 0.906, 0.913, 0.913, 0.921, 0.906, 0.882, 0.921, 0.921, 0.929, 0.913, 0.906, 0.913, 0.913, 0.913, 0.906, 0.921, 0.921, 0.906, 0.921, 0.913, 0.898, 0.906, 0.913, 0.913, 0.906, 0.913, 0.906, 0.913, 0.906, 0.906, 0.906, 0.921, 0.866, 0.937, 0.906, 0.913, 0.882, 0.921]
0.91 0.013
80
[0.898, 0.906, 0.89, 0.913, 0.898, 0.898, 0.906, 0.937, 0.898, 0.921, 0.913, 0.906, 0.906, 0.929, 0.906, 0.929, 0.913, 0.913, 0.921, 0.929, 0.906, 0.906, 0.898, 0.913, 0.913, 0.913, 0.913, 0.921, 0.921, 0.913, 0.913, 0.906, 0.921, 0.913, 0.913, 0.906, 0.913, 0.913, 0.898, 0.913, 0.913, 0.913, 0.906, 0.913, 0.913, 0.906, 0.921, 0.937, 0.913, 0.921, 0.921, 0.921, 0.913, 0.921, 0.913, 0.913, 0.921, 0.906, 0.921, 0.921, 0.906, 0.913, 0.913, 0.921, 0.906, 0.913, 0.906, 0.913, 0.906, 0.913, 0.929, 0.913, 0.898, 0.913, 0.906, 0.921, 0.898, 0.913, 0.906, 0.898, 0.913, 0.913, 0.921, 0.913, 0.921, 0.921, 0.898, 0.913, 0.898, 0.906, 0.906, 0.921, 0.906, 0.921, 0.921, 0.906, 0.913, 0.921, 0.913, 0.906]
0.912 0.009
126
[0.913, 0.898, 0.906, 0.906, 0.913, 0.906, 0.921, 0.921, 0.921, 0.898, 0.921, 0.921, 0.913, 0.913, 0.921, 0.921, 0.929, 0.921, 0.898, 0.913, 0.913, 0.906, 0.913, 0.929, 0.929, 0.921, 0.898, 0.913, 0.913, 0.906, 0.906, 0.921, 0.921, 0.921, 0.913, 0.937, 0.921, 0.913, 0.913, 0.913, 0.913, 0.929, 0.913, 0.898, 0.906, 0.906, 0.921, 0.929, 0.921, 0.906, 0.921, 0.906, 0.921, 0.906, 0.913, 0.906, 0.913, 0.906, 0.906, 0.913, 0.921, 0.913, 0.913, 0.906, 0.913, 0.921, 0.921, 0.921, 0.913, 0.921, 0.913, 0.89, 0.913, 0.921, 0.913, 0.921, 0.906, 0.921, 0.913, 0.913, 0.906, 0.929, 0.913, 0.913, 0.906, 0.929, 0.913, 0.921, 0.906, 0.921, 0.921, 0.913, 0.921, 0.913, 0.921, 0.913, 0.921, 0.906, 0.906, 0.913]
0.914 0.008
