double CF (0.6, 0.4)
3
[0.835, 0.858, 0.882, 0.811, 0.835, 0.835, 0.858, 0.811, 0.913, 0.843, 0.835, 0.843, 0.866, 0.874, 0.803, 0.811, 0.803, 0.811, 0.843, 0.795, 0.874, 0.472, 0.764, 0.858, 0.843, 0.843, 0.827, 0.827, 0.866, 0.858, 0.874, 0.858, 0.819, 0.827, 0.827, 0.858, 0.85, 0.827, 0.827, 0.874, 0.858, 0.85, 0.866, 0.835, 0.835, 0.819, 0.89, 0.906, 0.827, 0.898, 0.874, 0.882, 0.866, 0.858, 0.866, 0.874, 0.89, 0.811, 0.772, 0.835, 0.85, 0.811, 0.835, 0.835, 0.843, 0.843, 0.787, 0.827, 0.874, 0.858, 0.882, 0.843, 0.811, 0.874, 0.819, 0.85, 0.858, 0.858, 0.811, 0.85, 0.827, 0.748, 0.858, 0.827, 0.78, 0.843, 0.803, 0.803, 0.756, 0.811, 0.906, 0.882, 0.858, 0.787, 0.819, 0.866, 0.85, 0.795, 0.835, 0.827]
0.836 0.049
5
[0.858, 0.858, 0.827, 0.866, 0.866, 0.906, 0.85, 0.835, 0.866, 0.882, 0.89, 0.85, 0.89, 0.858, 0.843, 0.866, 0.843, 0.874, 0.843, 0.882, 0.819, 0.858, 0.89, 0.811, 0.89, 0.866, 0.85, 0.882, 0.843, 0.874, 0.85, 0.858, 0.819, 0.85, 0.866, 0.898, 0.811, 0.811, 0.858, 0.85, 0.835, 0.89, 0.827, 0.898, 0.701, 0.827, 0.835, 0.858, 0.85, 0.843, 0.835, 0.843, 0.89, 0.874, 0.827, 0.874, 0.882, 0.874, 0.795, 0.85, 0.835, 0.835, 0.795, 0.85, 0.882, 0.819, 0.827, 0.835, 0.843, 0.835, 0.811, 0.85, 0.866, 0.866, 0.858, 0.85, 0.811, 0.835, 0.874, 0.858, 0.866, 0.858, 0.866, 0.843, 0.858, 0.882, 0.882, 0.803, 0.906, 0.866, 0.819, 0.85, 0.858, 0.874, 0.89, 0.906, 0.882, 0.866, 0.882, 0.858]
0.854 0.03
10
[0.906, 0.835, 0.882, 0.866, 0.85, 0.906, 0.866, 0.882, 0.874, 0.843, 0.85, 0.803, 0.882, 0.874, 0.858, 0.858, 0.913, 0.89, 0.898, 0.874, 0.858, 0.89, 0.866, 0.874, 0.843, 0.866, 0.874, 0.866, 0.843, 0.89, 0.858, 0.874, 0.882, 0.85, 0.827, 0.874, 0.772, 0.827, 0.858, 0.866, 0.858, 0.89, 0.89, 0.858, 0.85, 0.843, 0.874, 0.898, 0.85, 0.882, 0.85, 0.866, 0.835, 0.843, 0.858, 0.898, 0.843, 0.882, 0.866, 0.843, 0.882, 0.921, 0.866, 0.906, 0.866, 0.85, 0.827, 0.866, 0.866, 0.811, 0.843, 0.827, 0.874, 0.858, 0.85, 0.843, 0.89, 0.85, 0.85, 0.874, 0.874, 0.882, 0.866, 0.835, 0.843, 0.89, 0.85, 0.866, 0.874, 0.874, 0.898, 0.882, 0.882, 0.819, 0.819, 0.843, 0.835, 0.866, 0.866, 0.858]
0.863 0.025
20
[0.874, 0.898, 0.882, 0.882, 0.898, 0.882, 0.866, 0.866, 0.882, 0.835, 0.874, 0.866, 0.882, 0.858, 0.906, 0.843, 0.882, 0.866, 0.85, 0.874, 0.866, 0.858, 0.874, 0.882, 0.858, 0.874, 0.89, 0.882, 0.843, 0.866, 0.748, 0.882, 0.874, 0.866, 0.882, 0.874, 0.858, 0.874, 0.858, 0.843, 0.866, 0.858, 0.858, 0.866, 0.858, 0.906, 0.882, 0.898, 0.882, 0.866, 0.866, 0.89, 0.874, 0.89, 0.85, 0.874, 0.874, 0.858, 0.866, 0.858, 0.882, 0.874, 0.874, 0.89, 0.898, 0.858, 0.882, 0.89, 0.874, 0.85, 0.898, 0.866, 0.89, 0.874, 0.866, 0.858, 0.858, 0.898, 0.858, 0.874, 0.882, 0.866, 0.882, 0.89, 0.866, 0.882, 0.882, 0.874, 0.843, 0.858, 0.882, 0.866, 0.835, 0.85, 0.85, 0.874, 0.898, 0.866, 0.858, 0.874]
0.87 0.02
40
[0.85, 0.858, 0.898, 0.85, 0.906, 0.866, 0.906, 0.882, 0.858, 0.866, 0.906, 0.882, 0.898, 0.866, 0.858, 0.882, 0.89, 0.882, 0.921, 0.874, 0.913, 0.866, 0.866, 0.906, 0.882, 0.858, 0.874, 0.85, 0.866, 0.898, 0.882, 0.85, 0.866, 0.874, 0.89, 0.85, 0.906, 0.874, 0.882, 0.874, 0.882, 0.858, 0.89, 0.882, 0.874, 0.913, 0.882, 0.882, 0.906, 0.882, 0.882, 0.882, 0.843, 0.882, 0.898, 0.874, 0.882, 0.787, 0.882, 0.898, 0.882, 0.89, 0.866, 0.874, 0.858, 0.874, 0.858, 0.898, 0.866, 0.874, 0.858, 0.882, 0.858, 0.874, 0.874, 0.882, 0.858, 0.898, 0.866, 0.906, 0.898, 0.882, 0.898, 0.898, 0.89, 0.874, 0.866, 0.85, 0.858, 0.874, 0.827, 0.866, 0.874, 0.874, 0.858, 0.866, 0.858, 0.866, 0.874, 0.858]
0.876 0.02
80
[0.85, 0.913, 0.843, 0.913, 0.898, 0.866, 0.882, 0.89, 0.882, 0.89, 0.898, 0.906, 0.906, 0.882, 0.866, 0.882, 0.882, 0.882, 0.913, 0.85, 0.906, 0.898, 0.898, 0.866, 0.866, 0.874, 0.898, 0.906, 0.858, 0.858, 0.906, 0.89, 0.913, 0.89, 0.906, 0.882, 0.78, 0.898, 0.89, 0.874, 0.89, 0.906, 0.89, 0.882, 0.874, 0.906, 0.85, 0.866, 0.898, 0.89, 0.906, 0.898, 0.921, 0.906, 0.898, 0.898, 0.89, 0.819, 0.866, 0.866, 0.85, 0.882, 0.898, 0.874, 0.913, 0.89, 0.866, 0.898, 0.898, 0.874, 0.906, 0.866, 0.843, 0.906, 0.929, 0.85, 0.882, 0.866, 0.858, 0.89, 0.882, 0.882, 0.898, 0.89, 0.866, 0.89, 0.866, 0.843, 0.906, 0.898, 0.874, 0.89, 0.858, 0.843, 0.843, 0.882, 0.85, 0.882, 0.874, 0.843]
0.882 0.024
126
[0.89, 0.874, 0.89, 0.858, 0.898, 0.89, 0.85, 0.866, 0.89, 0.843, 0.898, 0.866, 0.882, 0.85, 0.898, 0.843, 0.882, 0.882, 0.882, 0.882, 0.898, 0.89, 0.89, 0.866, 0.874, 0.906, 0.906, 0.898, 0.89, 0.906, 0.866, 0.866, 0.835, 0.906, 0.85, 0.827, 0.882, 0.858, 0.874, 0.85, 0.858, 0.898, 0.906, 0.921, 0.898, 0.89, 0.898, 0.882, 0.921, 0.89, 0.874, 0.866, 0.882, 0.843, 0.835, 0.89, 0.913, 0.866, 0.866, 0.898, 0.85, 0.89, 0.882, 0.898, 0.866, 0.866, 0.866, 0.898, 0.874, 0.89, 0.866, 0.882, 0.89, 0.89, 0.858, 0.898, 0.906, 0.906, 0.866, 0.89, 0.89, 0.882, 0.89, 0.89, 0.89, 0.898, 0.898, 0.898, 0.882, 0.882, 0.89, 0.898, 0.906, 0.913, 0.913, 0.898, 0.89, 0.882, 0.874, 0.874]
0.882 0.02

double CF (0.7, 0.3)
3
[0.882, 0.882, 0.858, 0.819, 0.843, 0.866, 0.843, 0.866, 0.874, 0.85, 0.858, 0.858, 0.858, 0.89, 0.843, 0.811, 0.819, 0.85, 0.843, 0.764, 0.858, 0.866, 0.787, 0.85, 0.874, 0.835, 0.866, 0.835, 0.85, 0.843, 0.89, 0.85, 0.811, 0.858, 0.866, 0.882, 0.858, 0.85, 0.858, 0.866, 0.85, 0.85, 0.843, 0.874, 0.772, 0.866, 0.819, 0.811, 0.866, 0.858, 0.874, 0.874, 0.795, 0.874, 0.85, 0.85, 0.866, 0.85, 0.843, 0.866, 0.811, 0.819, 0.858, 0.803, 0.858, 0.827, 0.858, 0.882, 0.835, 0.835, 0.795, 0.748, 0.874, 0.843, 0.803, 0.866, 0.882, 0.811, 0.811, 0.882, 0.858, 0.874, 0.835, 0.85, 0.874, 0.874, 0.85, 0.85, 0.898, 0.89, 0.835, 0.843, 0.874, 0.843, 0.811, 0.89, 0.819, 0.866, 0.819, 0.866]
0.848 0.029
5
[0.874, 0.882, 0.787, 0.866, 0.874, 0.866, 0.819, 0.906, 0.858, 0.858, 0.858, 0.898, 0.85, 0.85, 0.819, 0.89, 0.843, 0.89, 0.89, 0.85, 0.795, 0.858, 0.866, 0.756, 0.827, 0.89, 0.882, 0.89, 0.882, 0.85, 0.819, 0.89, 0.835, 0.898, 0.882, 0.866, 0.882, 0.866, 0.858, 0.89, 0.866, 0.858, 0.843, 0.858, 0.866, 0.85, 0.827, 0.882, 0.85, 0.858, 0.882, 0.819, 0.874, 0.819, 0.866, 0.874, 0.843, 0.866, 0.858, 0.835, 0.874, 0.882, 0.819, 0.858, 0.898, 0.843, 0.827, 0.866, 0.874, 0.835, 0.843, 0.898, 0.882, 0.85, 0.882, 0.866, 0.819, 0.78, 0.835, 0.858, 0.882, 0.89, 0.858, 0.866, 0.874, 0.85, 0.85, 0.898, 0.858, 0.85, 0.882, 0.85, 0.85, 0.866, 0.858, 0.874, 0.874, 0.843, 0.874, 0.827]
0.859 0.027
10
[0.89, 0.858, 0.913, 0.858, 0.898, 0.835, 0.858, 0.85, 0.89, 0.866, 0.866, 0.835, 0.866, 0.866, 0.843, 0.898, 0.882, 0.882, 0.882, 0.898, 0.882, 0.921, 0.866, 0.882, 0.835, 0.85, 0.827, 0.874, 0.858, 0.827, 0.819, 0.85, 0.787, 0.85, 0.843, 0.866, 0.835, 0.843, 0.866, 0.89, 0.85, 0.874, 0.882, 0.874, 0.835, 0.882, 0.874, 0.858, 0.85, 0.866, 0.827, 0.882, 0.85, 0.898, 0.858, 0.906, 0.835, 0.898, 0.921, 0.866, 0.89, 0.866, 0.858, 0.843, 0.866, 0.819, 0.89, 0.858, 0.898, 0.89, 0.85, 0.874, 0.882, 0.811, 0.874, 0.882, 0.874, 0.835, 0.898, 0.882, 0.858, 0.866, 0.874, 0.882, 0.858, 0.858, 0.85, 0.858, 0.827, 0.89, 0.843, 0.858, 0.89, 0.89, 0.843, 0.866, 0.858, 0.866, 0.866, 0.874]
0.865 0.024
20
[0.858, 0.874, 0.858, 0.866, 0.858, 0.898, 0.882, 0.874, 0.89, 0.882, 0.874, 0.898, 0.874, 0.874, 0.898, 0.874, 0.858, 0.913, 0.906, 0.858, 0.874, 0.882, 0.882, 0.874, 0.874, 0.85, 0.866, 0.858, 0.89, 0.858, 0.906, 0.858, 0.898, 0.858, 0.866, 0.882, 0.858, 0.858, 0.866, 0.874, 0.866, 0.858, 0.827, 0.874, 0.906, 0.874, 0.89, 0.882, 0.89, 0.906, 0.874, 0.898, 0.906, 0.866, 0.882, 0.89, 0.866, 0.858, 0.882, 0.85, 0.874, 0.882, 0.921, 0.882, 0.882, 0.874, 0.882, 0.874, 0.882, 0.882, 0.89, 0.913, 0.882, 0.835, 0.843, 0.858, 0.874, 0.921, 0.89, 0.882, 0.882, 0.882, 0.874, 0.89, 0.882, 0.906, 0.882, 0.89, 0.874, 0.898, 0.866, 0.866, 0.874, 0.874, 0.882, 0.858, 0.843, 0.906, 0.913, 0.874]
0.878 0.018
40
[0.898, 0.898, 0.874, 0.898, 0.882, 0.882, 0.882, 0.858, 0.906, 0.866, 0.874, 0.898, 0.89, 0.874, 0.906, 0.882, 0.866, 0.882, 0.843, 0.906, 0.89, 0.906, 0.898, 0.874, 0.85, 0.866, 0.913, 0.882, 0.858, 0.882, 0.85, 0.811, 0.866, 0.858, 0.89, 0.898, 0.89, 0.866, 0.866, 0.85, 0.882, 0.89, 0.921, 0.898, 0.882, 0.843, 0.866, 0.866, 0.866, 0.882, 0.882, 0.866, 0.882, 0.866, 0.898, 0.929, 0.882, 0.874, 0.858, 0.89, 0.874, 0.858, 0.874, 0.906, 0.858, 0.913, 0.882, 0.898, 0.898, 0.882, 0.89, 0.89, 0.898, 0.843, 0.827, 0.89, 0.882, 0.866, 0.866, 0.882, 0.866, 0.866, 0.874, 0.89, 0.898, 0.874, 0.89, 0.858, 0.843, 0.906, 0.85, 0.874, 0.874, 0.866, 0.858, 0.89, 0.89, 0.874, 0.898, 0.866]
0.878 0.02
80
[0.882, 0.882, 0.866, 0.921, 0.882, 0.89, 0.898, 0.913, 0.898, 0.89, 0.89, 0.866, 0.858, 0.89, 0.882, 0.89, 0.882, 0.874, 0.89, 0.882, 0.858, 0.89, 0.874, 0.866, 0.866, 0.874, 0.906, 0.882, 0.866, 0.882, 0.874, 0.898, 0.866, 0.866, 0.874, 0.874, 0.89, 0.874, 0.89, 0.858, 0.89, 0.866, 0.874, 0.906, 0.898, 0.85, 0.858, 0.898, 0.898, 0.874, 0.811, 0.874, 0.906, 0.866, 0.89, 0.898, 0.921, 0.898, 0.898, 0.882, 0.898, 0.898, 0.866, 0.906, 0.89, 0.882, 0.874, 0.913, 0.882, 0.89, 0.858, 0.89, 0.882, 0.882, 0.874, 0.882, 0.882, 0.898, 0.89, 0.843, 0.874, 0.874, 0.89, 0.85, 0.866, 0.913, 0.874, 0.882, 0.898, 0.89, 0.906, 0.874, 0.882, 0.882, 0.882, 0.827, 0.89, 0.89, 0.89, 0.89]
0.882 0.018
126
[0.882, 0.866, 0.882, 0.85, 0.882, 0.898, 0.882, 0.874, 0.882, 0.913, 0.866, 0.874, 0.89, 0.898, 0.866, 0.89, 0.866, 0.89, 0.89, 0.906, 0.913, 0.898, 0.882, 0.858, 0.913, 0.874, 0.882, 0.882, 0.89, 0.898, 0.866, 0.89, 0.89, 0.874, 0.898, 0.882, 0.898, 0.89, 0.882, 0.882, 0.874, 0.906, 0.89, 0.858, 0.874, 0.89, 0.874, 0.921, 0.906, 0.858, 0.898, 0.874, 0.921, 0.898, 0.882, 0.874, 0.874, 0.866, 0.89, 0.898, 0.89, 0.858, 0.89, 0.913, 0.866, 0.89, 0.898, 0.906, 0.866, 0.898, 0.898, 0.882, 0.882, 0.874, 0.882, 0.866, 0.866, 0.89, 0.898, 0.882, 0.898, 0.898, 0.89, 0.89, 0.874, 0.89, 0.882, 0.898, 0.882, 0.882, 0.882, 0.906, 0.89, 0.906, 0.874, 0.913, 0.89, 0.898, 0.874, 0.89]
0.886 0.015

double CF (0.8, 0.2)
3
[0.835, 0.819, 0.85, 0.803, 0.858, 0.874, 0.835, 0.85, 0.858, 0.843, 0.827, 0.882, 0.85, 0.85, 0.866, 0.858, 0.858, 0.819, 0.843, 0.866, 0.858, 0.866, 0.803, 0.843, 0.882, 0.882, 0.843, 0.835, 0.835, 0.827, 0.85, 0.819, 0.866, 0.858, 0.85, 0.85, 0.843, 0.874, 0.835, 0.85, 0.882, 0.843, 0.89, 0.835, 0.858, 0.843, 0.827, 0.866, 0.858, 0.874, 0.795, 0.843, 0.882, 0.898, 0.835, 0.748, 0.827, 0.835, 0.85, 0.811, 0.85, 0.843, 0.874, 0.858, 0.843, 0.843, 0.811, 0.819, 0.866, 0.85, 0.85, 0.843, 0.858, 0.858, 0.858, 0.874, 0.866, 0.843, 0.827, 0.787, 0.843, 0.866, 0.819, 0.709, 0.866, 0.874, 0.819, 0.819, 0.882, 0.858, 0.866, 0.827, 0.85, 0.874, 0.858, 0.772, 0.85, 0.835, 0.835, 0.874]
0.845 0.028
5
[0.787, 0.858, 0.843, 0.882, 0.858, 0.858, 0.843, 0.882, 0.866, 0.874, 0.835, 0.827, 0.858, 0.835, 0.858, 0.843, 0.835, 0.85, 0.906, 0.866, 0.85, 0.882, 0.89, 0.882, 0.874, 0.874, 0.858, 0.874, 0.866, 0.85, 0.866, 0.874, 0.89, 0.874, 0.819, 0.882, 0.85, 0.843, 0.85, 0.882, 0.835, 0.858, 0.717, 0.803, 0.858, 0.882, 0.89, 0.866, 0.874, 0.858, 0.835, 0.898, 0.858, 0.819, 0.866, 0.866, 0.858, 0.858, 0.819, 0.89, 0.787, 0.874, 0.874, 0.858, 0.866, 0.874, 0.819, 0.874, 0.85, 0.827, 0.858, 0.882, 0.866, 0.89, 0.858, 0.874, 0.89, 0.866, 0.866, 0.858, 0.85, 0.85, 0.858, 0.906, 0.866, 0.843, 0.866, 0.835, 0.906, 0.85, 0.882, 0.843, 0.85, 0.882, 0.803, 0.835, 0.85, 0.858, 0.89, 0.85]
0.858 0.027
10
[0.874, 0.882, 0.89, 0.874, 0.866, 0.787, 0.89, 0.874, 0.85, 0.835, 0.866, 0.882, 0.843, 0.866, 0.89, 0.906, 0.874, 0.858, 0.858, 0.882, 0.89, 0.858, 0.882, 0.874, 0.858, 0.89, 0.898, 0.858, 0.882, 0.882, 0.866, 0.874, 0.874, 0.874, 0.882, 0.874, 0.874, 0.858, 0.866, 0.882, 0.843, 0.866, 0.874, 0.874, 0.858, 0.898, 0.882, 0.882, 0.874, 0.882, 0.858, 0.906, 0.866, 0.866, 0.858, 0.874, 0.874, 0.882, 0.874, 0.85, 0.874, 0.858, 0.843, 0.882, 0.866, 0.819, 0.874, 0.866, 0.858, 0.835, 0.835, 0.874, 0.85, 0.874, 0.898, 0.906, 0.858, 0.858, 0.843, 0.858, 0.85, 0.874, 0.882, 0.85, 0.874, 0.882, 0.874, 0.89, 0.898, 0.898, 0.85, 0.882, 0.858, 0.874, 0.858, 0.843, 0.835, 0.882, 0.866, 0.843]
0.869 0.019
20
[0.882, 0.898, 0.882, 0.874, 0.882, 0.882, 0.89, 0.89, 0.89, 0.882, 0.898, 0.882, 0.866, 0.89, 0.874, 0.882, 0.843, 0.858, 0.89, 0.874, 0.898, 0.866, 0.874, 0.858, 0.882, 0.906, 0.874, 0.866, 0.85, 0.898, 0.858, 0.882, 0.882, 0.913, 0.874, 0.882, 0.827, 0.866, 0.882, 0.882, 0.835, 0.874, 0.866, 0.89, 0.866, 0.882, 0.874, 0.858, 0.819, 0.858, 0.866, 0.858, 0.858, 0.89, 0.843, 0.85, 0.89, 0.866, 0.882, 0.874, 0.874, 0.843, 0.89, 0.85, 0.898, 0.866, 0.898, 0.89, 0.898, 0.906, 0.937, 0.882, 0.921, 0.874, 0.835, 0.866, 0.89, 0.882, 0.882, 0.898, 0.866, 0.858, 0.866, 0.898, 0.874, 0.906, 0.866, 0.858, 0.921, 0.898, 0.835, 0.866, 0.819, 0.882, 0.89, 0.866, 0.898, 0.882, 0.866, 0.898]
0.876 0.021
40
[0.874, 0.874, 0.874, 0.866, 0.843, 0.913, 0.882, 0.906, 0.874, 0.913, 0.921, 0.89, 0.843, 0.906, 0.89, 0.858, 0.882, 0.819, 0.89, 0.882, 0.874, 0.898, 0.874, 0.874, 0.89, 0.89, 0.906, 0.906, 0.882, 0.85, 0.937, 0.882, 0.89, 0.898, 0.866, 0.874, 0.906, 0.89, 0.874, 0.882, 0.866, 0.858, 0.898, 0.866, 0.898, 0.882, 0.874, 0.874, 0.874, 0.906, 0.866, 0.874, 0.906, 0.89, 0.89, 0.898, 0.827, 0.882, 0.858, 0.866, 0.858, 0.898, 0.858, 0.882, 0.874, 0.843, 0.913, 0.882, 0.898, 0.89, 0.913, 0.835, 0.866, 0.89, 0.882, 0.89, 0.89, 0.906, 0.874, 0.85, 0.898, 0.866, 0.882, 0.882, 0.906, 0.874, 0.89, 0.898, 0.882, 0.858, 0.89, 0.906, 0.866, 0.906, 0.913, 0.913, 0.874, 0.89, 0.882, 0.866]
0.882 0.021
80
[0.874, 0.874, 0.882, 0.906, 0.921, 0.866, 0.874, 0.913, 0.898, 0.906, 0.874, 0.906, 0.882, 0.866, 0.906, 0.866, 0.874, 0.866, 0.89, 0.898, 0.858, 0.921, 0.906, 0.906, 0.866, 0.858, 0.882, 0.913, 0.874, 0.874, 0.898, 0.866, 0.929, 0.898, 0.906, 0.866, 0.89, 0.89, 0.906, 0.898, 0.89, 0.858, 0.882, 0.882, 0.913, 0.906, 0.858, 0.906, 0.913, 0.827, 0.874, 0.89, 0.89, 0.898, 0.882, 0.874, 0.898, 0.866, 0.866, 0.866, 0.898, 0.874, 0.882, 0.866, 0.89, 0.921, 0.898, 0.906, 0.843, 0.882, 0.882, 0.85, 0.898, 0.866, 0.921, 0.906, 0.89, 0.906, 0.913, 0.906, 0.906, 0.882, 0.906, 0.874, 0.913, 0.921, 0.866, 0.874, 0.921, 0.89, 0.906, 0.89, 0.874, 0.921, 0.921, 0.858, 0.882, 0.882, 0.898, 0.882]
0.889 0.02
126
[0.882, 0.874, 0.921, 0.898, 0.921, 0.906, 0.874, 0.898, 0.89, 0.898, 0.913, 0.882, 0.898, 0.929, 0.913, 0.906, 0.906, 0.898, 0.906, 0.866, 0.921, 0.913, 0.898, 0.906, 0.874, 0.921, 0.898, 0.882, 0.898, 0.906, 0.89, 0.866, 0.913, 0.913, 0.906, 0.906, 0.929, 0.906, 0.913, 0.906, 0.882, 0.89, 0.898, 0.898, 0.913, 0.906, 0.913, 0.921, 0.898, 0.921, 0.898, 0.906, 0.898, 0.913, 0.866, 0.898, 0.89, 0.929, 0.913, 0.866, 0.906, 0.89, 0.921, 0.906, 0.906, 0.89, 0.921, 0.89, 0.906, 0.921, 0.906, 0.913, 0.898, 0.882, 0.874, 0.866, 0.882, 0.906, 0.906, 0.898, 0.882, 0.906, 0.921, 0.913, 0.874, 0.898, 0.953, 0.882, 0.921, 0.906, 0.898, 0.882, 0.874, 0.906, 0.89, 0.874, 0.898, 0.906, 0.906, 0.898]
0.9 0.017

double CF (0.9, 0.1)
3
[0.866, 0.866, 0.811, 0.858, 0.756, 0.803, 0.866, 0.835, 0.827, 0.882, 0.874, 0.858, 0.795, 0.843, 0.906, 0.843, 0.866, 0.866, 0.843, 0.811, 0.874, 0.843, 0.866, 0.882, 0.843, 0.89, 0.78, 0.843, 0.85, 0.819, 0.89, 0.835, 0.843, 0.819, 0.866, 0.835, 0.882, 0.858, 0.866, 0.835, 0.843, 0.858, 0.811, 0.866, 0.858, 0.858, 0.866, 0.819, 0.874, 0.835, 0.866, 0.843, 0.89, 0.843, 0.882, 0.866, 0.811, 0.866, 0.85, 0.89, 0.866, 0.843, 0.835, 0.898, 0.835, 0.874, 0.882, 0.882, 0.874, 0.858, 0.898, 0.866, 0.843, 0.819, 0.811, 0.866, 0.858, 0.843, 0.803, 0.819, 0.803, 0.819, 0.85, 0.795, 0.803, 0.866, 0.866, 0.787, 0.843, 0.843, 0.85, 0.85, 0.866, 0.85, 0.85, 0.843, 0.874, 0.898, 0.85, 0.819]
0.849 0.028
5
[0.874, 0.866, 0.748, 0.85, 0.85, 0.835, 0.858, 0.89, 0.906, 0.835, 0.819, 0.89, 0.858, 0.866, 0.858, 0.811, 0.835, 0.843, 0.89, 0.874, 0.874, 0.882, 0.835, 0.874, 0.882, 0.866, 0.866, 0.89, 0.89, 0.866, 0.874, 0.882, 0.89, 0.803, 0.858, 0.835, 0.85, 0.85, 0.858, 0.835, 0.843, 0.819, 0.843, 0.874, 0.819, 0.898, 0.827, 0.866, 0.795, 0.85, 0.882, 0.866, 0.866, 0.858, 0.866, 0.874, 0.803, 0.874, 0.858, 0.827, 0.85, 0.803, 0.89, 0.858, 0.843, 0.874, 0.874, 0.882, 0.866, 0.858, 0.882, 0.898, 0.882, 0.866, 0.787, 0.866, 0.866, 0.764, 0.866, 0.874, 0.843, 0.858, 0.843, 0.866, 0.866, 0.866, 0.803, 0.866, 0.866, 0.843, 0.866, 0.85, 0.843, 0.89, 0.843, 0.756, 0.795, 0.835, 0.858, 0.874]
0.854 0.03
10
[0.866, 0.874, 0.827, 0.858, 0.85, 0.906, 0.866, 0.882, 0.843, 0.843, 0.874, 0.858, 0.803, 0.874, 0.858, 0.874, 0.866, 0.827, 0.874, 0.866, 0.874, 0.89, 0.898, 0.866, 0.882, 0.858, 0.874, 0.85, 0.882, 0.89, 0.874, 0.85, 0.827, 0.866, 0.858, 0.811, 0.858, 0.85, 0.85, 0.906, 0.843, 0.906, 0.906, 0.882, 0.89, 0.898, 0.85, 0.882, 0.89, 0.882, 0.858, 0.866, 0.89, 0.866, 0.858, 0.906, 0.811, 0.866, 0.858, 0.858, 0.866, 0.819, 0.874, 0.795, 0.866, 0.827, 0.874, 0.85, 0.866, 0.874, 0.803, 0.874, 0.89, 0.921, 0.835, 0.874, 0.866, 0.795, 0.874, 0.803, 0.85, 0.89, 0.882, 0.874, 0.898, 0.866, 0.866, 0.874, 0.882, 0.874, 0.906, 0.858, 0.843, 0.858, 0.866, 0.85, 0.811, 0.858, 0.882, 0.913]
0.864 0.027
20
[0.866, 0.882, 0.913, 0.906, 0.866, 0.843, 0.882, 0.882, 0.882, 0.858, 0.874, 0.866, 0.85, 0.89, 0.858, 0.874, 0.89, 0.866, 0.866, 0.882, 0.89, 0.89, 0.89, 0.913, 0.89, 0.874, 0.89, 0.882, 0.882, 0.858, 0.843, 0.874, 0.85, 0.858, 0.858, 0.866, 0.874, 0.882, 0.89, 0.906, 0.913, 0.764, 0.843, 0.882, 0.898, 0.874, 0.921, 0.913, 0.906, 0.866, 0.858, 0.866, 0.858, 0.898, 0.89, 0.843, 0.874, 0.866, 0.874, 0.913, 0.866, 0.882, 0.89, 0.906, 0.89, 0.874, 0.89, 0.866, 0.898, 0.772, 0.882, 0.882, 0.866, 0.882, 0.906, 0.906, 0.882, 0.898, 0.882, 0.874, 0.89, 0.898, 0.866, 0.89, 0.882, 0.866, 0.874, 0.78, 0.874, 0.898, 0.835, 0.874, 0.906, 0.882, 0.858, 0.874, 0.874, 0.858, 0.874, 0.843]
0.876 0.026
40
[0.866, 0.89, 0.874, 0.866, 0.827, 0.866, 0.874, 0.89, 0.898, 0.866, 0.866, 0.874, 0.874, 0.866, 0.89, 0.858, 0.858, 0.898, 0.874, 0.874, 0.843, 0.874, 0.906, 0.89, 0.898, 0.874, 0.874, 0.866, 0.858, 0.906, 0.898, 0.858, 0.874, 0.898, 0.906, 0.906, 0.882, 0.89, 0.874, 0.898, 0.89, 0.85, 0.89, 0.866, 0.874, 0.866, 0.898, 0.89, 0.874, 0.89, 0.866, 0.874, 0.906, 0.858, 0.882, 0.882, 0.882, 0.866, 0.882, 0.89, 0.874, 0.874, 0.882, 0.906, 0.866, 0.874, 0.795, 0.874, 0.929, 0.858, 0.898, 0.835, 0.874, 0.882, 0.858, 0.89, 0.882, 0.866, 0.882, 0.882, 0.874, 0.858, 0.882, 0.89, 0.882, 0.882, 0.913, 0.906, 0.898, 0.906, 0.835, 0.89, 0.898, 0.85, 0.906, 0.874, 0.898, 0.882, 0.866, 0.89]
0.879 0.02
80
[0.898, 0.882, 0.906, 0.913, 0.882, 0.882, 0.866, 0.874, 0.89, 0.882, 0.882, 0.866, 0.89, 0.874, 0.874, 0.882, 0.874, 0.882, 0.89, 0.898, 0.882, 0.913, 0.858, 0.882, 0.882, 0.874, 0.882, 0.89, 0.898, 0.89, 0.874, 0.906, 0.906, 0.874, 0.874, 0.787, 0.874, 0.874, 0.898, 0.89, 0.882, 0.898, 0.913, 0.866, 0.882, 0.882, 0.921, 0.882, 0.89, 0.866, 0.882, 0.89, 0.882, 0.866, 0.866, 0.898, 0.882, 0.89, 0.898, 0.898, 0.882, 0.89, 0.882, 0.866, 0.89, 0.858, 0.874, 0.874, 0.913, 0.858, 0.882, 0.874, 0.89, 0.874, 0.874, 0.874, 0.882, 0.874, 0.898, 0.898, 0.882, 0.882, 0.898, 0.858, 0.906, 0.866, 0.882, 0.89, 0.89, 0.874, 0.906, 0.906, 0.874, 0.945, 0.898, 0.882, 0.898, 0.89, 0.858, 0.866]
0.884 0.018
126
[0.898, 0.906, 0.89, 0.89, 0.89, 0.898, 0.906, 0.898, 0.858, 0.906, 0.874, 0.906, 0.898, 0.882, 0.906, 0.898, 0.874, 0.882, 0.874, 0.898, 0.858, 0.906, 0.866, 0.89, 0.874, 0.858, 0.898, 0.858, 0.874, 0.89, 0.913, 0.898, 0.866, 0.882, 0.89, 0.882, 0.906, 0.898, 0.898, 0.898, 0.882, 0.898, 0.866, 0.866, 0.858, 0.874, 0.866, 0.898, 0.89, 0.89, 0.866, 0.89, 0.89, 0.898, 0.882, 0.89, 0.89, 0.866, 0.898, 0.874, 0.898, 0.906, 0.898, 0.89, 0.882, 0.89, 0.898, 0.874, 0.882, 0.882, 0.906, 0.874, 0.89, 0.866, 0.89, 0.89, 0.843, 0.898, 0.874, 0.898, 0.882, 0.89, 0.929, 0.906, 0.89, 0.89, 0.874, 0.898, 0.874, 0.89, 0.913, 0.882, 0.866, 0.882, 0.866, 0.906, 0.898, 0.898, 0.874, 0.89]
0.887 0.015

