dualCF without shuffling
3
[0.894, 0.893, 0.878, 0.869, 0.896, 0.881, 0.885, 0.872, 0.872, 0.888, 0.821, 0.871, 0.9, 0.865, 0.875, 0.897, 0.867, 0.848, 0.878, 0.855, 0.855, 0.898, 0.901, 0.899, 0.894, 0.844, 0.882, 0.873, 0.878, 0.849, 0.888, 0.891, 0.861, 0.901, 0.793, 0.897, 0.91, 0.909, 0.89, 0.9, 0.878, 0.859, 0.869, 0.898, 0.863, 0.855, 0.895, 0.885, 0.894, 0.875, 0.896, 0.865, 0.879, 0.89, 0.886, 0.895, 0.897, 0.864, 0.855, 0.844, 0.869, 0.876, 0.86, 0.86, 0.874, 0.906, 0.9, 0.842, 0.89, 0.821, 0.876, 0.837, 0.884, 0.856, 0.86, 0.872, 0.875, 0.848, 0.881, 0.86, 0.874, 0.884, 0.875, 0.842, 0.877, 0.896, 0.859, 0.865, 0.804, 0.889, 0.884, 0.875, 0.858, 0.909, 0.895, 0.824, 0.86, 0.882, 0.865, 0.867]
0.874 0.022
5
[0.882, 0.857, 0.905, 0.892, 0.878, 0.905, 0.892, 0.892, 0.882, 0.89, 0.882, 0.901, 0.898, 0.896, 0.844, 0.886, 0.863, 0.897, 0.896, 0.906, 0.86, 0.889, 0.895, 0.879, 0.902, 0.893, 0.894, 0.857, 0.851, 0.889, 0.78, 0.875, 0.83, 0.889, 0.807, 0.894, 0.899, 0.838, 0.906, 0.867, 0.873, 0.909, 0.89, 0.871, 0.903, 0.91, 0.87, 0.893, 0.904, 0.846, 0.895, 0.912, 0.841, 0.867, 0.884, 0.898, 0.855, 0.894, 0.901, 0.906, 0.905, 0.876, 0.894, 0.891, 0.872, 0.883, 0.914, 0.875, 0.889, 0.893, 0.872, 0.868, 0.882, 0.858, 0.878, 0.887, 0.854, 0.907, 0.863, 0.893, 0.912, 0.878, 0.893, 0.885, 0.899, 0.878, 0.886, 0.878, 0.88, 0.891, 0.827, 0.899, 0.902, 0.898, 0.897, 0.901, 0.892, 0.904, 0.884, 0.871]
0.883 0.023
10
[0.856, 0.917, 0.907, 0.886, 0.896, 0.918, 0.881, 0.898, 0.873, 0.855, 0.908, 0.915, 0.893, 0.896, 0.915, 0.878, 0.895, 0.89, 0.868, 0.902, 0.88, 0.894, 0.884, 0.88, 0.907, 0.876, 0.886, 0.926, 0.902, 0.901, 0.875, 0.901, 0.904, 0.905, 0.911, 0.879, 0.887, 0.89, 0.909, 0.894, 0.897, 0.876, 0.922, 0.889, 0.898, 0.885, 0.892, 0.905, 0.86, 0.865, 0.915, 0.866, 0.879, 0.885, 0.879, 0.907, 0.894, 0.902, 0.917, 0.912, 0.853, 0.897, 0.91, 0.887, 0.872, 0.888, 0.885, 0.928, 0.912, 0.882, 0.914, 0.891, 0.9, 0.862, 0.898, 0.908, 0.893, 0.898, 0.892, 0.897, 0.891, 0.876, 0.911, 0.902, 0.898, 0.914, 0.877, 0.89, 0.886, 0.9, 0.854, 0.917, 0.914, 0.893, 0.905, 0.916, 0.904, 0.857, 0.889, 0.903]
0.893 0.017
20
[0.93, 0.917, 0.882, 0.901, 0.918, 0.934, 0.865, 0.925, 0.866, 0.87, 0.933, 0.872, 0.879, 0.887, 0.883, 0.902, 0.895, 0.873, 0.858, 0.906, 0.904, 0.913, 0.884, 0.905, 0.911, 0.911, 0.916, 0.872, 0.889, 0.906, 0.886, 0.923, 0.84, 0.912, 0.888, 0.892, 0.878, 0.907, 0.926, 0.886, 0.838, 0.891, 0.921, 0.9, 0.895, 0.927, 0.904, 0.915, 0.88, 0.908, 0.897, 0.921, 0.904, 0.887, 0.932, 0.878, 0.859, 0.905, 0.874, 0.928, 0.915, 0.913, 0.924, 0.888, 0.906, 0.905, 0.858, 0.918, 0.897, 0.889, 0.924, 0.878, 0.892, 0.863, 0.894, 0.901, 0.863, 0.891, 0.896, 0.923, 0.898, 0.898, 0.917, 0.903, 0.892, 0.914, 0.899, 0.898, 0.914, 0.929, 0.892, 0.916, 0.908, 0.914, 0.891, 0.899, 0.912, 0.907, 0.899, 0.896]
0.898 0.02
40
[0.909, 0.875, 0.904, 0.876, 0.937, 0.899, 0.924, 0.914, 0.908, 0.914, 0.911, 0.877, 0.882, 0.938, 0.933, 0.921, 0.93, 0.893, 0.932, 0.921, 0.896, 0.927, 0.932, 0.895, 0.913, 0.921, 0.93, 0.879, 0.923, 0.932, 0.894, 0.839, 0.904, 0.911, 0.911, 0.867, 0.928, 0.917, 0.913, 0.925, 0.912, 0.874, 0.888, 0.889, 0.92, 0.896, 0.91, 0.915, 0.904, 0.873, 0.926, 0.883, 0.92, 0.909, 0.881, 0.92, 0.896, 0.898, 0.907, 0.917, 0.919, 0.902, 0.917, 0.931, 0.916, 0.897, 0.927, 0.932, 0.908, 0.901, 0.906, 0.917, 0.889, 0.922, 0.878, 0.928, 0.876, 0.915, 0.883, 0.895, 0.906, 0.893, 0.922, 0.88, 0.911, 0.87, 0.905, 0.922, 0.901, 0.943, 0.92, 0.917, 0.889, 0.887, 0.918, 0.879, 0.924, 0.923, 0.865, 0.894]
0.906 0.02
80
[0.926, 0.946, 0.89, 0.941, 0.92, 0.948, 0.933, 0.878, 0.867, 0.936, 0.907, 0.909, 0.924, 0.933, 0.912, 0.863, 0.908, 0.942, 0.858, 0.919, 0.918, 0.937, 0.929, 0.927, 0.942, 0.919, 0.886, 0.919, 0.902, 0.911, 0.927, 0.922, 0.919, 0.94, 0.887, 0.891, 0.905, 0.914, 0.897, 0.898, 0.908, 0.922, 0.856, 0.924, 0.907, 0.922, 0.933, 0.924, 0.929, 0.923, 0.923, 0.91, 0.914, 0.912, 0.929, 0.907, 0.903, 0.928, 0.913, 0.893, 0.898, 0.929, 0.913, 0.934, 0.906, 0.896, 0.888, 0.905, 0.933, 0.932, 0.911, 0.913, 0.925, 0.911, 0.898, 0.901, 0.931, 0.911, 0.921, 0.922, 0.927, 0.901, 0.925, 0.924, 0.91, 0.931, 0.863, 0.915, 0.94, 0.954, 0.914, 0.879, 0.911, 0.906, 0.924, 0.906, 0.938, 0.934, 0.936, 0.924]
0.915 0.02
160
[0.914, 0.944, 0.936, 0.934, 0.926, 0.919, 0.914, 0.944, 0.946, 0.923, 0.934, 0.928, 0.897, 0.913, 0.945, 0.922, 0.9, 0.925, 0.91, 0.911, 0.915, 0.914, 0.922, 0.924, 0.926, 0.936, 0.925, 0.937, 0.929, 0.912, 0.907, 0.909, 0.922, 0.896, 0.929, 0.955, 0.913, 0.904, 0.919, 0.911, 0.939, 0.923, 0.919, 0.924, 0.92, 0.908, 0.927, 0.925, 0.87, 0.938, 0.933, 0.923, 0.949, 0.94, 0.948, 0.925, 0.929, 0.904, 0.893, 0.94, 0.899, 0.93, 0.925, 0.94, 0.932, 0.931, 0.895, 0.927, 0.933, 0.922, 0.922, 0.909, 0.925, 0.946, 0.945, 0.931, 0.921, 0.878, 0.935, 0.935, 0.907, 0.903, 0.932, 0.91, 0.899, 0.897, 0.924, 0.887, 0.921, 0.925, 0.932, 0.934, 0.933, 0.921, 0.904, 0.896, 0.938, 0.912, 0.934, 0.935]
0.922 0.016
320
[0.929, 0.948, 0.949, 0.922, 0.923, 0.943, 0.91, 0.881, 0.942, 0.93, 0.901, 0.941, 0.933, 0.935, 0.943, 0.946, 0.91, 0.95, 0.942, 0.943, 0.943, 0.912, 0.919, 0.921, 0.936, 0.931, 0.924, 0.935, 0.925, 0.905, 0.946, 0.935, 0.89, 0.911, 0.931, 0.933, 0.947, 0.946, 0.927, 0.913, 0.93, 0.917, 0.931, 0.926, 0.938, 0.925, 0.92, 0.915, 0.933, 0.884, 0.932, 0.935, 0.907, 0.946, 0.927, 0.929, 0.928, 0.926, 0.904, 0.932, 0.906, 0.925, 0.944, 0.948, 0.935, 0.929, 0.887, 0.943, 0.928, 0.914, 0.941, 0.929, 0.902, 0.933, 0.938, 0.939, 0.903, 0.93, 0.936, 0.94, 0.935, 0.937, 0.943, 0.929, 0.937, 0.921, 0.924, 0.943, 0.949, 0.918, 0.927, 0.951, 0.938, 0.902, 0.923, 0.951, 0.923, 0.932, 0.95, 0.925]
0.928 0.015
640
[0.957, 0.931, 0.948, 0.935, 0.949, 0.942, 0.943, 0.923, 0.917, 0.952, 0.946, 0.931, 0.927, 0.946, 0.946, 0.912, 0.936, 0.937, 0.925, 0.902, 0.927, 0.92, 0.923, 0.94, 0.949, 0.906, 0.927, 0.944, 0.911, 0.94, 0.933, 0.952, 0.93, 0.932, 0.945, 0.944, 0.949, 0.955, 0.935, 0.938, 0.939, 0.941, 0.938, 0.922, 0.923, 0.953, 0.932, 0.941, 0.915, 0.953, 0.943, 0.945, 0.941, 0.941, 0.929, 0.949, 0.945, 0.946, 0.943, 0.933, 0.938, 0.924, 0.933, 0.941, 0.959, 0.946, 0.934, 0.912, 0.924, 0.939, 0.948, 0.922, 0.935, 0.948, 0.943, 0.941, 0.941, 0.937, 0.925, 0.95, 0.93, 0.954, 0.948, 0.939, 0.943, 0.939, 0.938, 0.938, 0.92, 0.947, 0.933, 0.949, 0.913, 0.935, 0.948, 0.93, 0.956, 0.932, 0.938, 0.92]
0.937 0.012

DualCF shuffling
3
[0.509, 0.441, 0.449, 0.597, 0.486, 0.497, 0.501, 0.566, 0.692, 0.434, 0.408, 0.524, 0.548, 0.63, 0.572, 0.525, 0.566, 0.56, 0.691, 0.566, 0.535, 0.545, 0.518, 0.344, 0.649, 0.477, 0.566, 0.582, 0.434, 0.566, 0.443, 0.444, 0.499, 0.434, 0.637, 0.513, 0.491, 0.483, 0.434, 0.434, 0.457, 0.383, 0.417, 0.566, 0.518, 0.434, 0.669, 0.509, 0.419, 0.434, 0.566, 0.296, 0.478, 0.53, 0.566, 0.434, 0.434, 0.423, 0.553, 0.618, 0.487, 0.434, 0.566, 0.65, 0.422, 0.467, 0.546, 0.498, 0.506, 0.545, 0.52, 0.434, 0.445, 0.609, 0.623, 0.434, 0.556, 0.434, 0.433, 0.434, 0.434, 0.434, 0.379, 0.424, 0.377, 0.434, 0.434, 0.457, 0.434, 0.642, 0.434, 0.468, 0.647, 0.469, 0.434, 0.347, 0.434, 0.466, 0.549, 0.472]
0.497 0.081
5
[0.477, 0.697, 0.402, 0.385, 0.454, 0.434, 0.473, 0.659, 0.479, 0.742, 0.494, 0.675, 0.476, 0.474, 0.484, 0.587, 0.453, 0.566, 0.434, 0.543, 0.561, 0.423, 0.591, 0.442, 0.434, 0.574, 0.431, 0.576, 0.463, 0.312, 0.53, 0.652, 0.502, 0.697, 0.579, 0.519, 0.464, 0.481, 0.452, 0.504, 0.38, 0.699, 0.434, 0.521, 0.324, 0.564, 0.464, 0.434, 0.492, 0.298, 0.399, 0.566, 0.571, 0.472, 0.566, 0.496, 0.588, 0.538, 0.776, 0.526, 0.684, 0.369, 0.767, 0.494, 0.511, 0.616, 0.528, 0.4, 0.598, 0.508, 0.412, 0.448, 0.526, 0.416, 0.409, 0.608, 0.573, 0.62, 0.512, 0.566, 0.713, 0.486, 0.434, 0.485, 0.566, 0.525, 0.596, 0.592, 0.68, 0.473, 0.488, 0.732, 0.334, 0.667, 0.491, 0.464, 0.462, 0.473, 0.575, 0.549]
0.52 0.101
10
[0.434, 0.353, 0.706, 0.774, 0.585, 0.567, 0.646, 0.354, 0.504, 0.511, 0.678, 0.729, 0.42, 0.416, 0.42, 0.642, 0.749, 0.431, 0.494, 0.614, 0.419, 0.49, 0.638, 0.729, 0.536, 0.701, 0.462, 0.69, 0.499, 0.562, 0.423, 0.509, 0.72, 0.582, 0.504, 0.5, 0.569, 0.76, 0.545, 0.603, 0.544, 0.626, 0.48, 0.678, 0.784, 0.762, 0.507, 0.42, 0.46, 0.585, 0.529, 0.443, 0.572, 0.515, 0.527, 0.615, 0.532, 0.609, 0.393, 0.793, 0.595, 0.491, 0.547, 0.574, 0.318, 0.803, 0.821, 0.337, 0.515, 0.439, 0.468, 0.422, 0.328, 0.518, 0.57, 0.538, 0.478, 0.618, 0.541, 0.715, 0.607, 0.719, 0.428, 0.501, 0.681, 0.631, 0.381, 0.77, 0.715, 0.569, 0.691, 0.465, 0.787, 0.583, 0.499, 0.56, 0.506, 0.577, 0.47, 0.67]
0.563 0.121
20
[0.735, 0.767, 0.632, 0.743, 0.654, 0.769, 0.476, 0.498, 0.524, 0.603, 0.59, 0.722, 0.693, 0.704, 0.514, 0.545, 0.659, 0.556, 0.546, 0.818, 0.677, 0.758, 0.667, 0.853, 0.721, 0.667, 0.614, 0.59, 0.588, 0.663, 0.741, 0.68, 0.809, 0.582, 0.88, 0.705, 0.767, 0.619, 0.393, 0.674, 0.725, 0.864, 0.804, 0.843, 0.602, 0.656, 0.511, 0.697, 0.547, 0.41, 0.73, 0.684, 0.53, 0.499, 0.567, 0.52, 0.679, 0.659, 0.619, 0.5, 0.467, 0.735, 0.641, 0.709, 0.712, 0.764, 0.681, 0.574, 0.451, 0.771, 0.463, 0.552, 0.637, 0.841, 0.673, 0.679, 0.587, 0.57, 0.801, 0.647, 0.76, 0.557, 0.54, 0.703, 0.506, 0.785, 0.721, 0.573, 0.581, 0.666, 0.66, 0.834, 0.585, 0.663, 0.704, 0.605, 0.533, 0.687, 0.717, 0.677]
0.651 0.107
40
[0.59, 0.866, 0.673, 0.861, 0.78, 0.837, 0.828, 0.808, 0.872, 0.631, 0.778, 0.75, 0.789, 0.767, 0.673, 0.87, 0.772, 0.6, 0.741, 0.84, 0.72, 0.777, 0.842, 0.671, 0.728, 0.82, 0.864, 0.885, 0.787, 0.868, 0.843, 0.827, 0.91, 0.738, 0.881, 0.509, 0.791, 0.498, 0.777, 0.795, 0.81, 0.858, 0.784, 0.861, 0.761, 0.745, 0.746, 0.878, 0.688, 0.849, 0.793, 0.708, 0.59, 0.821, 0.642, 0.849, 0.725, 0.785, 0.801, 0.746, 0.792, 0.854, 0.761, 0.771, 0.629, 0.726, 0.605, 0.758, 0.856, 0.816, 0.851, 0.764, 0.707, 0.805, 0.79, 0.765, 0.802, 0.733, 0.78, 0.748, 0.695, 0.677, 0.803, 0.736, 0.863, 0.782, 0.643, 0.668, 0.779, 0.892, 0.672, 0.525, 0.725, 0.767, 0.755, 0.815, 0.853, 0.776, 0.87, 0.717]
0.766 0.086
80
[0.771, 0.926, 0.81, 0.865, 0.8, 0.866, 0.793, 0.895, 0.863, 0.865, 0.78, 0.75, 0.878, 0.899, 0.866, 0.836, 0.901, 0.891, 0.863, 0.835, 0.802, 0.871, 0.733, 0.812, 0.872, 0.863, 0.845, 0.855, 0.808, 0.833, 0.886, 0.795, 0.878, 0.748, 0.867, 0.876, 0.791, 0.662, 0.889, 0.826, 0.887, 0.726, 0.845, 0.754, 0.872, 0.855, 0.78, 0.862, 0.867, 0.866, 0.877, 0.831, 0.857, 0.771, 0.862, 0.77, 0.822, 0.877, 0.726, 0.858, 0.887, 0.809, 0.805, 0.867, 0.913, 0.883, 0.779, 0.796, 0.722, 0.893, 0.8, 0.711, 0.859, 0.881, 0.858, 0.887, 0.864, 0.872, 0.862, 0.756, 0.82, 0.851, 0.89, 0.906, 0.885, 0.799, 0.798, 0.878, 0.793, 0.826, 0.793, 0.853, 0.809, 0.779, 0.788, 0.844, 0.79, 0.881, 0.813, 0.751]
0.833 0.052
160
[0.849, 0.877, 0.844, 0.896, 0.908, 0.838, 0.907, 0.915, 0.914, 0.869, 0.899, 0.898, 0.909, 0.901, 0.932, 0.855, 0.873, 0.883, 0.89, 0.72, 0.87, 0.836, 0.834, 0.859, 0.908, 0.871, 0.859, 0.92, 0.904, 0.927, 0.799, 0.901, 0.817, 0.914, 0.846, 0.9, 0.888, 0.925, 0.923, 0.873, 0.881, 0.92, 0.883, 0.9, 0.91, 0.884, 0.866, 0.928, 0.893, 0.861, 0.909, 0.884, 0.885, 0.903, 0.902, 0.906, 0.827, 0.87, 0.872, 0.763, 0.901, 0.917, 0.896, 0.869, 0.885, 0.899, 0.896, 0.872, 0.856, 0.874, 0.935, 0.855, 0.914, 0.921, 0.823, 0.867, 0.925, 0.899, 0.885, 0.884, 0.889, 0.895, 0.899, 0.891, 0.866, 0.92, 0.871, 0.858, 0.883, 0.891, 0.916, 0.891, 0.865, 0.933, 0.895, 0.853, 0.803, 0.912, 0.88, 0.874]
0.883 0.035

