double CF (0.6, 0.4)
3
[0.894, 0.893, 0.878, 0.869, 0.896, 0.881, 0.885, 0.872, 0.872, 0.888, 0.821, 0.871, 0.9, 0.865, 0.875, 0.897, 0.867, 0.848, 0.878, 0.855, 0.855, 0.898, 0.901, 0.899, 0.894, 0.844, 0.882, 0.873, 0.878, 0.849, 0.888, 0.891, 0.861, 0.901, 0.793, 0.897, 0.91, 0.909, 0.89, 0.9, 0.878, 0.859, 0.869, 0.898, 0.863, 0.855, 0.895, 0.885, 0.894, 0.875, 0.896, 0.865, 0.879, 0.89, 0.886, 0.895, 0.897, 0.864, 0.855, 0.844, 0.869, 0.876, 0.86, 0.86, 0.874, 0.906, 0.9, 0.842, 0.89, 0.821, 0.876, 0.837, 0.884, 0.856, 0.86, 0.872, 0.875, 0.848, 0.881, 0.86, 0.874, 0.884, 0.875, 0.842, 0.877, 0.896, 0.859, 0.865, 0.804, 0.889, 0.884, 0.875, 0.858, 0.909, 0.895, 0.824, 0.86, 0.882, 0.865, 0.867]
0.874 0.022
5
[0.882, 0.857, 0.905, 0.892, 0.878, 0.905, 0.892, 0.892, 0.882, 0.89, 0.882, 0.901, 0.898, 0.896, 0.844, 0.886, 0.863, 0.897, 0.896, 0.906, 0.86, 0.889, 0.895, 0.879, 0.902, 0.893, 0.894, 0.857, 0.851, 0.889, 0.78, 0.875, 0.83, 0.889, 0.807, 0.894, 0.899, 0.838, 0.906, 0.867, 0.873, 0.909, 0.89, 0.871, 0.903, 0.91, 0.87, 0.893, 0.904, 0.846, 0.895, 0.912, 0.841, 0.867, 0.884, 0.898, 0.855, 0.894, 0.901, 0.906, 0.905, 0.876, 0.894, 0.891, 0.872, 0.883, 0.914, 0.875, 0.889, 0.893, 0.872, 0.868, 0.882, 0.858, 0.878, 0.887, 0.854, 0.907, 0.863, 0.893, 0.912, 0.878, 0.893, 0.885, 0.899, 0.878, 0.886, 0.878, 0.88, 0.891, 0.827, 0.899, 0.902, 0.898, 0.897, 0.901, 0.892, 0.904, 0.884, 0.871]
0.883 0.023
10
[0.856, 0.917, 0.907, 0.886, 0.896, 0.918, 0.881, 0.898, 0.873, 0.855, 0.908, 0.915, 0.893, 0.896, 0.915, 0.878, 0.895, 0.89, 0.868, 0.902, 0.88, 0.894, 0.884, 0.88, 0.907, 0.876, 0.886, 0.926, 0.902, 0.901, 0.875, 0.901, 0.904, 0.905, 0.911, 0.879, 0.887, 0.89, 0.909, 0.894, 0.897, 0.876, 0.922, 0.889, 0.898, 0.885, 0.892, 0.905, 0.86, 0.865, 0.915, 0.866, 0.879, 0.885, 0.879, 0.907, 0.894, 0.902, 0.917, 0.912, 0.853, 0.897, 0.91, 0.887, 0.872, 0.888, 0.885, 0.928, 0.912, 0.882, 0.914, 0.891, 0.9, 0.862, 0.898, 0.908, 0.893, 0.898, 0.892, 0.897, 0.891, 0.876, 0.911, 0.902, 0.898, 0.914, 0.877, 0.89, 0.886, 0.9, 0.854, 0.917, 0.914, 0.893, 0.905, 0.916, 0.904, 0.857, 0.889, 0.903]
0.893 0.017
20
[0.93, 0.917, 0.882, 0.901, 0.918, 0.934, 0.865, 0.925, 0.866, 0.87, 0.933, 0.872, 0.879, 0.887, 0.883, 0.902, 0.895, 0.873, 0.858, 0.906, 0.904, 0.913, 0.884, 0.905, 0.911, 0.911, 0.916, 0.872, 0.889, 0.906, 0.886, 0.923, 0.84, 0.912, 0.888, 0.892, 0.878, 0.907, 0.926, 0.886, 0.838, 0.891, 0.921, 0.9, 0.895, 0.927, 0.904, 0.915, 0.88, 0.908, 0.897, 0.921, 0.904, 0.887, 0.932, 0.878, 0.859, 0.905, 0.874, 0.928, 0.915, 0.913, 0.924, 0.888, 0.906, 0.905, 0.858, 0.918, 0.897, 0.889, 0.924, 0.878, 0.892, 0.863, 0.894, 0.901, 0.863, 0.891, 0.896, 0.923, 0.898, 0.898, 0.917, 0.903, 0.892, 0.914, 0.899, 0.898, 0.914, 0.929, 0.892, 0.916, 0.908, 0.914, 0.891, 0.899, 0.912, 0.907, 0.899, 0.896]
0.898 0.02
40
[0.909, 0.875, 0.904, 0.876, 0.937, 0.899, 0.924, 0.914, 0.908, 0.914, 0.911, 0.877, 0.882, 0.938, 0.933, 0.921, 0.93, 0.893, 0.932, 0.921, 0.896, 0.927, 0.932, 0.895, 0.913, 0.921, 0.93, 0.879, 0.923, 0.932, 0.894, 0.839, 0.904, 0.911, 0.911, 0.867, 0.928, 0.917, 0.913, 0.925, 0.912, 0.874, 0.888, 0.889, 0.92, 0.896, 0.91, 0.915, 0.904, 0.873, 0.926, 0.883, 0.92, 0.909, 0.881, 0.92, 0.896, 0.898, 0.907, 0.917, 0.919, 0.902, 0.917, 0.931, 0.916, 0.897, 0.927, 0.932, 0.908, 0.901, 0.906, 0.917, 0.889, 0.922, 0.878, 0.928, 0.876, 0.915, 0.883, 0.895, 0.906, 0.893, 0.922, 0.88, 0.911, 0.87, 0.905, 0.922, 0.901, 0.943, 0.92, 0.917, 0.889, 0.887, 0.918, 0.879, 0.924, 0.923, 0.865, 0.894]
0.906 0.02
80
[0.926, 0.946, 0.89, 0.941, 0.92, 0.948, 0.933, 0.878, 0.867, 0.936, 0.907, 0.909, 0.924, 0.933, 0.912, 0.863, 0.908, 0.942, 0.858, 0.919, 0.918, 0.937, 0.929, 0.927, 0.942, 0.919, 0.886, 0.919, 0.902, 0.911, 0.927, 0.922, 0.919, 0.94, 0.887, 0.891, 0.905, 0.914, 0.897, 0.898, 0.908, 0.922, 0.856, 0.924, 0.907, 0.922, 0.933, 0.924, 0.929, 0.923, 0.923, 0.91, 0.914, 0.912, 0.929, 0.907, 0.903, 0.928, 0.913, 0.893, 0.898, 0.929, 0.913, 0.934, 0.906, 0.896, 0.888, 0.905, 0.933, 0.932, 0.911, 0.913, 0.925, 0.911, 0.898, 0.901, 0.931, 0.911, 0.921, 0.922, 0.927, 0.901, 0.925, 0.924, 0.91, 0.931, 0.863, 0.915, 0.94, 0.954, 0.914, 0.879, 0.911, 0.906, 0.924, 0.906, 0.938, 0.934, 0.936, 0.924]
0.915 0.02
160
[0.914, 0.944, 0.936, 0.934, 0.926, 0.919, 0.914, 0.944, 0.946, 0.923, 0.934, 0.928, 0.897, 0.913, 0.945, 0.922, 0.9, 0.925, 0.91, 0.911, 0.915, 0.914, 0.922, 0.924, 0.926, 0.936, 0.925, 0.937, 0.929, 0.912, 0.907, 0.909, 0.922, 0.896, 0.929, 0.955, 0.913, 0.904, 0.919, 0.911, 0.939, 0.923, 0.919, 0.924, 0.92, 0.908, 0.927, 0.925, 0.87, 0.938, 0.933, 0.923, 0.949, 0.94, 0.948, 0.925, 0.929, 0.904, 0.893, 0.94, 0.899, 0.93, 0.925, 0.94, 0.932, 0.931, 0.895, 0.927, 0.933, 0.922, 0.922, 0.909, 0.925, 0.946, 0.945, 0.931, 0.921, 0.878, 0.935, 0.935, 0.907, 0.903, 0.932, 0.91, 0.899, 0.897, 0.924, 0.887, 0.921, 0.925, 0.932, 0.934, 0.933, 0.921, 0.904, 0.896, 0.938, 0.912, 0.934, 0.935]
0.922 0.016
320
[0.929, 0.948, 0.949, 0.922, 0.923, 0.943, 0.91, 0.881, 0.942, 0.93, 0.901, 0.941, 0.933, 0.935, 0.943, 0.946, 0.91, 0.95, 0.942, 0.943, 0.943, 0.912, 0.919, 0.921, 0.936, 0.931, 0.924, 0.935, 0.925, 0.905, 0.946, 0.935, 0.89, 0.911, 0.931, 0.933, 0.947, 0.946, 0.927, 0.913, 0.93, 0.917, 0.931, 0.926, 0.938, 0.925, 0.92, 0.915, 0.933, 0.884, 0.932, 0.935, 0.907, 0.946, 0.927, 0.929, 0.928, 0.926, 0.904, 0.932, 0.906, 0.925, 0.944, 0.948, 0.935, 0.929, 0.887, 0.943, 0.928, 0.914, 0.941, 0.929, 0.902, 0.933, 0.938, 0.939, 0.903, 0.93, 0.936, 0.94, 0.935, 0.937, 0.943, 0.929, 0.937, 0.921, 0.924, 0.943, 0.949, 0.918, 0.927, 0.951, 0.938, 0.902, 0.923, 0.951, 0.923, 0.932, 0.95, 0.925]
0.928 0.015
640
[0.957, 0.931, 0.948, 0.935, 0.949, 0.942, 0.943, 0.923, 0.917, 0.952, 0.946, 0.931, 0.927, 0.946, 0.946, 0.912, 0.936, 0.937, 0.925, 0.902, 0.927, 0.92, 0.923, 0.94, 0.949, 0.906, 0.927, 0.944, 0.911, 0.94, 0.933, 0.952, 0.93, 0.932, 0.945, 0.944, 0.949, 0.955, 0.935, 0.938, 0.939, 0.941, 0.938, 0.922, 0.923, 0.953, 0.932, 0.941, 0.915, 0.953, 0.943, 0.945, 0.941, 0.941, 0.929, 0.949, 0.945, 0.946, 0.943, 0.933, 0.938, 0.924, 0.933, 0.941, 0.959, 0.946, 0.934, 0.912, 0.924, 0.939, 0.948, 0.922, 0.935, 0.948, 0.943, 0.941, 0.941, 0.937, 0.925, 0.95, 0.93, 0.954, 0.948, 0.939, 0.943, 0.939, 0.938, 0.938, 0.92, 0.947, 0.933, 0.949, 0.913, 0.935, 0.948, 0.93, 0.956, 0.932, 0.938, 0.92]
0.937 0.012

double CF (0.7, 0.3)
3
[0.839, 0.903, 0.865, 0.876, 0.81, 0.88, 0.814, 0.863, 0.845, 0.876, 0.893, 0.85, 0.894, 0.878, 0.87, 0.886, 0.892, 0.892, 0.901, 0.893, 0.874, 0.904, 0.871, 0.881, 0.824, 0.905, 0.881, 0.886, 0.885, 0.886, 0.863, 0.871, 0.867, 0.883, 0.906, 0.909, 0.835, 0.853, 0.911, 0.853, 0.898, 0.899, 0.863, 0.874, 0.894, 0.86, 0.841, 0.862, 0.876, 0.885, 0.898, 0.855, 0.9, 0.871, 0.878, 0.898, 0.902, 0.87, 0.871, 0.874, 0.865, 0.841, 0.852, 0.885, 0.883, 0.872, 0.894, 0.895, 0.886, 0.908, 0.901, 0.892, 0.87, 0.879, 0.891, 0.872, 0.908, 0.877, 0.872, 0.889, 0.883, 0.885, 0.862, 0.882, 0.896, 0.862, 0.895, 0.896, 0.894, 0.849, 0.845, 0.893, 0.871, 0.859, 0.893, 0.899, 0.892, 0.857, 0.786, 0.899]
0.877 0.023
5
[0.886, 0.881, 0.867, 0.894, 0.875, 0.867, 0.843, 0.865, 0.895, 0.899, 0.89, 0.877, 0.897, 0.859, 0.883, 0.863, 0.85, 0.895, 0.925, 0.914, 0.865, 0.85, 0.875, 0.893, 0.869, 0.879, 0.898, 0.909, 0.872, 0.834, 0.906, 0.868, 0.905, 0.863, 0.882, 0.906, 0.89, 0.865, 0.891, 0.839, 0.907, 0.881, 0.89, 0.895, 0.873, 0.907, 0.906, 0.866, 0.855, 0.895, 0.912, 0.876, 0.92, 0.883, 0.882, 0.906, 0.911, 0.898, 0.901, 0.883, 0.879, 0.886, 0.854, 0.908, 0.888, 0.883, 0.896, 0.91, 0.905, 0.891, 0.894, 0.864, 0.909, 0.917, 0.862, 0.865, 0.907, 0.895, 0.846, 0.91, 0.892, 0.908, 0.862, 0.866, 0.829, 0.904, 0.919, 0.912, 0.898, 0.891, 0.885, 0.887, 0.868, 0.91, 0.888, 0.881, 0.848, 0.865, 0.901, 0.875]
0.885 0.021
10
[0.914, 0.859, 0.894, 0.899, 0.896, 0.895, 0.906, 0.909, 0.855, 0.897, 0.864, 0.917, 0.909, 0.893, 0.886, 0.917, 0.911, 0.887, 0.867, 0.835, 0.877, 0.876, 0.878, 0.882, 0.888, 0.852, 0.864, 0.818, 0.91, 0.904, 0.875, 0.867, 0.889, 0.923, 0.876, 0.889, 0.898, 0.893, 0.911, 0.854, 0.894, 0.893, 0.869, 0.887, 0.891, 0.915, 0.9, 0.902, 0.883, 0.914, 0.873, 0.872, 0.885, 0.897, 0.896, 0.921, 0.886, 0.914, 0.894, 0.853, 0.904, 0.904, 0.902, 0.903, 0.915, 0.874, 0.875, 0.89, 0.916, 0.875, 0.911, 0.868, 0.86, 0.914, 0.868, 0.886, 0.886, 0.871, 0.895, 0.859, 0.89, 0.869, 0.87, 0.912, 0.863, 0.898, 0.899, 0.886, 0.901, 0.888, 0.864, 0.898, 0.9, 0.866, 0.897, 0.813, 0.867, 0.899, 0.901, 0.908]
0.887 0.021
20
[0.86, 0.88, 0.914, 0.912, 0.857, 0.889, 0.932, 0.891, 0.867, 0.907, 0.928, 0.885, 0.907, 0.889, 0.862, 0.881, 0.908, 0.875, 0.906, 0.888, 0.919, 0.919, 0.91, 0.907, 0.898, 0.891, 0.908, 0.914, 0.906, 0.855, 0.912, 0.885, 0.89, 0.918, 0.873, 0.914, 0.882, 0.857, 0.841, 0.886, 0.89, 0.887, 0.924, 0.883, 0.92, 0.891, 0.891, 0.883, 0.854, 0.875, 0.854, 0.891, 0.927, 0.887, 0.907, 0.915, 0.879, 0.899, 0.869, 0.884, 0.898, 0.885, 0.901, 0.907, 0.868, 0.914, 0.926, 0.899, 0.862, 0.894, 0.891, 0.904, 0.869, 0.858, 0.888, 0.898, 0.9, 0.88, 0.884, 0.836, 0.887, 0.837, 0.889, 0.92, 0.918, 0.883, 0.851, 0.901, 0.852, 0.906, 0.892, 0.917, 0.889, 0.933, 0.923, 0.927, 0.911, 0.849, 0.889, 0.921]
0.892 0.023
40
[0.902, 0.917, 0.923, 0.921, 0.906, 0.899, 0.87, 0.919, 0.896, 0.924, 0.915, 0.898, 0.92, 0.896, 0.886, 0.896, 0.893, 0.886, 0.913, 0.92, 0.915, 0.913, 0.894, 0.872, 0.921, 0.904, 0.89, 0.891, 0.858, 0.886, 0.862, 0.897, 0.883, 0.894, 0.908, 0.897, 0.857, 0.915, 0.86, 0.927, 0.872, 0.898, 0.888, 0.913, 0.907, 0.914, 0.92, 0.894, 0.92, 0.912, 0.933, 0.908, 0.914, 0.882, 0.873, 0.913, 0.815, 0.92, 0.85, 0.883, 0.924, 0.921, 0.9, 0.883, 0.883, 0.857, 0.903, 0.904, 0.846, 0.857, 0.9, 0.891, 0.86, 0.899, 0.912, 0.897, 0.889, 0.84, 0.913, 0.892, 0.892, 0.865, 0.89, 0.857, 0.888, 0.917, 0.914, 0.906, 0.882, 0.878, 0.884, 0.902, 0.906, 0.89, 0.917, 0.901, 0.915, 0.932, 0.889, 0.865]
0.895 0.022
80
[0.911, 0.924, 0.92, 0.93, 0.906, 0.857, 0.888, 0.941, 0.927, 0.914, 0.904, 0.895, 0.915, 0.901, 0.804, 0.929, 0.868, 0.901, 0.922, 0.892, 0.88, 0.893, 0.903, 0.888, 0.916, 0.882, 0.911, 0.891, 0.917, 0.91, 0.881, 0.918, 0.897, 0.921, 0.887, 0.931, 0.914, 0.91, 0.9, 0.937, 0.911, 0.925, 0.916, 0.92, 0.926, 0.929, 0.904, 0.882, 0.901, 0.898, 0.92, 0.909, 0.916, 0.93, 0.927, 0.896, 0.868, 0.849, 0.9, 0.894, 0.902, 0.896, 0.935, 0.905, 0.895, 0.888, 0.883, 0.894, 0.809, 0.934, 0.875, 0.903, 0.914, 0.891, 0.876, 0.903, 0.915, 0.922, 0.886, 0.921, 0.94, 0.923, 0.893, 0.82, 0.866, 0.909, 0.925, 0.854, 0.912, 0.916, 0.892, 0.914, 0.907, 0.884, 0.918, 0.836, 0.896, 0.902, 0.921, 0.86]
0.901 0.026
160
[0.899, 0.881, 0.908, 0.889, 0.897, 0.876, 0.891, 0.921, 0.941, 0.904, 0.935, 0.926, 0.899, 0.928, 0.894, 0.925, 0.842, 0.896, 0.928, 0.93, 0.928, 0.91, 0.941, 0.893, 0.928, 0.901, 0.898, 0.908, 0.898, 0.923, 0.879, 0.937, 0.906, 0.904, 0.931, 0.919, 0.928, 0.855, 0.912, 0.933, 0.888, 0.91, 0.92, 0.913, 0.926, 0.911, 0.922, 0.901, 0.908, 0.906, 0.909, 0.916, 0.924, 0.891, 0.927, 0.912, 0.865, 0.919, 0.929, 0.907, 0.922, 0.932, 0.902, 0.923, 0.921, 0.909, 0.938, 0.883, 0.928, 0.933, 0.858, 0.906, 0.917, 0.913, 0.924, 0.904, 0.909, 0.918, 0.924, 0.909, 0.875, 0.883, 0.89, 0.909, 0.917, 0.907, 0.924, 0.918, 0.898, 0.92, 0.922, 0.902, 0.932, 0.92, 0.922, 0.927, 0.912, 0.905, 0.917, 0.913]
0.91 0.019
320
[0.927, 0.926, 0.926, 0.911, 0.909, 0.944, 0.901, 0.925, 0.943, 0.922, 0.938, 0.897, 0.918, 0.929, 0.92, 0.915, 0.924, 0.907, 0.907, 0.924, 0.917, 0.929, 0.915, 0.896, 0.945, 0.916, 0.939, 0.947, 0.916, 0.928, 0.914, 0.929, 0.936, 0.919, 0.917, 0.901, 0.927, 0.928, 0.894, 0.937, 0.928, 0.924, 0.899, 0.922, 0.897, 0.902, 0.9, 0.922, 0.924, 0.908, 0.918, 0.915, 0.921, 0.934, 0.942, 0.932, 0.929, 0.922, 0.911, 0.933, 0.933, 0.912, 0.883, 0.931, 0.914, 0.875, 0.868, 0.92, 0.907, 0.942, 0.928, 0.914, 0.937, 0.92, 0.915, 0.918, 0.941, 0.909, 0.93, 0.899, 0.922, 0.935, 0.921, 0.919, 0.922, 0.916, 0.94, 0.927, 0.927, 0.914, 0.899, 0.931, 0.916, 0.915, 0.938, 0.912, 0.921, 0.934, 0.924, 0.937]
0.92 0.015

double CF (0.8, 0.2)
3
[0.88, 0.874, 0.84, 0.904, 0.866, 0.879, 0.878, 0.909, 0.905, 0.895, 0.906, 0.881, 0.886, 0.878, 0.815, 0.883, 0.857, 0.884, 0.865, 0.85, 0.853, 0.836, 0.867, 0.894, 0.879, 0.902, 0.848, 0.883, 0.857, 0.895, 0.852, 0.837, 0.89, 0.915, 0.892, 0.915, 0.907, 0.871, 0.907, 0.87, 0.88, 0.875, 0.908, 0.87, 0.889, 0.842, 0.867, 0.897, 0.902, 0.847, 0.886, 0.88, 0.866, 0.909, 0.796, 0.881, 0.899, 0.908, 0.836, 0.872, 0.9, 0.865, 0.896, 0.907, 0.898, 0.878, 0.836, 0.839, 0.821, 0.839, 0.807, 0.906, 0.906, 0.888, 0.9, 0.873, 0.871, 0.892, 0.863, 0.877, 0.806, 0.904, 0.873, 0.837, 0.897, 0.897, 0.871, 0.881, 0.886, 0.855, 0.881, 0.894, 0.874, 0.834, 0.891, 0.865, 0.831, 0.881, 0.909, 0.91]
0.876 0.027
5
[0.901, 0.893, 0.839, 0.823, 0.859, 0.873, 0.9, 0.896, 0.876, 0.849, 0.869, 0.909, 0.869, 0.896, 0.869, 0.884, 0.856, 0.912, 0.919, 0.881, 0.893, 0.875, 0.821, 0.808, 0.916, 0.893, 0.841, 0.893, 0.896, 0.874, 0.879, 0.879, 0.889, 0.891, 0.898, 0.91, 0.854, 0.863, 0.879, 0.894, 0.875, 0.902, 0.872, 0.885, 0.909, 0.891, 0.838, 0.889, 0.904, 0.88, 0.849, 0.868, 0.872, 0.853, 0.864, 0.903, 0.896, 0.881, 0.9, 0.914, 0.865, 0.904, 0.886, 0.876, 0.869, 0.892, 0.912, 0.902, 0.878, 0.878, 0.886, 0.874, 0.886, 0.9, 0.858, 0.881, 0.833, 0.886, 0.894, 0.874, 0.85, 0.873, 0.822, 0.881, 0.876, 0.883, 0.884, 0.872, 0.906, 0.868, 0.878, 0.873, 0.893, 0.898, 0.865, 0.906, 0.891, 0.861, 0.858, 0.873]
0.879 0.022
10
[0.882, 0.82, 0.904, 0.842, 0.904, 0.892, 0.908, 0.867, 0.863, 0.864, 0.847, 0.905, 0.842, 0.854, 0.896, 0.823, 0.905, 0.902, 0.883, 0.833, 0.881, 0.851, 0.903, 0.85, 0.901, 0.86, 0.853, 0.878, 0.873, 0.85, 0.895, 0.857, 0.893, 0.874, 0.877, 0.886, 0.883, 0.889, 0.838, 0.891, 0.862, 0.875, 0.855, 0.881, 0.885, 0.914, 0.884, 0.895, 0.891, 0.847, 0.895, 0.844, 0.902, 0.872, 0.854, 0.911, 0.888, 0.917, 0.887, 0.885, 0.909, 0.898, 0.895, 0.898, 0.861, 0.858, 0.88, 0.893, 0.926, 0.88, 0.877, 0.911, 0.901, 0.876, 0.859, 0.897, 0.922, 0.89, 0.909, 0.846, 0.886, 0.891, 0.915, 0.895, 0.901, 0.921, 0.899, 0.902, 0.885, 0.841, 0.915, 0.86, 0.894, 0.862, 0.833, 0.834, 0.886, 0.866, 0.88, 0.893]
0.88 0.024
20
[0.865, 0.868, 0.903, 0.846, 0.918, 0.891, 0.857, 0.873, 0.875, 0.866, 0.852, 0.872, 0.882, 0.889, 0.821, 0.892, 0.894, 0.898, 0.817, 0.924, 0.914, 0.835, 0.917, 0.883, 0.863, 0.909, 0.88, 0.904, 0.869, 0.875, 0.901, 0.891, 0.87, 0.862, 0.916, 0.874, 0.909, 0.907, 0.915, 0.889, 0.876, 0.853, 0.909, 0.91, 0.91, 0.874, 0.89, 0.886, 0.873, 0.888, 0.882, 0.916, 0.89, 0.881, 0.916, 0.895, 0.901, 0.911, 0.913, 0.875, 0.889, 0.898, 0.903, 0.917, 0.854, 0.875, 0.91, 0.912, 0.888, 0.847, 0.846, 0.884, 0.886, 0.874, 0.893, 0.882, 0.924, 0.849, 0.836, 0.892, 0.874, 0.908, 0.91, 0.918, 0.877, 0.904, 0.911, 0.863, 0.906, 0.915, 0.889, 0.873, 0.83, 0.859, 0.907, 0.893, 0.885, 0.898, 0.901, 0.896]
0.886 0.024
40
[0.887, 0.909, 0.889, 0.873, 0.901, 0.918, 0.889, 0.894, 0.92, 0.869, 0.909, 0.872, 0.852, 0.911, 0.869, 0.875, 0.907, 0.924, 0.912, 0.902, 0.89, 0.919, 0.922, 0.929, 0.905, 0.922, 0.88, 0.856, 0.91, 0.933, 0.879, 0.913, 0.875, 0.882, 0.922, 0.883, 0.907, 0.885, 0.84, 0.924, 0.894, 0.884, 0.924, 0.92, 0.894, 0.937, 0.909, 0.912, 0.932, 0.857, 0.902, 0.904, 0.889, 0.901, 0.91, 0.901, 0.885, 0.929, 0.88, 0.906, 0.901, 0.861, 0.906, 0.936, 0.93, 0.919, 0.907, 0.89, 0.872, 0.853, 0.885, 0.866, 0.917, 0.87, 0.919, 0.914, 0.873, 0.907, 0.879, 0.934, 0.896, 0.894, 0.869, 0.878, 0.868, 0.906, 0.887, 0.862, 0.903, 0.929, 0.873, 0.902, 0.885, 0.885, 0.83, 0.87, 0.895, 0.836, 0.872, 0.902]
0.895 0.024
80
0.867, 0.876, 0.912, 0.891, 0.895, 0.892, 0.885, 0.899, 0.886, 0.843, 0.856, 0.896, 0.91, 0.913, 0.909, 0.875, 0.877, 0.886, 0.92, 0.894, 0.897, 0.869, 0.917, 0.909, 0.869, 0.893, 0.892, 0.91, 0.888, 0.918, 0.877, 0.871, 0.865, 0.917, 0.853, 0.886, 0.935, 0.914, 0.908, 0.9, 0.899, 0.885, 0.892, 0.907, 0.925, 0.875, 0.919, 0.916, 0.904, 0.92, 0.933, 0.904, 0.937, 0.894, 0.917, 0.893, 0.92, 0.893, 0.897, 0.878, 0.934, 0.898, 0.885, 0.898, 0.916, 0.912, 0.892, 0.906, 0.935, 0.928, 0.917, 0.885, 0.869, 0.925, 0.909, 0.907, 0.9, 0.922, 0.897, 0.892, 0.89, 0.902, 0.909, 0.872, 0.935, 0.939, 0.868, 0.924, 0.921, 0.919, 0.935, 0.892, 0.896, 0.897, 0.914, 0.933, 0.922, 0.897, 0.873, 0.909]
0.901 0.021
160
[0.919, 0.933, 0.902, 0.933, 0.907, 0.925, 0.94, 0.875, 0.908, 0.91, 0.928, 0.902, 0.909, 0.899, 0.894, 0.923, 0.877, 0.9, 0.887, 0.924, 0.942, 0.929, 0.914, 0.915, 0.905, 0.879, 0.919, 0.923, 0.879, 0.915, 0.919, 0.91, 0.914, 0.926, 0.92, 0.889, 0.934, 0.919, 0.911, 0.905, 0.934, 0.937, 0.882, 0.905, 0.806, 0.898, 0.918, 0.937, 0.934, 0.913, 0.93, 0.861, 0.912, 0.909, 0.933, 0.924, 0.919, 0.917, 0.928, 0.924, 0.889, 0.837, 0.927, 0.938, 0.94, 0.927, 0.907, 0.919, 0.917, 0.883, 0.936, 0.901, 0.917, 0.932, 0.896, 0.912, 0.922, 0.898, 0.883, 0.889, 0.909, 0.944, 0.943, 0.896, 0.867, 0.863, 0.932, 0.922, 0.924, 0.891, 0.928, 0.913, 0.943, 0.926, 0.891, 0.923, 0.938, 0.919, 0.895, 0.919]
0.911 0.023
320
[0.926, 0.94, 0.936, 0.898, 0.923, 0.891, 0.93, 0.933, 0.889, 0.93, 0.931, 0.93, 0.925, 0.891, 0.92, 0.91, 0.919, 0.956, 0.92, 0.878, 0.936, 0.926, 0.924, 0.937, 0.897, 0.926, 0.924, 0.921, 0.929, 0.873, 0.852, 0.865, 0.907, 0.922, 0.904, 0.941, 0.939, 0.944, 0.92, 0.926, 0.916, 0.932, 0.923, 0.911, 0.914, 0.925, 0.928, 0.939, 0.93, 0.92, 0.924, 0.903, 0.918, 0.905, 0.917, 0.912, 0.926, 0.896, 0.916, 0.95, 0.93, 0.93, 0.952, 0.935, 0.931, 0.902, 0.901, 0.911, 0.946, 0.847, 0.917, 0.916, 0.932, 0.925, 0.943, 0.941, 0.914, 0.87, 0.924, 0.92, 0.919, 0.935, 0.932, 0.924, 0.935, 0.917, 0.891, 0.914, 0.934, 0.923, 0.945, 0.919, 0.912, 0.881, 0.913, 0.874, 0.95, 0.932, 0.907, 0.927]
0.919 0.021

double CF (0.9, 0.1)
3
[0.913, 0.875, 0.896, 0.867, 0.807, 0.895, 0.896, 0.901, 0.879, 0.907, 0.888, 0.863, 0.881, 0.845, 0.915, 0.893, 0.889, 0.893, 0.863, 0.87, 0.807, 0.855, 0.85, 0.873, 0.897, 0.899, 0.861, 0.848, 0.871, 0.893, 0.872, 0.85, 0.862, 0.871, 0.894, 0.877, 0.857, 0.885, 0.874, 0.875, 0.899, 0.85, 0.897, 0.828, 0.896, 0.888, 0.902, 0.875, 0.868, 0.899, 0.902, 0.864, 0.876, 0.893, 0.886, 0.879, 0.898, 0.867, 0.864, 0.894, 0.9, 0.903, 0.875, 0.811, 0.89, 0.9, 0.877, 0.891, 0.914, 0.91, 0.823, 0.881, 0.898, 0.832, 0.889, 0.877, 0.879, 0.855, 0.857, 0.899, 0.872, 0.839, 0.881, 0.901, 0.893, 0.876, 0.873, 0.865, 0.827, 0.893, 0.899, 0.902, 0.894, 0.877, 0.918, 0.904, 0.889, 0.848, 0.853, 0.832]
0.877 0.024
5
[0.916, 0.863, 0.893, 0.854, 0.883, 0.905, 0.897, 0.884, 0.907, 0.896, 0.878, 0.884, 0.896, 0.875, 0.877, 0.839, 0.891, 0.89, 0.892, 0.882, 0.865, 0.876, 0.871, 0.904, 0.865, 0.859, 0.804, 0.908, 0.894, 0.909, 0.838, 0.915, 0.889, 0.928, 0.862, 0.898, 0.868, 0.896, 0.866, 0.843, 0.908, 0.85, 0.876, 0.852, 0.926, 0.815, 0.898, 0.891, 0.896, 0.912, 0.901, 0.842, 0.871, 0.876, 0.891, 0.837, 0.82, 0.906, 0.865, 0.814, 0.909, 0.849, 0.886, 0.842, 0.887, 0.884, 0.878, 0.912, 0.901, 0.891, 0.898, 0.883, 0.86, 0.873, 0.886, 0.878, 0.857, 0.832, 0.888, 0.904, 0.901, 0.877, 0.892, 0.883, 0.865, 0.921, 0.85, 0.889, 0.898, 0.878, 0.896, 0.872, 0.89, 0.884, 0.88, 0.891, 0.765, 0.911, 0.885, 0.898]
0.879 0.027
10
[0.91, 0.875, 0.908, 0.874, 0.879, 0.88, 0.886, 0.887, 0.862, 0.892, 0.87, 0.912, 0.87, 0.852, 0.893, 0.911, 0.87, 0.874, 0.887, 0.888, 0.903, 0.872, 0.885, 0.888, 0.917, 0.875, 0.912, 0.915, 0.871, 0.872, 0.864, 0.852, 0.899, 0.885, 0.892, 0.878, 0.873, 0.864, 0.895, 0.907, 0.882, 0.824, 0.895, 0.863, 0.885, 0.907, 0.862, 0.884, 0.841, 0.896, 0.847, 0.88, 0.817, 0.849, 0.882, 0.906, 0.867, 0.92, 0.869, 0.912, 0.88, 0.904, 0.891, 0.872, 0.914, 0.828, 0.891, 0.872, 0.826, 0.878, 0.872, 0.903, 0.888, 0.911, 0.864, 0.913, 0.845, 0.823, 0.868, 0.811, 0.867, 0.837, 0.9, 0.914, 0.899, 0.872, 0.904, 0.846, 0.899, 0.845, 0.883, 0.911, 0.889, 0.87, 0.892, 0.876, 0.868, 0.887, 0.901, 0.876]
0.88 0.024
20
[0.894, 0.875, 0.884, 0.906, 0.859, 0.895, 0.88, 0.858, 0.888, 0.931, 0.899, 0.868, 0.897, 0.889, 0.921, 0.913, 0.855, 0.92, 0.897, 0.901, 0.909, 0.84, 0.92, 0.89, 0.885, 0.873, 0.895, 0.872, 0.888, 0.861, 0.842, 0.897, 0.906, 0.917, 0.894, 0.886, 0.893, 0.907, 0.846, 0.882, 0.885, 0.879, 0.884, 0.893, 0.865, 0.915, 0.924, 0.877, 0.815, 0.928, 0.864, 0.915, 0.899, 0.901, 0.911, 0.829, 0.885, 0.866, 0.872, 0.824, 0.888, 0.881, 0.917, 0.868, 0.88, 0.891, 0.91, 0.867, 0.836, 0.878, 0.898, 0.894, 0.919, 0.918, 0.9, 0.867, 0.941, 0.897, 0.886, 0.901, 0.848, 0.886, 0.833, 0.875, 0.897, 0.915, 0.881, 0.922, 0.897, 0.919, 0.886, 0.893, 0.895, 0.914, 0.89, 0.888, 0.886, 0.902, 0.862, 0.909]
0.888 0.025
40
[0.915, 0.891, 0.912, 0.878, 0.875, 0.885, 0.9, 0.936, 0.824, 0.911, 0.914, 0.917, 0.916, 0.938, 0.916, 0.857, 0.896, 0.913, 0.88, 0.906, 0.891, 0.922, 0.876, 0.902, 0.92, 0.898, 0.899, 0.916, 0.928, 0.902, 0.881, 0.899, 0.912, 0.886, 0.923, 0.888, 0.911, 0.864, 0.937, 0.903, 0.927, 0.893, 0.895, 0.921, 0.91, 0.926, 0.909, 0.829, 0.909, 0.757, 0.9, 0.894, 0.868, 0.887, 0.92, 0.9, 0.885, 0.926, 0.88, 0.885, 0.857, 0.917, 0.915, 0.872, 0.864, 0.9, 0.909, 0.914, 0.854, 0.923, 0.904, 0.918, 0.924, 0.903, 0.886, 0.909, 0.905, 0.837, 0.923, 0.925, 0.892, 0.875, 0.929, 0.902, 0.928, 0.921, 0.927, 0.876, 0.9, 0.899, 0.899, 0.867, 0.896, 0.865, 0.9, 0.92, 0.906, 0.916, 0.914, 0.884]
0.898 0.027
80
[0.879, 0.91, 0.911, 0.91, 0.902, 0.883, 0.899, 0.896, 0.924, 0.908, 0.931, 0.934, 0.911, 0.933, 0.901, 0.902, 0.907, 0.846, 0.88, 0.889, 0.894, 0.901, 0.866, 0.893, 0.872, 0.888, 0.906, 0.912, 0.883, 0.86, 0.912, 0.916, 0.924, 0.906, 0.922, 0.889, 0.937, 0.919, 0.875, 0.901, 0.92, 0.928, 0.923, 0.929, 0.894, 0.939, 0.92, 0.917, 0.884, 0.898, 0.897, 0.906, 0.867, 0.931, 0.91, 0.921, 0.915, 0.884, 0.893, 0.924, 0.897, 0.854, 0.913, 0.92, 0.942, 0.902, 0.879, 0.921, 0.927, 0.929, 0.814, 0.9, 0.916, 0.914, 0.911, 0.93, 0.944, 0.904, 0.906, 0.924, 0.889, 0.902, 0.906, 0.932, 0.941, 0.872, 0.914, 0.925, 0.897, 0.869, 0.908, 0.924, 0.927, 0.915, 0.932, 0.881, 0.886, 0.913, 0.871, 0.915]
0.905 0.023
160
[0.944, 0.919, 0.919, 0.906, 0.904, 0.91, 0.913, 0.928, 0.932, 0.899, 0.922, 0.908, 0.928, 0.907, 0.93, 0.926, 0.92, 0.913, 0.945, 0.924, 0.934, 0.922, 0.919, 0.864, 0.915, 0.879, 0.883, 0.926, 0.922, 0.931, 0.934, 0.909, 0.948, 0.911, 0.941, 0.916, 0.921, 0.917, 0.922, 0.912, 0.937, 0.924, 0.921, 0.928, 0.923, 0.931, 0.926, 0.917, 0.894, 0.927, 0.938, 0.875, 0.913, 0.916, 0.945, 0.894, 0.938, 0.9, 0.898, 0.898, 0.908, 0.905, 0.923, 0.927, 0.87, 0.936, 0.907, 0.84, 0.921, 0.888, 0.915, 0.928, 0.917, 0.943, 0.902, 0.924, 0.913, 0.887, 0.931, 0.927, 0.927, 0.845, 0.919, 0.853, 0.891, 0.913, 0.914, 0.94, 0.915, 0.886, 0.87, 0.896, 0.925, 0.876, 0.922, 0.928, 0.914, 0.935, 0.924, 0.914]
0.914 0.021
320
[0.938, 0.94, 0.936, 0.948, 0.93, 0.922, 0.924, 0.935, 0.947, 0.936, 0.899, 0.909, 0.89, 0.924, 0.904, 0.939, 0.927, 0.944, 0.937, 0.911, 0.932, 0.893, 0.915, 0.935, 0.924, 0.926, 0.916, 0.892, 0.911, 0.932, 0.921, 0.922, 0.901, 0.884, 0.927, 0.93, 0.933, 0.905, 0.924, 0.954, 0.913, 0.928, 0.942, 0.933, 0.934, 0.851, 0.93, 0.94, 0.932, 0.954, 0.924, 0.929, 0.925, 0.933, 0.922, 0.935, 0.945, 0.935, 0.941, 0.919, 0.943, 0.885, 0.909, 0.931, 0.933, 0.909, 0.938, 0.923, 0.929, 0.905, 0.933, 0.935, 0.897, 0.929, 0.903, 0.912, 0.943, 0.924, 0.925, 0.901, 0.931, 0.901, 0.929, 0.933, 0.909, 0.935, 0.917, 0.93, 0.92, 0.954, 0.932, 0.934, 0.913, 0.907, 0.918, 0.938, 0.913, 0.925, 0.933, 0.896]
0.924 0.017
