prediction interface
3
[0.433, 0.488, 0.488, 0.756, 0.496, 0.74, 0.512, 0.504, 0.748, 0.732, 0.795, 0.488, 0.701, 0.512, 0.504, 0.858, 0.772, 0.583, 0.78, 0.772, 0.709, 0.795, 0.449, 0.772, 0.543, 0.819, 0.827, 0.488, 0.772, 0.795, 0.843, 0.764, 0.795, 0.677, 0.827, 0.787, 0.724, 0.701, 0.512, 0.488, 0.661, 0.724, 0.748, 0.63, 0.764, 0.803, 0.512, 0.803, 0.512, 0.693, 0.756, 0.677, 0.512, 0.787, 0.709, 0.512, 0.512, 0.787, 0.512, 0.551, 0.78, 0.622, 0.78, 0.803, 0.819, 0.591, 0.693, 0.74, 0.748, 0.52, 0.496, 0.512, 0.748, 0.74, 0.512, 0.764, 0.512, 0.78, 0.425, 0.724, 0.669, 0.795, 0.795, 0.52, 0.677, 0.291, 0.661, 0.795, 0.425, 0.488, 0.646, 0.512, 0.512, 0.764, 0.512, 0.512, 0.795, 0.512, 0.488, 0.512]
0.651 0.134
5
[0.748, 0.732, 0.756, 0.772, 0.764, 0.724, 0.748, 0.512, 0.756, 0.827, 0.819, 0.858, 0.795, 0.858, 0.772, 0.803, 0.827, 0.787, 0.811, 0.709, 0.772, 0.63, 0.512, 0.748, 0.701, 0.717, 0.748, 0.827, 0.748, 0.835, 0.835, 0.717, 0.512, 0.512, 0.858, 0.803, 0.669, 0.638, 0.732, 0.85, 0.512, 0.795, 0.811, 0.488, 0.795, 0.874, 0.512, 0.78, 0.433, 0.843, 0.787, 0.63, 0.811, 0.661, 0.803, 0.724, 0.819, 0.803, 0.819, 0.433, 0.874, 0.795, 0.606, 0.819, 0.488, 0.803, 0.787, 0.772, 0.677, 0.441, 0.701, 0.677, 0.772, 0.819, 0.732, 0.787, 0.591, 0.795, 0.858, 0.803, 0.583, 0.709, 0.701, 0.78, 0.669, 0.685, 0.787, 0.512, 0.811, 0.614, 0.685, 0.315, 0.559, 0.504, 0.724, 0.78, 0.717, 0.559, 0.795, 0.756]
0.717 0.12
10
[0.827, 0.661, 0.772, 0.78, 0.764, 0.63, 0.772, 0.591, 0.803, 0.795, 0.85, 0.827, 0.819, 0.827, 0.78, 0.882, 0.787, 0.795, 0.882, 0.598, 0.606, 0.803, 0.772, 0.724, 0.843, 0.787, 0.795, 0.748, 0.78, 0.756, 0.819, 0.717, 0.795, 0.858, 0.843, 0.819, 0.827, 0.835, 0.748, 0.811, 0.835, 0.819, 0.764, 0.811, 0.701, 0.748, 0.795, 0.874, 0.835, 0.78, 0.591, 0.732, 0.843, 0.811, 0.795, 0.748, 0.732, 0.803, 0.669, 0.78, 0.772, 0.803, 0.85, 0.701, 0.827, 0.78, 0.795, 0.795, 0.858, 0.827, 0.756, 0.819, 0.74, 0.803, 0.732, 0.843, 0.827, 0.866, 0.764, 0.827, 0.74, 0.85, 0.803, 0.724, 0.85, 0.78, 0.732, 0.827, 0.803, 0.803, 0.787, 0.724, 0.764, 0.819, 0.866, 0.89, 0.709, 0.835, 0.858, 0.827]
0.786 0.063
20
[0.85, 0.787, 0.811, 0.874, 0.858, 0.803, 0.906, 0.858, 0.874, 0.882, 0.866, 0.827, 0.858, 0.843, 0.85, 0.85, 0.803, 0.764, 0.795, 0.858, 0.787, 0.835, 0.795, 0.732, 0.787, 0.748, 0.732, 0.858, 0.866, 0.756, 0.78, 0.843, 0.858, 0.827, 0.772, 0.756, 0.795, 0.787, 0.85, 0.874, 0.819, 0.827, 0.882, 0.835, 0.827, 0.78, 0.803, 0.843, 0.843, 0.787, 0.717, 0.835, 0.724, 0.89, 0.795, 0.772, 0.835, 0.827, 0.701, 0.787, 0.819, 0.795, 0.85, 0.866, 0.811, 0.795, 0.819, 0.835, 0.819, 0.803, 0.756, 0.803, 0.843, 0.819, 0.819, 0.819, 0.772, 0.78, 0.78, 0.764, 0.811, 0.827, 0.78, 0.843, 0.85, 0.669, 0.819, 0.819, 0.614, 0.843, 0.724, 0.827, 0.748, 0.78, 0.874, 0.835, 0.835, 0.74, 0.795, 0.827]
0.81 0.049
40
[0.827, 0.882, 0.858, 0.819, 0.858, 0.827, 0.827, 0.811, 0.811, 0.858, 0.85, 0.843, 0.835, 0.835, 0.843, 0.843, 0.772, 0.843, 0.811, 0.843, 0.85, 0.835, 0.819, 0.874, 0.882, 0.874, 0.827, 0.819, 0.772, 0.85, 0.882, 0.85, 0.874, 0.835, 0.866, 0.858, 0.843, 0.835, 0.827, 0.787, 0.874, 0.85, 0.843, 0.843, 0.874, 0.85, 0.898, 0.85, 0.89, 0.858, 0.85, 0.866, 0.835, 0.835, 0.811, 0.843, 0.874, 0.858, 0.843, 0.811, 0.874, 0.835, 0.835, 0.874, 0.811, 0.843, 0.866, 0.827, 0.819, 0.827, 0.819, 0.756, 0.913, 0.858, 0.85, 0.882, 0.85, 0.835, 0.858, 0.795, 0.858, 0.811, 0.874, 0.803, 0.835, 0.819, 0.858, 0.858, 0.858, 0.866, 0.795, 0.85, 0.874, 0.882, 0.874, 0.866, 0.843, 0.874, 0.858, 0.827]
0.844 0.027
80
[0.858, 0.858, 0.858, 0.874, 0.882, 0.866, 0.858, 0.898, 0.921, 0.874, 0.898, 0.898, 0.89, 0.858, 0.882, 0.866, 0.85, 0.858, 0.882, 0.858, 0.882, 0.906, 0.866, 0.866, 0.866, 0.882, 0.858, 0.858, 0.843, 0.882, 0.874, 0.874, 0.858, 0.874, 0.85, 0.866, 0.913, 0.835, 0.858, 0.89, 0.906, 0.858, 0.858, 0.858, 0.85, 0.874, 0.921, 0.89, 0.866, 0.882, 0.882, 0.882, 0.874, 0.85, 0.882, 0.866, 0.882, 0.835, 0.866, 0.882, 0.835, 0.874, 0.898, 0.858, 0.835, 0.866, 0.835, 0.858, 0.89, 0.89, 0.898, 0.898, 0.882, 0.882, 0.866, 0.866, 0.85, 0.827, 0.874, 0.866, 0.882, 0.85, 0.89, 0.866, 0.827, 0.866, 0.85, 0.882, 0.882, 0.858, 0.874, 0.866, 0.913, 0.898, 0.882, 0.874, 0.85, 0.85, 0.882, 0.882]
0.871 0.02
126
[0.882, 0.882, 0.882, 0.874, 0.882, 0.898, 0.874, 0.866, 0.898, 0.874, 0.874, 0.866, 0.913, 0.874, 0.866, 0.882, 0.898, 0.882, 0.874, 0.858, 0.874, 0.874, 0.866, 0.866, 0.866, 0.882, 0.874, 0.858, 0.898, 0.866, 0.874, 0.858, 0.89, 0.882, 0.858, 0.882, 0.898, 0.898, 0.906, 0.898, 0.898, 0.874, 0.882, 0.866, 0.858, 0.874, 0.85, 0.898, 0.874, 0.866, 0.858, 0.858, 0.89, 0.89, 0.882, 0.866, 0.874, 0.866, 0.882, 0.89, 0.874, 0.858, 0.89, 0.874, 0.866, 0.874, 0.874, 0.874, 0.882, 0.874, 0.882, 0.874, 0.874, 0.858, 0.882, 0.85, 0.874, 0.898, 0.866, 0.866, 0.89, 0.89, 0.874, 0.882, 0.89, 0.89, 0.882, 0.866, 0.858, 0.858, 0.858, 0.898, 0.89, 0.85, 0.858, 0.898, 0.874, 0.874, 0.866, 0.89]
0.877 0.014

prediction interface + coreset 
3
[0.77, 0.51, 0.74, 0.8, 0.7, 0.79, 0.8, 0.51, 0.8, 0.51, 0.51, 0.8, 0.7, 0.8, 0.51, 0.79, 0.72, 0.8, 0.51, 0.75, 0.77, 0.82, 0.8, 0.8, 0.78, 0.79, 0.34, 0.83, 0.76, 0.78, 0.8, 0.75, 0.78, 0.8, 0.51, 0.79, 0.76, 0.8, 0.79, 0.51, 0.76, 0.74, 0.75, 0.78, 0.76, 0.74, 0.81, 0.77, 0.73, 0.76, 0.71, 0.8, 0.72, 0.76, 0.51, 0.72, 0.8, 0.81, 0.8, 0.51, 0.7, 0.8, 0.81, 0.8, 0.61, 0.57, 0.76, 0.76, 0.8, 0.51, 0.54, 0.76, 0.76, 0.8, 0.8, 0.51, 0.82, 0.72, 0.51, 0.72, 0.51, 0.81, 0.8, 0.73, 0.8, 0.51, 0.51, 0.5, 0.52, 0.81, 0.76, 0.8, 0.65, 0.76, 0.81, 0.51, 0.8, 0.41, 0.79, 0.8]
0.71 0.12
5
[0.65, 0.75, 0.8, 0.83, 0.77, 0.65, 0.82, 0.74, 0.8, 0.61, 0.8, 0.81, 0.69, 0.76, 0.81, 0.84, 0.8, 0.78, 0.8, 0.81, 0.61, 0.78, 0.8, 0.81, 0.82, 0.71, 0.8, 0.73, 0.82, 0.8, 0.74, 0.74, 0.79, 0.76, 0.78, 0.72, 0.76, 0.79, 0.78, 0.7, 0.83, 0.8, 0.7, 0.72, 0.71, 0.78, 0.71, 0.78, 0.83, 0.73, 0.65, 0.8, 0.83, 0.78, 0.78, 0.8, 0.82, 0.77, 0.75, 0.72, 0.8, 0.71, 0.79, 0.82, 0.7, 0.76, 0.81, 0.63, 0.76, 0.71, 0.81, 0.81, 0.83, 0.72, 0.69, 0.8, 0.78, 0.72, 0.83, 0.72, 0.8, 0.8, 0.8, 0.72, 0.79, 0.79, 0.8, 0.74, 0.79, 0.61, 0.79, 0.79, 0.83, 0.86, 0.8, 0.65, 0.81, 0.73, 0.75, 0.83]
0.765 0.056
10
[0.76, 0.76, 0.69, 0.74, 0.8, 0.69, 0.77, 0.67, 0.66, 0.78, 0.88, 0.69, 0.69, 0.73, 0.75, 0.66, 0.73, 0.84, 0.71, 0.73, 0.82, 0.87, 0.74, 0.65, 0.79, 0.88, 0.75, 0.71, 0.81, 0.79, 0.76, 0.87, 0.75, 0.81, 0.7, 0.85, 0.72, 0.65, 0.77, 0.85, 0.7, 0.68, 0.67, 0.76, 0.73, 0.72, 0.65, 0.8, 0.81, 0.7, 0.75, 0.85, 0.73, 0.76, 0.7, 0.63, 0.78, 0.63, 0.72, 0.82, 0.64, 0.79, 0.72, 0.87, 0.78, 0.77, 0.73, 0.64, 0.76, 0.83, 0.69, 0.8, 0.81, 0.64, 0.78, 0.68, 0.61, 0.87, 0.79, 0.8, 0.77, 0.64, 0.68, 0.86, 0.75, 0.76, 0.87, 0.77, 0.72, 0.69, 0.78, 0.64, 0.69, 0.66, 0.85, 0.6, 0.69, 0.63, 0.76, 0.61]
0.743 0.072
20
[0.87, 0.82, 0.83, 0.76, 0.85, 0.83, 0.78, 0.83, 0.87, 0.84, 0.84, 0.85, 0.8, 0.83, 0.83, 0.83, 0.83, 0.83, 0.83, 0.84, 0.86, 0.75, 0.84, 0.87, 0.87, 0.83, 0.83, 0.87, 0.83, 0.85, 0.81, 0.8, 0.81, 0.8, 0.82, 0.76, 0.84, 0.85, 0.8, 0.83, 0.84, 0.83, 0.83, 0.88, 0.8, 0.83, 0.88, 0.83, 0.88, 0.82, 0.82, 0.83, 0.85, 0.89, 0.83, 0.76, 0.81, 0.85, 0.86, 0.83, 0.82, 0.83, 0.85, 0.84, 0.86, 0.83, 0.87, 0.84, 0.83, 0.8, 0.83, 0.83, 0.81, 0.83, 0.81, 0.83, 0.79, 0.76, 0.87, 0.82, 0.79, 0.82, 0.82, 0.81, 0.85, 0.86, 0.86, 0.75, 0.83, 0.87, 0.81, 0.87, 0.8, 0.8, 0.83, 0.85, 0.81, 0.86, 0.83, 0.88]
0.83 0.03
40
[0.81, 0.87, 0.81, 0.87, 0.8, 0.8, 0.8, 0.87, 0.87, 0.86, 0.89, 0.84, 0.86, 0.86, 0.83, 0.86, 0.87, 0.85, 0.84, 0.85, 0.85, 0.82, 0.8, 0.83, 0.83, 0.87, 0.85, 0.86, 0.83, 0.87, 0.88, 0.87, 0.87, 0.84, 0.86, 0.87, 0.82, 0.78, 0.87, 0.87, 0.85, 0.84, 0.83, 0.83, 0.81, 0.86, 0.87, 0.81, 0.86, 0.87, 0.88, 0.83, 0.81, 0.83, 0.86, 0.85, 0.82, 0.87, 0.85, 0.88, 0.84, 0.83, 0.86, 0.82, 0.86, 0.8, 0.84, 0.82, 0.87, 0.86, 0.83, 0.87, 0.83, 0.86, 0.87, 0.85, 0.84, 0.88, 0.88, 0.87, 0.84, 0.83, 0.82, 0.85, 0.8, 0.83, 0.83, 0.86, 0.84, 0.83, 0.87, 0.83, 0.85, 0.82, 0.84, 0.84, 0.85, 0.89, 0.87, 0.83]
0.846 0.024
80
[0.88, 0.87, 0.87, 0.85, 0.86, 0.86, 0.89, 0.88, 0.88, 0.87, 0.89, 0.87, 0.87, 0.87, 0.88, 0.86, 0.86, 0.87, 0.86, 0.87, 0.87, 0.89, 0.85, 0.83, 0.88, 0.87, 0.85, 0.86, 0.85, 0.85, 0.87, 0.87, 0.87, 0.87, 0.87, 0.87, 0.87, 0.86, 0.88, 0.87, 0.87, 0.87, 0.87, 0.85, 0.87, 0.87, 0.87, 0.87, 0.89, 0.86, 0.88, 0.87, 0.87, 0.87, 0.9, 0.87, 0.85, 0.88, 0.87, 0.89, 0.84, 0.85, 0.87, 0.89, 0.88, 0.89, 0.86, 0.87, 0.87, 0.85, 0.87, 0.87, 0.87, 0.89, 0.89, 0.87, 0.86, 0.84, 0.87, 0.86, 0.84, 0.84, 0.91, 0.89, 0.88, 0.89, 0.87, 0.87, 0.88, 0.85, 0.86, 0.86, 0.87, 0.86, 0.86, 0.87, 0.87, 0.87, 0.87, 0.88]
0.869 0.014
126
[0.87, 0.87, 0.89, 0.87, 0.87, 0.87, 0.87, 0.87, 0.91, 0.91, 0.86, 0.87, 0.88, 0.88, 0.86, 0.87, 0.85, 0.89, 0.9, 0.88, 0.86, 0.89, 0.86, 0.88, 0.88, 0.87, 0.88, 0.87, 0.88, 0.89, 0.85, 0.88, 0.91, 0.9, 0.89, 0.87, 0.87, 0.87, 0.89, 0.87, 0.87, 0.87, 0.87, 0.87, 0.86, 0.88, 0.87, 0.85, 0.89, 0.88, 0.87, 0.87, 0.87, 0.89, 0.87, 0.89, 0.87, 0.87, 0.87, 0.89, 0.88, 0.87, 0.87, 0.89, 0.87, 0.89, 0.89, 0.85, 0.9, 0.89, 0.87, 0.87, 0.89, 0.91, 0.87, 0.9, 0.87, 0.89, 0.86, 0.88, 0.87, 0.87, 0.88, 0.87, 0.87, 0.88, 0.87, 0.9, 0.88, 0.88, 0.87, 0.87, 0.86, 0.88, 0.89, 0.87, 0.87, 0.88, 0.87, 0.87]
0.877 0.013


model extraction
3
[0.748, 0.724, 0.709, 0.858, 0.764, 0.795, 0.74, 0.819, 0.646, 0.803, 0.795, 0.748, 0.724, 0.866, 0.819, 0.661, 0.764, 0.756, 0.795, 0.835, 0.756, 0.685, 0.701, 0.843, 0.819, 0.78, 0.669, 0.85, 0.78, 0.614, 0.835, 0.858, 0.764, 0.78, 0.89, 0.827, 0.717, 0.866, 0.74, 0.646, 0.748, 0.795, 0.795, 0.858, 0.654, 0.827, 0.717, 0.89, 0.811, 0.795, 0.646, 0.677, 0.677, 0.85, 0.772, 0.803, 0.803, 0.772, 0.843, 0.787, 0.866, 0.843, 0.669, 0.795, 0.764, 0.772, 0.795, 0.811, 0.858, 0.803, 0.787, 0.78, 0.772, 0.701, 0.835, 0.772, 0.693, 0.843, 0.693, 0.795, 0.693, 0.606, 0.756, 0.764, 0.787, 0.843, 0.677, 0.74, 0.598, 0.591, 0.748, 0.843, 0.866, 0.819, 0.764, 0.764, 0.677, 0.638, 0.803, 0.795]
0.767 0.07
5
[0.811, 0.803, 0.764, 0.78, 0.819, 0.835, 0.693, 0.756, 0.748, 0.843, 0.669, 0.843, 0.764, 0.921, 0.835, 0.787, 0.811, 0.701, 0.724, 0.724, 0.669, 0.858, 0.772, 0.795, 0.685, 0.787, 0.819, 0.646, 0.583, 0.803, 0.795, 0.685, 0.803, 0.795, 0.835, 0.748, 0.843, 0.898, 0.811, 0.803, 0.654, 0.748, 0.748, 0.78, 0.724, 0.654, 0.803, 0.85, 0.748, 0.701, 0.866, 0.74, 0.835, 0.787, 0.701, 0.693, 0.772, 0.803, 0.717, 0.78, 0.803, 0.748, 0.85, 0.85, 0.811, 0.693, 0.827, 0.78, 0.756, 0.764, 0.74, 0.606, 0.85, 0.661, 0.693, 0.85, 0.827, 0.835, 0.811, 0.701, 0.835, 0.803, 0.795, 0.614, 0.835, 0.732, 0.819, 0.732, 0.795, 0.787, 0.669, 0.843, 0.677, 0.701, 0.78, 0.677, 0.858, 0.701, 0.795, 0.748]
0.768 0.067
10
[0.669, 0.811, 0.732, 0.701, 0.764, 0.89, 0.819, 0.709, 0.811, 0.74, 0.685, 0.693, 0.811, 0.843, 0.63, 0.764, 0.709, 0.772, 0.756, 0.677, 0.835, 0.772, 0.74, 0.63, 0.811, 0.748, 0.827, 0.685, 0.717, 0.717, 0.795, 0.724, 0.732, 0.669, 0.764, 0.811, 0.732, 0.811, 0.819, 0.858, 0.772, 0.78, 0.874, 0.693, 0.811, 0.906, 0.772, 0.827, 0.646, 0.858, 0.614, 0.74, 0.835, 0.787, 0.85, 0.772, 0.85, 0.693, 0.717, 0.724, 0.787, 0.724, 0.756, 0.717, 0.78, 0.693, 0.882, 0.724, 0.614, 0.74, 0.866, 0.795, 0.803, 0.78, 0.772, 0.787, 0.866, 0.614, 0.787, 0.795, 0.866, 0.764, 0.819, 0.693, 0.78, 0.811, 0.835, 0.819, 0.787, 0.748, 0.74, 0.803, 0.811, 0.732, 0.685, 0.677, 0.827, 0.772, 0.866, 0.803]
0.766 0.066
20
[0.724, 0.835, 0.827, 0.756, 0.748, 0.835, 0.858, 0.78, 0.835, 0.835, 0.874, 0.787, 0.764, 0.827, 0.858, 0.827, 0.764, 0.677, 0.787, 0.803, 0.858, 0.882, 0.843, 0.819, 0.85, 0.74, 0.843, 0.772, 0.756, 0.709, 0.732, 0.882, 0.811, 0.764, 0.756, 0.748, 0.772, 0.701, 0.756, 0.764, 0.709, 0.811, 0.819, 0.811, 0.89, 0.843, 0.772, 0.827, 0.764, 0.787, 0.858, 0.827, 0.795, 0.732, 0.709, 0.858, 0.843, 0.748, 0.772, 0.732, 0.795, 0.819, 0.772, 0.787, 0.85, 0.835, 0.835, 0.811, 0.732, 0.843, 0.89, 0.811, 0.874, 0.811, 0.803, 0.795, 0.819, 0.803, 0.78, 0.756, 0.874, 0.882, 0.772, 0.732, 0.882, 0.819, 0.819, 0.795, 0.787, 0.787, 0.843, 0.701, 0.819, 0.803, 0.85, 0.669, 0.795, 0.748, 0.772, 0.724]
0.798 0.051
40
[0.772, 0.843, 0.827, 0.858, 0.874, 0.835, 0.811, 0.858, 0.811, 0.787, 0.772, 0.795, 0.772, 0.803, 0.898, 0.803, 0.874, 0.866, 0.756, 0.85, 0.858, 0.795, 0.874, 0.858, 0.811, 0.803, 0.85, 0.78, 0.858, 0.882, 0.866, 0.882, 0.827, 0.787, 0.819, 0.874, 0.811, 0.835, 0.803, 0.819, 0.724, 0.787, 0.748, 0.858, 0.843, 0.835, 0.882, 0.772, 0.898, 0.795, 0.858, 0.795, 0.795, 0.85, 0.827, 0.795, 0.772, 0.819, 0.811, 0.819, 0.764, 0.811, 0.827, 0.756, 0.866, 0.866, 0.85, 0.882, 0.764, 0.858, 0.913, 0.835, 0.795, 0.85, 0.78, 0.858, 0.843, 0.874, 0.85, 0.835, 0.874, 0.795, 0.764, 0.882, 0.819, 0.874, 0.835, 0.843, 0.882, 0.843, 0.811, 0.843, 0.858, 0.835, 0.874, 0.78, 0.913, 0.819, 0.835, 0.835]
0.829 0.04
80
[0.866, 0.913, 0.906, 0.921, 0.835, 0.89, 0.913, 0.85, 0.882, 0.921, 0.858, 0.89, 0.882, 0.874, 0.882, 0.898, 0.882, 0.89, 0.898, 0.866, 0.874, 0.898, 0.906, 0.819, 0.819, 0.89, 0.882, 0.882, 0.906, 0.882, 0.89, 0.913, 0.874, 0.882, 0.921, 0.803, 0.882, 0.906, 0.882, 0.85, 0.85, 0.89, 0.882, 0.89, 0.89, 0.906, 0.882, 0.874, 0.858, 0.85, 0.906, 0.89, 0.929, 0.858, 0.906, 0.906, 0.874, 0.882, 0.882, 0.858, 0.787, 0.89, 0.85, 0.913, 0.858, 0.803, 0.858, 0.866, 0.85, 0.921, 0.906, 0.85, 0.866, 0.906, 0.882, 0.866, 0.906, 0.89, 0.882, 0.898, 0.898, 0.89, 0.843, 0.858, 0.85, 0.929, 0.874, 0.906, 0.906, 0.858, 0.882, 0.89, 0.89, 0.898, 0.874, 0.945, 0.795, 0.874, 0.906, 0.906]
0.881 0.029
126
[0.866, 0.874, 0.874, 0.937, 0.906, 0.898, 0.906, 0.913, 0.874, 0.906, 0.913, 0.921, 0.89, 0.898, 0.913, 0.882, 0.921, 0.89, 0.874, 0.898, 0.882, 0.89, 0.89, 0.898, 0.906, 0.882, 0.866, 0.913, 0.913, 0.913, 0.906, 0.906, 0.898, 0.882, 0.929, 0.898, 0.906, 0.858, 0.913, 0.898, 0.906, 0.906, 0.906, 0.874, 0.913, 0.906, 0.882, 0.913, 0.913, 0.89, 0.906, 0.898, 0.906, 0.913, 0.874, 0.882, 0.906, 0.906, 0.898, 0.858, 0.906, 0.921, 0.913, 0.898, 0.898, 0.882, 0.874, 0.874, 0.89, 0.913, 0.898, 0.882, 0.921, 0.898, 0.921, 0.906, 0.898, 0.874, 0.874, 0.906, 0.906, 0.906, 0.906, 0.882, 0.913, 0.882, 0.835, 0.843, 0.921, 0.882, 0.898, 0.89, 0.874, 0.913, 0.921, 0.898, 0.929, 0.906, 0.89, 0.898]
0.897 0.018


double CF
3
[0.795, 0.764, 0.913, 0.748, 0.701, 0.693, 0.811, 0.701, 0.858, 0.764, 0.819, 0.78, 0.795, 0.85, 0.646, 0.819, 0.858, 0.819, 0.74, 0.843, 0.858, 0.795, 0.693, 0.677, 0.827, 0.874, 0.772, 0.858, 0.772, 0.803, 0.819, 0.827, 0.724, 0.772, 0.843, 0.866, 0.882, 0.685, 0.858, 0.764, 0.78, 0.709, 0.835, 0.764, 0.772, 0.583, 0.709, 0.661, 0.803, 0.866, 0.803, 0.661, 0.638, 0.85, 0.89, 0.756, 0.827, 0.89, 0.843, 0.827, 0.622, 0.803, 0.756, 0.795, 0.843, 0.795, 0.717, 0.772, 0.732, 0.811, 0.654, 0.882, 0.858, 0.819, 0.827, 0.732, 0.882, 0.74, 0.827, 0.819, 0.709, 0.748, 0.717, 0.803, 0.661, 0.724, 0.898, 0.583, 0.89, 0.685, 0.748, 0.85, 0.874, 0.858, 0.843, 0.748, 0.819, 0.89, 0.78, 0.85]
0.785 0.074
5
[0.882, 0.811, 0.866, 0.874, 0.764, 0.78, 0.827, 0.795, 0.811, 0.803, 0.803, 0.787, 0.811, 0.843, 0.756, 0.732, 0.787, 0.803, 0.661, 0.843, 0.717, 0.858, 0.85, 0.78, 0.89, 0.709, 0.835, 0.835, 0.827, 0.835, 0.772, 0.843, 0.866, 0.646, 0.78, 0.835, 0.85, 0.74, 0.756, 0.835, 0.74, 0.677, 0.803, 0.835, 0.78, 0.732, 0.74, 0.811, 0.78, 0.874, 0.646, 0.898, 0.724, 0.693, 0.835, 0.646, 0.835, 0.78, 0.866, 0.811, 0.724, 0.756, 0.874, 0.748, 0.827, 0.787, 0.819, 0.803, 0.827, 0.732, 0.787, 0.827, 0.819, 0.819, 0.811, 0.89, 0.874, 0.803, 0.882, 0.858, 0.858, 0.709, 0.843, 0.85, 0.858, 0.646, 0.661, 0.795, 0.819, 0.85, 0.819, 0.819, 0.858, 0.709, 0.85, 0.827, 0.693, 0.89, 0.772, 0.701]
0.797 0.063
10
[0.693, 0.898, 0.819, 0.913, 0.795, 0.85, 0.811, 0.772, 0.843, 0.787, 0.732, 0.866, 0.819, 0.85, 0.74, 0.748, 0.787, 0.827, 0.85, 0.819, 0.866, 0.764, 0.811, 0.787, 0.78, 0.85, 0.772, 0.835, 0.835, 0.764, 0.858, 0.795, 0.827, 0.819, 0.795, 0.819, 0.811, 0.843, 0.898, 0.835, 0.827, 0.803, 0.827, 0.866, 0.795, 0.772, 0.764, 0.866, 0.858, 0.866, 0.803, 0.795, 0.787, 0.827, 0.764, 0.858, 0.787, 0.772, 0.685, 0.787, 0.677, 0.858, 0.811, 0.898, 0.858, 0.835, 0.74, 0.748, 0.819, 0.78, 0.811, 0.89, 0.803, 0.835, 0.843, 0.787, 0.795, 0.85, 0.866, 0.843, 0.748, 0.858, 0.819, 0.661, 0.882, 0.795, 0.787, 0.772, 0.803, 0.811, 0.74, 0.85, 0.85, 0.803, 0.756, 0.764, 0.787, 0.748, 0.78, 0.866]
0.809 0.049
20
[0.906, 0.858, 0.843, 0.874, 0.858, 0.882, 0.803, 0.898, 0.858, 0.898, 0.921, 0.921, 0.882, 0.866, 0.772, 0.89, 0.827, 0.906, 0.89, 0.89, 0.795, 0.874, 0.89, 0.898, 0.898, 0.858, 0.732, 0.819, 0.717, 0.85, 0.882, 0.858, 0.843, 0.874, 0.913, 0.874, 0.85, 0.843, 0.819, 0.882, 0.874, 0.921, 0.843, 0.811, 0.843, 0.882, 0.835, 0.882, 0.858, 0.89, 0.866, 0.874, 0.89, 0.913, 0.866, 0.898, 0.898, 0.819, 0.89, 0.89, 0.866, 0.882, 0.89, 0.882, 0.827, 0.89, 0.937, 0.89, 0.803, 0.85, 0.858, 0.882, 0.803, 0.89, 0.913, 0.882, 0.882, 0.89, 0.89, 0.898, 0.913, 0.89, 0.835, 0.843, 0.827, 0.874, 0.843, 0.898, 0.858, 0.858, 0.843, 0.906, 0.874, 0.929, 0.866, 0.898, 0.866, 0.866, 0.866, 0.929]
0.868 0.038
40
[0.929, 0.937, 0.89, 0.913, 0.945, 0.937, 0.921, 0.945, 0.929, 0.929, 0.921, 0.929, 0.898, 0.913, 0.906, 0.898, 0.921, 0.89, 0.913, 0.921, 0.882, 0.929, 0.906, 0.898, 0.874, 0.913, 0.898, 0.906, 0.882, 0.921, 0.898, 0.937, 0.921, 0.921, 0.898, 0.921, 0.89, 0.913, 0.929, 0.89, 0.921, 0.898, 0.913, 0.906, 0.906, 0.898, 0.89, 0.929, 0.874, 0.921, 0.913, 0.921, 0.929, 0.898, 0.921, 0.913, 0.898, 0.858, 0.953, 0.906, 0.913, 0.898, 0.921, 0.937, 0.929, 0.937, 0.898, 0.882, 0.89, 0.906, 0.921, 0.906, 0.89, 0.929, 0.937, 0.913, 0.882, 0.882, 0.898, 0.921, 0.898, 0.921, 0.882, 0.882, 0.898, 0.89, 0.913, 0.945, 0.913, 0.866, 0.874, 0.898, 0.921, 0.89, 0.921, 0.89, 0.898, 0.898, 0.929, 0.882]
0.909 0.019
80
[0.937, 0.953, 0.929, 0.937, 0.921, 0.945, 0.929, 0.937, 0.945, 0.937, 0.921, 0.976, 0.929, 0.969, 0.937, 0.945, 0.961, 0.921, 0.937, 0.953, 0.961, 0.937, 0.921, 0.937, 0.921, 0.929, 0.921, 0.945, 0.953, 0.961, 0.937, 0.921, 0.929, 0.976, 0.929, 0.945, 0.937, 0.929, 0.929, 0.969, 0.953, 0.961, 0.945, 0.945, 0.945, 0.921, 0.913, 0.953, 0.937, 0.945, 0.929, 0.937, 0.929, 0.929, 0.921, 0.945, 0.929, 0.945, 0.937, 0.945, 0.937, 0.929, 0.945, 0.921, 0.929, 0.953, 0.929, 0.929, 0.945, 0.913, 0.921, 0.937, 0.913, 0.953, 0.929, 0.937, 0.937, 0.913, 0.953, 0.929, 0.929, 0.882, 0.969, 0.913, 0.953, 0.976, 0.913, 0.906, 0.945, 0.929, 0.929, 0.929, 0.937, 0.953, 0.929, 0.937, 0.937, 0.961, 0.969, 0.937]
0.938 0.016
126
[0.937, 0.937, 0.961, 0.937, 0.937, 0.945, 0.969, 0.969, 0.953, 0.945, 0.929, 0.929, 0.929, 0.929, 0.945, 0.953, 0.929, 0.937, 0.937, 0.945, 0.961, 0.929, 0.953, 0.937, 0.945, 0.953, 0.929, 0.921, 0.953, 0.961, 0.961, 0.961, 0.961, 0.969, 0.945, 0.945, 0.937, 0.945, 0.945, 0.961, 0.961, 0.937, 0.945, 0.945, 0.961, 0.953, 0.953, 0.945, 0.961, 0.953, 0.937, 0.937, 0.961, 0.945, 0.961, 0.945, 0.961, 0.937, 0.945, 0.961, 0.921, 0.961, 0.945, 0.945, 0.937, 0.953, 0.961, 0.937, 0.953, 0.937, 0.945, 0.961, 0.961, 0.953, 0.961, 0.945, 0.921, 0.937, 0.961, 0.961, 0.929, 0.969, 0.969, 0.953, 0.953, 0.937, 0.961, 0.976, 0.953, 0.953, 0.953, 0.945, 0.953, 0.953, 0.953, 0.945, 0.937, 0.921, 0.898, 0.953]
0.947 0.013

double CF + Input
3
[0.724, 0.913, 0.835, 0.85, 0.89, 0.795, 0.835, 0.835, 0.787, 0.787, 0.732, 0.811, 0.811, 0.693, 0.811, 0.85, 0.772, 0.827, 0.874, 0.85, 0.669, 0.787, 0.843, 0.843, 0.795, 0.835, 0.598, 0.811, 0.827, 0.795, 0.811, 0.858, 0.819, 0.693, 0.693, 0.882, 0.74, 0.701, 0.85, 0.819, 0.89, 0.827, 0.795, 0.874, 0.843, 0.764, 0.819, 0.85, 0.795, 0.819, 0.85, 0.819, 0.701, 0.843, 0.843, 0.811, 0.866, 0.874, 0.811, 0.701, 0.835, 0.772, 0.732, 0.709, 0.693, 0.835, 0.835, 0.74, 0.78, 0.85, 0.717, 0.78, 0.866, 0.819, 0.748, 0.858, 0.677, 0.74, 0.724, 0.803, 0.874, 0.74, 0.835, 0.811, 0.63, 0.724, 0.748, 0.866, 0.803, 0.843, 0.882, 0.748, 0.764, 0.748, 0.819, 0.732, 0.843, 0.882, 0.811, 0.819]
0.798 0.063
5
[0.764, 0.772, 0.85, 0.874, 0.764, 0.811, 0.843, 0.835, 0.85, 0.866, 0.866, 0.843, 0.866, 0.843, 0.874, 0.858, 0.803, 0.858, 0.787, 0.78, 0.882, 0.803, 0.85, 0.78, 0.843, 0.866, 0.898, 0.85, 0.85, 0.85, 0.843, 0.866, 0.835, 0.866, 0.811, 0.709, 0.819, 0.906, 0.732, 0.756, 0.85, 0.835, 0.898, 0.898, 0.89, 0.89, 0.811, 0.843, 0.85, 0.874, 0.874, 0.858, 0.85, 0.764, 0.882, 0.858, 0.74, 0.882, 0.795, 0.835, 0.78, 0.866, 0.858, 0.772, 0.819, 0.74, 0.89, 0.827, 0.835, 0.63, 0.803, 0.858, 0.803, 0.787, 0.764, 0.811, 0.74, 0.858, 0.819, 0.701, 0.882, 0.827, 0.795, 0.85, 0.661, 0.858, 0.843, 0.756, 0.882, 0.874, 0.843, 0.85, 0.795, 0.795, 0.835, 0.882, 0.803, 0.843, 0.772, 0.89]
0.827 0.052
10
[0.874, 0.819, 0.89, 0.756, 0.866, 0.795, 0.89, 0.843, 0.795, 0.772, 0.772, 0.882, 0.787, 0.85, 0.843, 0.882, 0.866, 0.701, 0.866, 0.764, 0.795, 0.803, 0.795, 0.78, 0.866, 0.874, 0.882, 0.701, 0.74, 0.835, 0.835, 0.669, 0.843, 0.866, 0.882, 0.811, 0.835, 0.827, 0.803, 0.803, 0.866, 0.874, 0.906, 0.803, 0.819, 0.811, 0.858, 0.764, 0.843, 0.835, 0.858, 0.866, 0.677, 0.866, 0.811, 0.827, 0.795, 0.843, 0.866, 0.819, 0.898, 0.858, 0.827, 0.764, 0.835, 0.882, 0.78, 0.827, 0.724, 0.787, 0.756, 0.85, 0.732, 0.89, 0.858, 0.882, 0.795, 0.795, 0.803, 0.866, 0.85, 0.874, 0.866, 0.638, 0.795, 0.756, 0.748, 0.811, 0.74, 0.795, 0.772, 0.835, 0.787, 0.803, 0.795, 0.78, 0.756, 0.866, 0.913, 0.843]
0.818 0.055
20
[0.874, 0.764, 0.787, 0.843, 0.843, 0.843, 0.882, 0.89, 0.85, 0.906, 0.819, 0.827, 0.882, 0.898, 0.89, 0.866, 0.929, 0.906, 0.874, 0.843, 0.858, 0.874, 0.882, 0.921, 0.866, 0.874, 0.827, 0.906, 0.921, 0.929, 0.89, 0.882, 0.882, 0.898, 0.874, 0.874, 0.874, 0.874, 0.906, 0.85, 0.858, 0.874, 0.787, 0.85, 0.827, 0.858, 0.89, 0.898, 0.882, 0.906, 0.89, 0.898, 0.858, 0.795, 0.898, 0.827, 0.819, 0.898, 0.898, 0.85, 0.866, 0.874, 0.874, 0.827, 0.89, 0.827, 0.866, 0.811, 0.89, 0.89, 0.85, 0.827, 0.874, 0.78, 0.882, 0.913, 0.835, 0.913, 0.898, 0.85, 0.89, 0.89, 0.929, 0.827, 0.898, 0.866, 0.85, 0.874, 0.906, 0.795, 0.874, 0.85, 0.835, 0.874, 0.866, 0.89, 0.874, 0.89, 0.843, 0.827]
0.867 0.035
40
[0.898, 0.921, 0.898, 0.913, 0.921, 0.906, 0.898, 0.874, 0.866, 0.913, 0.906, 0.913, 0.819, 0.843, 0.906, 0.929, 0.913, 0.882, 0.929, 0.874, 0.929, 0.937, 0.898, 0.921, 0.913, 0.929, 0.921, 0.913, 0.858, 0.921, 0.921, 0.906, 0.882, 0.921, 0.85, 0.937, 0.913, 0.913, 0.929, 0.898, 0.929, 0.913, 0.929, 0.89, 0.929, 0.929, 0.921, 0.913, 0.937, 0.898, 0.874, 0.921, 0.874, 0.913, 0.906, 0.898, 0.929, 0.937, 0.898, 0.929, 0.929, 0.929, 0.898, 0.906, 0.921, 0.929, 0.89, 0.913, 0.921, 0.913, 0.929, 0.937, 0.906, 0.929, 0.921, 0.913, 0.937, 0.913, 0.929, 0.89, 0.898, 0.961, 0.89, 0.921, 0.937, 0.898, 0.913, 0.898, 0.937, 0.945, 0.937, 0.929, 0.898, 0.921, 0.89, 0.89, 0.913, 0.882, 0.929, 0.945]
0.911 0.023
80
[0.945, 0.921, 0.929, 0.953, 0.953, 0.953, 0.953, 0.937, 0.937, 0.976, 0.921, 0.945, 0.945, 0.953, 0.937, 0.945, 0.929, 0.945, 0.898, 0.953, 0.937, 0.953, 0.906, 0.953, 0.953, 0.921, 0.961, 0.937, 0.945, 0.937, 0.945, 0.937, 0.929, 0.929, 0.937, 0.921, 0.937, 0.945, 0.921, 0.937, 0.937, 0.969, 0.929, 0.929, 0.945, 0.945, 0.921, 0.929, 0.945, 0.929, 0.969, 0.937, 0.921, 0.921, 0.921, 0.929, 0.945, 0.921, 0.945, 0.953, 0.937, 0.937, 0.937, 0.921, 0.921, 0.945, 0.937, 0.945, 0.921, 0.945, 0.937, 0.937, 0.929, 0.953, 0.929, 0.913, 0.953, 0.953, 0.953, 0.937, 0.953, 0.929, 0.937, 0.961, 0.937, 0.945, 0.945, 0.945, 0.976, 0.945, 0.953, 0.953, 0.921, 0.953, 0.953, 0.929, 0.921, 0.937, 0.921, 0.921]
0.939 0.014
126
[0.953, 0.953, 0.945, 0.976, 0.937, 0.953, 0.945, 0.953, 0.961, 0.906, 0.945, 0.937, 0.961, 0.976, 0.953, 0.976, 0.976, 0.984, 0.961, 0.961, 0.953, 0.953, 0.953, 0.976, 0.945, 0.945, 0.969, 0.961, 0.961, 0.945, 0.953, 0.961, 0.961, 0.937, 0.945, 0.953, 0.953, 0.961, 0.953, 0.969, 0.961, 0.945, 0.961, 0.969, 0.929, 0.961, 0.937, 0.953, 0.937, 0.945, 0.945, 0.945, 0.945, 0.945, 0.945, 0.937, 0.953, 0.945, 0.953, 0.937, 0.953, 0.945, 0.953, 0.953, 0.945, 0.929, 0.937, 0.929, 0.969, 0.961, 0.953, 0.961, 0.969, 0.929, 0.929, 0.945, 0.953, 0.953, 0.937, 0.953, 0.898, 0.945, 0.937, 0.961, 0.953, 0.953, 0.953, 0.921, 0.937, 0.945, 0.953, 0.961, 0.953, 0.961, 0.961, 0.945, 0.937, 0.937, 0.945, 0.953]
0.95 0.014
