prediction interface 
3
[0.52, 0.52, 0.74, 0.772, 0.772, 0.48, 0.732, 0.52, 0.756, 0.717, 0.819, 0.654, 0.583, 0.323, 0.717, 0.52, 0.693, 0.764, 0.52, 0.417, 0.52, 0.78, 0.669, 0.52, 0.693, 0.622, 0.48, 0.52, 0.646, 0.606, 0.764, 0.78, 0.646, 0.48, 0.756, 0.48, 0.701, 0.606, 0.52, 0.48, 0.677, 0.701, 0.717, 0.843, 0.48, 0.764, 0.52, 0.52, 0.417, 0.559, 0.717, 0.52, 0.795, 0.622, 0.52, 0.74, 0.677, 0.48, 0.48, 0.52, 0.74, 0.748, 0.48, 0.78, 0.772, 0.748, 0.764, 0.52, 0.52, 0.85, 0.764, 0.543, 0.52, 0.299, 0.677, 0.724, 0.591, 0.48, 0.74, 0.756, 0.52, 0.654, 0.764, 0.52, 0.646, 0.74, 0.787, 0.74, 0.606, 0.685, 0.772, 0.756, 0.701, 0.724, 0.638, 0.772, 0.504, 0.646, 0.551, 0.48]
0.633 0.124
5
[0.559, 0.748, 0.622, 0.787, 0.803, 0.787, 0.772, 0.622, 0.685, 0.732, 0.764, 0.795, 0.756, 0.803, 0.48, 0.74, 0.843, 0.756, 0.835, 0.748, 0.772, 0.756, 0.787, 0.709, 0.858, 0.811, 0.74, 0.709, 0.685, 0.795, 0.756, 0.756, 0.748, 0.764, 0.417, 0.772, 0.724, 0.52, 0.646, 0.866, 0.535, 0.756, 0.787, 0.787, 0.685, 0.669, 0.598, 0.748, 0.614, 0.772, 0.795, 0.591, 0.449, 0.654, 0.78, 0.63, 0.567, 0.693, 0.772, 0.661, 0.795, 0.654, 0.827, 0.52, 0.52, 0.606, 0.748, 0.764, 0.52, 0.724, 0.614, 0.811, 0.717, 0.764, 0.787, 0.772, 0.772, 0.717, 0.701, 0.551, 0.52, 0.598, 0.78, 0.772, 0.606, 0.843, 0.701, 0.724, 0.827, 0.669, 0.795, 0.772, 0.52, 0.772, 0.52, 0.756, 0.48, 0.669, 0.827, 0.795]
0.706 0.103
10
[0.827, 0.85, 0.732, 0.811, 0.693, 0.819, 0.693, 0.74, 0.74, 0.551, 0.772, 0.717, 0.866, 0.835, 0.74, 0.803, 0.63, 0.811, 0.764, 0.787, 0.732, 0.803, 0.756, 0.78, 0.811, 0.795, 0.748, 0.756, 0.787, 0.764, 0.764, 0.74, 0.78, 0.709, 0.709, 0.709, 0.89, 0.63, 0.811, 0.827, 0.74, 0.843, 0.756, 0.795, 0.622, 0.827, 0.858, 0.756, 0.811, 0.528, 0.772, 0.787, 0.693, 0.811, 0.78, 0.843, 0.638, 0.811, 0.795, 0.717, 0.748, 0.827, 0.819, 0.764, 0.701, 0.748, 0.795, 0.764, 0.654, 0.764, 0.685, 0.622, 0.693, 0.748, 0.677, 0.795, 0.598, 0.709, 0.748, 0.85, 0.756, 0.709, 0.756, 0.709, 0.764, 0.551, 0.78, 0.803, 0.685, 0.78, 0.669, 0.756, 0.835, 0.709, 0.78, 0.756, 0.803, 0.85, 0.795, 0.764]
0.754 0.07
20
[0.74, 0.78, 0.827, 0.843, 0.835, 0.803, 0.811, 0.835, 0.677, 0.835, 0.835, 0.85, 0.827, 0.811, 0.669, 0.835, 0.685, 0.795, 0.803, 0.787, 0.803, 0.835, 0.827, 0.795, 0.669, 0.811, 0.85, 0.709, 0.803, 0.827, 0.866, 0.811, 0.764, 0.795, 0.764, 0.756, 0.803, 0.709, 0.835, 0.78, 0.787, 0.843, 0.835, 0.748, 0.835, 0.772, 0.811, 0.74, 0.811, 0.882, 0.811, 0.78, 0.795, 0.827, 0.89, 0.866, 0.748, 0.858, 0.843, 0.811, 0.811, 0.85, 0.835, 0.772, 0.756, 0.858, 0.882, 0.811, 0.858, 0.772, 0.764, 0.89, 0.819, 0.835, 0.843, 0.85, 0.74, 0.85, 0.819, 0.85, 0.795, 0.78, 0.882, 0.874, 0.756, 0.835, 0.787, 0.811, 0.795, 0.709, 0.811, 0.78, 0.819, 0.787, 0.803, 0.835, 0.819, 0.803, 0.819, 0.756]
0.805 0.047
40
[0.819, 0.835, 0.866, 0.827, 0.772, 0.835, 0.882, 0.835, 0.803, 0.819, 0.827, 0.811, 0.843, 0.843, 0.827, 0.906, 0.858, 0.866, 0.898, 0.843, 0.819, 0.866, 0.882, 0.843, 0.819, 0.795, 0.843, 0.827, 0.835, 0.85, 0.85, 0.835, 0.882, 0.827, 0.85, 0.819, 0.772, 0.85, 0.835, 0.843, 0.827, 0.835, 0.819, 0.858, 0.85, 0.898, 0.835, 0.874, 0.85, 0.827, 0.85, 0.772, 0.85, 0.78, 0.843, 0.85, 0.795, 0.874, 0.803, 0.835, 0.866, 0.819, 0.906, 0.835, 0.843, 0.866, 0.858, 0.843, 0.858, 0.866, 0.803, 0.85, 0.835, 0.835, 0.866, 0.843, 0.866, 0.78, 0.803, 0.811, 0.795, 0.866, 0.835, 0.866, 0.811, 0.827, 0.843, 0.89, 0.866, 0.819, 0.811, 0.835, 0.906, 0.819, 0.811, 0.858, 0.843, 0.866, 0.89, 0.819]
0.84 0.029
80
[0.913, 0.89, 0.858, 0.898, 0.85, 0.913, 0.85, 0.819, 0.882, 0.85, 0.874, 0.858, 0.89, 0.882, 0.843, 0.882, 0.835, 0.843, 0.866, 0.89, 0.866, 0.858, 0.882, 0.866, 0.819, 0.858, 0.858, 0.866, 0.803, 0.898, 0.906, 0.882, 0.843, 0.858, 0.882, 0.898, 0.85, 0.874, 0.89, 0.89, 0.874, 0.89, 0.858, 0.85, 0.874, 0.882, 0.843, 0.882, 0.89, 0.866, 0.85, 0.835, 0.85, 0.866, 0.858, 0.882, 0.843, 0.913, 0.874, 0.858, 0.906, 0.874, 0.89, 0.898, 0.898, 0.89, 0.898, 0.811, 0.921, 0.843, 0.874, 0.866, 0.866, 0.874, 0.89, 0.906, 0.898, 0.874, 0.898, 0.874, 0.882, 0.866, 0.874, 0.858, 0.85, 0.882, 0.858, 0.906, 0.827, 0.882, 0.898, 0.898, 0.882, 0.858, 0.843, 0.874, 0.858, 0.882, 0.85, 0.835]
0.871 0.024
126
[0.89, 0.874, 0.874, 0.882, 0.898, 0.866, 0.898, 0.866, 0.874, 0.898, 0.858, 0.874, 0.874, 0.89, 0.898, 0.874, 0.906, 0.898, 0.874, 0.89, 0.866, 0.89, 0.89, 0.882, 0.858, 0.898, 0.89, 0.89, 0.898, 0.906, 0.874, 0.858, 0.866, 0.89, 0.89, 0.882, 0.874, 0.874, 0.882, 0.874, 0.874, 0.882, 0.898, 0.866, 0.898, 0.89, 0.898, 0.898, 0.882, 0.89, 0.89, 0.898, 0.882, 0.874, 0.858, 0.89, 0.898, 0.866, 0.898, 0.89, 0.874, 0.898, 0.906, 0.882, 0.89, 0.906, 0.874, 0.89, 0.874, 0.874, 0.882, 0.89, 0.89, 0.898, 0.882, 0.898, 0.913, 0.858, 0.882, 0.866, 0.882, 0.882, 0.89, 0.898, 0.874, 0.906, 0.898, 0.882, 0.874, 0.882, 0.906, 0.874, 0.882, 0.874, 0.882, 0.882, 0.882, 0.874, 0.874, 0.882]
0.884 0.013

prediction coreset
3
[0.76, 0.77, 0.76, 0.74, 0.8, 0.79, 0.77, 0.8, 0.76, 0.79, 0.78, 0.77, 0.76, 0.52, 0.52, 0.73, 0.77, 0.72, 0.79, 0.74, 0.52, 0.78, 0.52, 0.78, 0.77, 0.76, 0.52, 0.46, 0.5, 0.52, 0.77, 0.73, 0.46, 0.7, 0.52, 0.53, 0.72, 0.73, 0.52, 0.77, 0.52, 0.52, 0.77, 0.74, 0.52, 0.65, 0.76, 0.76, 0.72, 0.72, 0.49, 0.52, 0.77, 0.75, 0.76, 0.5, 0.76, 0.52, 0.52, 0.73, 0.69, 0.72, 0.52, 0.65, 0.52, 0.71, 0.52, 0.72, 0.76, 0.72, 0.8, 0.76, 0.77, 0.75, 0.76, 0.75, 0.52, 0.72, 0.49, 0.52, 0.52, 0.65, 0.76, 0.76, 0.52, 0.68, 0.71, 0.72, 0.52, 0.73, 0.52, 0.39, 0.77, 0.73, 0.73, 0.52, 0.52, 0.74, 0.73, 0.73]
0.667 0.115
5
[0.76, 0.71, 0.76, 0.74, 0.7, 0.52, 0.75, 0.79, 0.77, 0.79, 0.81, 0.8, 0.75, 0.77, 0.74, 0.83, 0.77, 0.8, 0.79, 0.79, 0.73, 0.76, 0.76, 0.73, 0.71, 0.8, 0.75, 0.77, 0.8, 0.72, 0.82, 0.66, 0.76, 0.67, 0.69, 0.65, 0.66, 0.67, 0.73, 0.78, 0.6, 0.77, 0.75, 0.83, 0.8, 0.76, 0.61, 0.78, 0.69, 0.78, 0.61, 0.73, 0.82, 0.65, 0.8, 0.48, 0.76, 0.76, 0.79, 0.7, 0.77, 0.76, 0.69, 0.82, 0.77, 0.75, 0.76, 0.79, 0.71, 0.47, 0.75, 0.67, 0.66, 0.78, 0.83, 0.69, 0.76, 0.69, 0.65, 0.7, 0.72, 0.81, 0.64, 0.72, 0.77, 0.8, 0.75, 0.71, 0.67, 0.64, 0.7, 0.77, 0.75, 0.67, 0.78, 0.71, 0.59, 0.77, 0.76, 0.75]
0.732 0.07
10
[0.75, 0.76, 0.72, 0.72, 0.8, 0.79, 0.79, 0.74, 0.71, 0.7, 0.85, 0.75, 0.82, 0.77, 0.69, 0.71, 0.69, 0.69, 0.77, 0.73, 0.73, 0.85, 0.72, 0.8, 0.73, 0.83, 0.85, 0.74, 0.76, 0.76, 0.68, 0.83, 0.77, 0.8, 0.69, 0.79, 0.78, 0.78, 0.75, 0.69, 0.73, 0.72, 0.68, 0.8, 0.67, 0.74, 0.79, 0.62, 0.69, 0.79, 0.79, 0.89, 0.69, 0.74, 0.83, 0.7, 0.7, 0.74, 0.69, 0.83, 0.81, 0.84, 0.76, 0.75, 0.76, 0.72, 0.73, 0.73, 0.72, 0.74, 0.75, 0.76, 0.72, 0.86, 0.76, 0.84, 0.74, 0.69, 0.72, 0.72, 0.83, 0.83, 0.83, 0.72, 0.74, 0.8, 0.64, 0.72, 0.79, 0.84, 0.71, 0.83, 0.72, 0.76, 0.77, 0.72, 0.68, 0.84, 0.72, 0.71]
0.754 0.054
20
[0.82, 0.77, 0.8, 0.81, 0.8, 0.78, 0.79, 0.79, 0.82, 0.82, 0.83, 0.78, 0.83, 0.81, 0.85, 0.76, 0.8, 0.83, 0.8, 0.79, 0.83, 0.81, 0.77, 0.83, 0.81, 0.83, 0.82, 0.85, 0.84, 0.8, 0.79, 0.85, 0.8, 0.81, 0.8, 0.84, 0.83, 0.72, 0.81, 0.78, 0.84, 0.8, 0.83, 0.83, 0.74, 0.81, 0.81, 0.78, 0.83, 0.82, 0.83, 0.83, 0.86, 0.81, 0.82, 0.8, 0.75, 0.8, 0.78, 0.82, 0.8, 0.84, 0.81, 0.79, 0.81, 0.81, 0.86, 0.83, 0.76, 0.84, 0.8, 0.81, 0.83, 0.84, 0.82, 0.85, 0.83, 0.82, 0.82, 0.77, 0.87, 0.77, 0.81, 0.78, 0.8, 0.83, 0.86, 0.79, 0.86, 0.8, 0.82, 0.75, 0.8, 0.8, 0.83, 0.84, 0.83, 0.82, 0.8, 0.8]
0.811 0.028
40
[0.85, 0.8, 0.89, 0.83, 0.89, 0.83, 0.89, 0.83, 0.84, 0.87, 0.83, 0.9, 0.83, 0.83, 0.87, 0.87, 0.88, 0.84, 0.86, 0.89, 0.87, 0.84, 0.85, 0.86, 0.84, 0.85, 0.87, 0.82, 0.87, 0.87, 0.83, 0.8, 0.83, 0.8, 0.83, 0.86, 0.83, 0.82, 0.86, 0.86, 0.86, 0.85, 0.87, 0.82, 0.86, 0.83, 0.82, 0.87, 0.84, 0.86, 0.84, 0.83, 0.81, 0.87, 0.87, 0.85, 0.81, 0.89, 0.8, 0.79, 0.86, 0.87, 0.84, 0.88, 0.82, 0.85, 0.89, 0.89, 0.79, 0.84, 0.81, 0.83, 0.85, 0.88, 0.85, 0.83, 0.86, 0.88, 0.87, 0.86, 0.86, 0.85, 0.87, 0.88, 0.91, 0.83, 0.85, 0.85, 0.83, 0.83, 0.8, 0.81, 0.85, 0.8, 0.87, 0.8, 0.83, 0.83, 0.85, 0.88]
0.848 0.027
80
[0.89, 0.87, 0.86, 0.89, 0.87, 0.85, 0.88, 0.91, 0.87, 0.87, 0.86, 0.86, 0.87, 0.86, 0.87, 0.86, 0.87, 0.85, 0.87, 0.89, 0.88, 0.87, 0.86, 0.9, 0.86, 0.87, 0.88, 0.83, 0.86, 0.91, 0.86, 0.87, 0.85, 0.85, 0.88, 0.88, 0.87, 0.88, 0.86, 0.85, 0.88, 0.87, 0.83, 0.88, 0.85, 0.84, 0.85, 0.84, 0.86, 0.87, 0.87, 0.86, 0.87, 0.87, 0.85, 0.86, 0.84, 0.89, 0.86, 0.9, 0.88, 0.9, 0.85, 0.88, 0.87, 0.86, 0.87, 0.88, 0.87, 0.87, 0.85, 0.85, 0.85, 0.87, 0.88, 0.87, 0.87, 0.89, 0.85, 0.87, 0.87, 0.86, 0.85, 0.87, 0.87, 0.87, 0.88, 0.89, 0.85, 0.87, 0.86, 0.88, 0.89, 0.85, 0.88, 0.84, 0.88, 0.87, 0.87, 0.86]
0.868 0.016
126
[0.9, 0.9, 0.87, 0.9, 0.87, 0.91, 0.88, 0.88, 0.91, 0.87, 0.9, 0.87, 0.87, 0.89, 0.89, 0.88, 0.87, 0.88, 0.9, 0.87, 0.89, 0.88, 0.87, 0.88, 0.9, 0.87, 0.88, 0.89, 0.9, 0.9, 0.89, 0.87, 0.87, 0.88, 0.87, 0.87, 0.87, 0.9, 0.9, 0.91, 0.88, 0.9, 0.91, 0.89, 0.86, 0.9, 0.87, 0.89, 0.88, 0.91, 0.87, 0.88, 0.89, 0.91, 0.88, 0.88, 0.88, 0.87, 0.89, 0.87, 0.88, 0.89, 0.87, 0.88, 0.89, 0.91, 0.89, 0.87, 0.9, 0.87, 0.88, 0.86, 0.87, 0.91, 0.88, 0.89, 0.9, 0.9, 0.88, 0.87, 0.87, 0.9, 0.89, 0.89, 0.87, 0.87, 0.9, 0.87, 0.9, 0.87, 0.87, 0.9, 0.87, 0.9, 0.87, 0.88, 0.88, 0.91, 0.87, 0.9]
0.885 0.014

model extraction
3
[0.732, 0.78, 0.669, 0.748, 0.795, 0.811, 0.795, 0.693, 0.835, 0.78, 0.661, 0.772, 0.685, 0.803, 0.787, 0.85, 0.654, 0.622, 0.732, 0.803, 0.677, 0.795, 0.669, 0.866, 0.724, 0.701, 0.772, 0.819, 0.827, 0.748, 0.78, 0.732, 0.819, 0.819, 0.74, 0.528, 0.811, 0.756, 0.709, 0.85, 0.701, 0.811, 0.63, 0.764, 0.843, 0.717, 0.756, 0.787, 0.756, 0.819, 0.74, 0.748, 0.717, 0.685, 0.74, 0.811, 0.835, 0.819, 0.819, 0.693, 0.756, 0.835, 0.724, 0.78, 0.677, 0.78, 0.74, 0.772, 0.78, 0.819, 0.717, 0.819, 0.819, 0.787, 0.764, 0.78, 0.843, 0.827, 0.756, 0.717, 0.835, 0.85, 0.827, 0.811, 0.85, 0.661, 0.866, 0.764, 0.874, 0.803, 0.811, 0.858, 0.843, 0.85, 0.772, 0.772, 0.858, 0.803, 0.803, 0.843]
0.772 0.064
5
[0.787, 0.732, 0.677, 0.819, 0.835, 0.701, 0.803, 0.835, 0.843, 0.819, 0.787, 0.866, 0.748, 0.819, 0.835, 0.787, 0.693, 0.787, 0.803, 0.835, 0.835, 0.811, 0.874, 0.819, 0.622, 0.835, 0.835, 0.827, 0.787, 0.795, 0.843, 0.803, 0.85, 0.827, 0.874, 0.811, 0.787, 0.858, 0.795, 0.795, 0.685, 0.858, 0.835, 0.85, 0.717, 0.827, 0.764, 0.772, 0.811, 0.827, 0.85, 0.85, 0.811, 0.827, 0.819, 0.701, 0.827, 0.835, 0.843, 0.819, 0.732, 0.78, 0.835, 0.787, 0.827, 0.693, 0.787, 0.803, 0.843, 0.835, 0.78, 0.85, 0.803, 0.819, 0.843, 0.835, 0.795, 0.764, 0.827, 0.803, 0.693, 0.709, 0.693, 0.827, 0.843, 0.795, 0.835, 0.85, 0.748, 0.819, 0.819, 0.858, 0.756, 0.787, 0.811, 0.803, 0.803, 0.843, 0.827, 0.827]
0.802 0.049
10
[0.835, 0.803, 0.803, 0.78, 0.843, 0.787, 0.811, 0.874, 0.709, 0.89, 0.85, 0.85, 0.874, 0.787, 0.874, 0.866, 0.866, 0.78, 0.858, 0.843, 0.85, 0.85, 0.827, 0.748, 0.843, 0.772, 0.78, 0.835, 0.898, 0.858, 0.811, 0.709, 0.819, 0.827, 0.756, 0.85, 0.858, 0.819, 0.819, 0.866, 0.795, 0.843, 0.74, 0.827, 0.803, 0.787, 0.787, 0.795, 0.843, 0.803, 0.882, 0.85, 0.787, 0.866, 0.811, 0.85, 0.787, 0.811, 0.803, 0.858, 0.843, 0.772, 0.827, 0.835, 0.819, 0.795, 0.858, 0.795, 0.803, 0.827, 0.843, 0.835, 0.827, 0.827, 0.874, 0.858, 0.827, 0.827, 0.858, 0.803, 0.85, 0.866, 0.85, 0.858, 0.827, 0.827, 0.819, 0.866, 0.835, 0.874, 0.85, 0.803, 0.819, 0.858, 0.772, 0.866, 0.78, 0.843, 0.685, 0.827]
0.824 0.039
20
[0.827, 0.843, 0.843, 0.803, 0.85, 0.795, 0.874, 0.85, 0.874, 0.85, 0.811, 0.882, 0.858, 0.85, 0.819, 0.85, 0.795, 0.843, 0.85, 0.85, 0.811, 0.866, 0.85, 0.866, 0.85, 0.898, 0.85, 0.85, 0.843, 0.866, 0.882, 0.819, 0.882, 0.866, 0.866, 0.858, 0.898, 0.898, 0.874, 0.874, 0.89, 0.866, 0.843, 0.858, 0.882, 0.866, 0.811, 0.874, 0.858, 0.858, 0.819, 0.787, 0.835, 0.819, 0.882, 0.858, 0.858, 0.85, 0.827, 0.85, 0.843, 0.811, 0.882, 0.827, 0.85, 0.748, 0.874, 0.858, 0.874, 0.835, 0.827, 0.74, 0.85, 0.866, 0.803, 0.89, 0.85, 0.858, 0.803, 0.858, 0.843, 0.874, 0.866, 0.843, 0.882, 0.874, 0.858, 0.882, 0.85, 0.803, 0.843, 0.819, 0.85, 0.85, 0.835, 0.866, 0.835, 0.835, 0.819, 0.835]
0.848 0.029
40
[0.866, 0.882, 0.866, 0.866, 0.85, 0.89, 0.913, 0.882, 0.811, 0.85, 0.89, 0.874, 0.882, 0.843, 0.874, 0.866, 0.858, 0.85, 0.882, 0.866, 0.874, 0.866, 0.882, 0.874, 0.85, 0.858, 0.858, 0.913, 0.89, 0.866, 0.89, 0.882, 0.827, 0.882, 0.898, 0.89, 0.866, 0.882, 0.89, 0.89, 0.89, 0.898, 0.858, 0.827, 0.858, 0.89, 0.898, 0.874, 0.858, 0.882, 0.882, 0.906, 0.898, 0.906, 0.85, 0.898, 0.89, 0.866, 0.866, 0.85, 0.913, 0.89, 0.882, 0.89, 0.858, 0.858, 0.85, 0.85, 0.874, 0.858, 0.866, 0.882, 0.874, 0.874, 0.874, 0.843, 0.874, 0.78, 0.858, 0.874, 0.882, 0.882, 0.874, 0.921, 0.85, 0.913, 0.89, 0.882, 0.882, 0.858, 0.866, 0.874, 0.906, 0.929, 0.85, 0.85, 0.866, 0.866, 0.882, 0.906]
0.874 0.023
80
[0.866, 0.874, 0.929, 0.921, 0.906, 0.89, 0.882, 0.89, 0.898, 0.898, 0.882, 0.913, 0.898, 0.906, 0.89, 0.898, 0.882, 0.929, 0.882, 0.874, 0.898, 0.913, 0.921, 0.89, 0.89, 0.89, 0.89, 0.898, 0.866, 0.913, 0.913, 0.906, 0.913, 0.874, 0.906, 0.898, 0.906, 0.929, 0.913, 0.913, 0.913, 0.906, 0.89, 0.913, 0.89, 0.882, 0.882, 0.898, 0.906, 0.898, 0.898, 0.906, 0.913, 0.89, 0.882, 0.898, 0.882, 0.898, 0.874, 0.89, 0.906, 0.898, 0.866, 0.906, 0.866, 0.929, 0.898, 0.898, 0.89, 0.89, 0.858, 0.898, 0.898, 0.913, 0.882, 0.913, 0.898, 0.898, 0.882, 0.882, 0.858, 0.89, 0.89, 0.906, 0.874, 0.913, 0.921, 0.898, 0.882, 0.858, 0.913, 0.913, 0.89, 0.874, 0.882, 0.921, 0.898, 0.89, 0.874, 0.882]
0.896 0.016
126
[0.921, 0.906, 0.874, 0.866, 0.913, 0.898, 0.898, 0.906, 0.89, 0.906, 0.929, 0.913, 0.89, 0.913, 0.89, 0.906, 0.913, 0.898, 0.882, 0.921, 0.906, 0.898, 0.898, 0.913, 0.89, 0.89, 0.89, 0.906, 0.929, 0.937, 0.898, 0.906, 0.906, 0.913, 0.913, 0.906, 0.913, 0.898, 0.898, 0.913, 0.913, 0.89, 0.906, 0.866, 0.906, 0.921, 0.898, 0.929, 0.913, 0.898, 0.921, 0.898, 0.89, 0.937, 0.898, 0.898, 0.89, 0.921, 0.89, 0.898, 0.898, 0.898, 0.913, 0.898, 0.89, 0.898, 0.906, 0.913, 0.913, 0.882, 0.921, 0.882, 0.882, 0.929, 0.882, 0.913, 0.906, 0.898, 0.898, 0.906, 0.906, 0.882, 0.913, 0.89, 0.89, 0.89, 0.913, 0.906, 0.906, 0.913, 0.913, 0.906, 0.882, 0.906, 0.898, 0.937, 0.898, 0.898, 0.906, 0.913]
0.903 0.014

double CF
3
[0.866, 0.811, 0.835, 0.827, 0.85, 0.835, 0.835, 0.78, 0.843, 0.85, 0.85, 0.835, 0.843, 0.843, 0.843, 0.85, 0.843, 0.882, 0.827, 0.874, 0.85, 0.811, 0.843, 0.874, 0.843, 0.787, 0.874, 0.843, 0.85, 0.89, 0.819, 0.795, 0.843, 0.819, 0.819, 0.819, 0.677, 0.843, 0.78, 0.843, 0.787, 0.843, 0.85, 0.819, 0.843, 0.835, 0.827, 0.85, 0.85, 0.858, 0.882, 0.787, 0.835, 0.811, 0.811, 0.858, 0.811, 0.85, 0.835, 0.874, 0.811, 0.843, 0.795, 0.866, 0.827, 0.827, 0.819, 0.866, 0.827, 0.85, 0.858, 0.835, 0.874, 0.819, 0.858, 0.85, 0.827, 0.819, 0.402, 0.85, 0.795, 0.882, 0.866, 0.803, 0.827, 0.866, 0.874, 0.843, 0.811, 0.858, 0.866, 0.795, 0.858, 0.85, 0.85, 0.843, 0.85, 0.85, 0.835, 0.858]
0.833 0.052
5
[0.819, 0.89, 0.819, 0.89, 0.874, 0.858, 0.898, 0.858, 0.866, 0.85, 0.866, 0.85, 0.835, 0.811, 0.835, 0.866, 0.819, 0.866, 0.866, 0.843, 0.882, 0.819, 0.858, 0.843, 0.827, 0.835, 0.858, 0.882, 0.85, 0.835, 0.819, 0.858, 0.835, 0.819, 0.866, 0.858, 0.85, 0.858, 0.827, 0.858, 0.858, 0.85, 0.843, 0.85, 0.819, 0.803, 0.819, 0.874, 0.843, 0.874, 0.866, 0.85, 0.874, 0.835, 0.882, 0.85, 0.803, 0.858, 0.835, 0.882, 0.866, 0.748, 0.843, 0.843, 0.827, 0.835, 0.866, 0.866, 0.819, 0.858, 0.811, 0.866, 0.874, 0.874, 0.858, 0.819, 0.858, 0.882, 0.819, 0.835, 0.858, 0.89, 0.843, 0.819, 0.882, 0.85, 0.866, 0.874, 0.858, 0.85, 0.835, 0.866, 0.858, 0.803, 0.85, 0.866, 0.89, 0.827, 0.787, 0.803]
0.848 0.026
10
[0.827, 0.843, 0.843, 0.843, 0.843, 0.874, 0.858, 0.874, 0.835, 0.748, 0.898, 0.882, 0.874, 0.858, 0.85, 0.85, 0.874, 0.874, 0.843, 0.85, 0.843, 0.819, 0.874, 0.89, 0.882, 0.882, 0.858, 0.89, 0.835, 0.843, 0.835, 0.866, 0.85, 0.882, 0.89, 0.866, 0.866, 0.858, 0.835, 0.85, 0.85, 0.843, 0.874, 0.835, 0.882, 0.85, 0.882, 0.858, 0.843, 0.827, 0.898, 0.882, 0.85, 0.882, 0.89, 0.858, 0.89, 0.835, 0.85, 0.866, 0.819, 0.89, 0.874, 0.874, 0.866, 0.874, 0.85, 0.874, 0.866, 0.85, 0.843, 0.843, 0.89, 0.866, 0.882, 0.866, 0.858, 0.866, 0.858, 0.843, 0.866, 0.843, 0.866, 0.85, 0.858, 0.85, 0.866, 0.858, 0.882, 0.843, 0.89, 0.874, 0.85, 0.882, 0.827, 0.858, 0.843, 0.882, 0.858, 0.874]
0.86 0.022
20
[0.882, 0.874, 0.874, 0.858, 0.906, 0.866, 0.866, 0.874, 0.882, 0.882, 0.882, 0.85, 0.89, 0.898, 0.874, 0.866, 0.874, 0.85, 0.858, 0.85, 0.89, 0.858, 0.858, 0.874, 0.85, 0.89, 0.882, 0.882, 0.811, 0.874, 0.866, 0.858, 0.858, 0.898, 0.882, 0.835, 0.858, 0.882, 0.874, 0.85, 0.843, 0.898, 0.866, 0.858, 0.866, 0.866, 0.858, 0.898, 0.874, 0.874, 0.858, 0.843, 0.882, 0.866, 0.866, 0.89, 0.866, 0.913, 0.882, 0.866, 0.89, 0.874, 0.874, 0.843, 0.866, 0.882, 0.835, 0.89, 0.898, 0.874, 0.85, 0.858, 0.882, 0.866, 0.835, 0.85, 0.866, 0.835, 0.866, 0.843, 0.89, 0.89, 0.874, 0.874, 0.866, 0.858, 0.858, 0.882, 0.89, 0.85, 0.85, 0.858, 0.874, 0.858, 0.858, 0.811, 0.843, 0.866, 0.858, 0.85]
0.868 0.019
40
[0.85, 0.882, 0.874, 0.882, 0.866, 0.85, 0.89, 0.882, 0.858, 0.874, 0.874, 0.882, 0.85, 0.866, 0.882, 0.882, 0.898, 0.866, 0.874, 0.882, 0.85, 0.874, 0.866, 0.843, 0.89, 0.866, 0.866, 0.843, 0.858, 0.858, 0.874, 0.85, 0.874, 0.85, 0.89, 0.874, 0.866, 0.874, 0.866, 0.898, 0.858, 0.89, 0.858, 0.906, 0.882, 0.874, 0.874, 0.843, 0.898, 0.898, 0.843, 0.874, 0.874, 0.858, 0.874, 0.874, 0.898, 0.866, 0.882, 0.913, 0.882, 0.874, 0.866, 0.874, 0.866, 0.89, 0.858, 0.866, 0.874, 0.858, 0.874, 0.89, 0.89, 0.89, 0.882, 0.89, 0.85, 0.882, 0.858, 0.874, 0.866, 0.858, 0.874, 0.843, 0.866, 0.882, 0.874, 0.835, 0.866, 0.835, 0.882, 0.882, 0.866, 0.843, 0.858, 0.898, 0.874, 0.89, 0.843, 0.858]
0.871 0.016
80
[0.874, 0.874, 0.85, 0.874, 0.89, 0.874, 0.858, 0.866, 0.858, 0.89, 0.874, 0.866, 0.827, 0.858, 0.882, 0.882, 0.898, 0.843, 0.882, 0.843, 0.874, 0.866, 0.874, 0.874, 0.874, 0.843, 0.866, 0.866, 0.874, 0.858, 0.843, 0.866, 0.835, 0.858, 0.866, 0.882, 0.866, 0.858, 0.898, 0.874, 0.85, 0.866, 0.882, 0.858, 0.866, 0.858, 0.858, 0.866, 0.866, 0.866, 0.843, 0.874, 0.866, 0.882, 0.882, 0.85, 0.882, 0.866, 0.858, 0.89, 0.882, 0.866, 0.89, 0.882, 0.882, 0.858, 0.866, 0.835, 0.874, 0.85, 0.874, 0.882, 0.858, 0.858, 0.866, 0.866, 0.874, 0.85, 0.882, 0.866, 0.89, 0.866, 0.906, 0.866, 0.866, 0.866, 0.85, 0.85, 0.835, 0.882, 0.858, 0.882, 0.89, 0.89, 0.898, 0.882, 0.866, 0.874, 0.874, 0.858]
0.868 0.015
126
[0.882, 0.874, 0.858, 0.866, 0.882, 0.898, 0.874, 0.843, 0.874, 0.866, 0.866, 0.866, 0.85, 0.858, 0.882, 0.882, 0.866, 0.866, 0.866, 0.858, 0.866, 0.882, 0.898, 0.874, 0.85, 0.858, 0.858, 0.858, 0.874, 0.803, 0.866, 0.882, 0.874, 0.882, 0.858, 0.866, 0.898, 0.874, 0.866, 0.866, 0.866, 0.866, 0.882, 0.874, 0.866, 0.882, 0.89, 0.882, 0.874, 0.866, 0.866, 0.866, 0.843, 0.866, 0.874, 0.882, 0.898, 0.874, 0.858, 0.866, 0.874, 0.882, 0.858, 0.898, 0.866, 0.866, 0.874, 0.866, 0.866, 0.882, 0.882, 0.866, 0.866, 0.882, 0.874, 0.874, 0.858, 0.866, 0.89, 0.874, 0.874, 0.858, 0.866, 0.858, 0.89, 0.85, 0.85, 0.882, 0.858, 0.85, 0.85, 0.858, 0.89, 0.866, 0.874, 0.858, 0.882, 0.89, 0.858, 0.85]
0.869 0.014

double CF + input
3
[0.843, 0.858, 0.866, 0.843, 0.866, 0.85, 0.866, 0.787, 0.858, 0.843, 0.858, 0.874, 0.843, 0.882, 0.803, 0.858, 0.819, 0.866, 0.803, 0.85, 0.827, 0.835, 0.803, 0.874, 0.843, 0.882, 0.827, 0.835, 0.803, 0.866, 0.874, 0.858, 0.835, 0.803, 0.85, 0.858, 0.819, 0.85, 0.85, 0.827, 0.835, 0.858, 0.827, 0.835, 0.843, 0.827, 0.843, 0.835, 0.843, 0.819, 0.866, 0.835, 0.866, 0.835, 0.764, 0.858, 0.772, 0.827, 0.803, 0.835, 0.827, 0.858, 0.843, 0.835, 0.874, 0.882, 0.835, 0.866, 0.858, 0.835, 0.803, 0.835, 0.85, 0.835, 0.85, 0.866, 0.843, 0.874, 0.835, 0.858, 0.85, 0.835, 0.874, 0.843, 0.843, 0.85, 0.843, 0.85, 0.795, 0.835, 0.874, 0.882, 0.858, 0.85, 0.835, 0.866, 0.866, 0.827, 0.89, 0.827]
0.843 0.024
5
[0.827, 0.843, 0.874, 0.874, 0.85, 0.819, 0.882, 0.811, 0.827, 0.835, 0.866, 0.843, 0.843, 0.858, 0.835, 0.85, 0.85, 0.835, 0.85, 0.874, 0.85, 0.835, 0.898, 0.819, 0.827, 0.843, 0.843, 0.866, 0.874, 0.874, 0.858, 0.835, 0.882, 0.858, 0.85, 0.843, 0.858, 0.85, 0.866, 0.85, 0.85, 0.843, 0.843, 0.858, 0.748, 0.858, 0.843, 0.874, 0.866, 0.882, 0.843, 0.819, 0.85, 0.89, 0.843, 0.85, 0.843, 0.858, 0.843, 0.874, 0.843, 0.882, 0.858, 0.858, 0.843, 0.866, 0.89, 0.772, 0.85, 0.874, 0.827, 0.858, 0.866, 0.858, 0.85, 0.85, 0.858, 0.843, 0.882, 0.866, 0.89, 0.866, 0.874, 0.827, 0.866, 0.89, 0.858, 0.85, 0.827, 0.89, 0.874, 0.843, 0.858, 0.843, 0.882, 0.866, 0.819, 0.866, 0.882, 0.835]
0.853 0.023
10
[0.882, 0.89, 0.898, 0.882, 0.866, 0.85, 0.882, 0.89, 0.858, 0.874, 0.874, 0.85, 0.858, 0.898, 0.858, 0.866, 0.906, 0.882, 0.874, 0.85, 0.858, 0.811, 0.874, 0.874, 0.843, 0.89, 0.843, 0.85, 0.874, 0.89, 0.874, 0.858, 0.843, 0.843, 0.858, 0.835, 0.882, 0.843, 0.85, 0.866, 0.835, 0.866, 0.858, 0.85, 0.835, 0.882, 0.858, 0.827, 0.898, 0.827, 0.858, 0.819, 0.89, 0.866, 0.866, 0.858, 0.874, 0.874, 0.89, 0.811, 0.866, 0.811, 0.85, 0.843, 0.866, 0.85, 0.866, 0.882, 0.866, 0.882, 0.843, 0.843, 0.858, 0.866, 0.882, 0.85, 0.85, 0.843, 0.85, 0.835, 0.843, 0.858, 0.874, 0.835, 0.843, 0.85, 0.89, 0.882, 0.858, 0.866, 0.85, 0.882, 0.866, 0.843, 0.89, 0.882, 0.882, 0.874, 0.843, 0.858]
0.862 0.02
20
[0.89, 0.874, 0.882, 0.89, 0.874, 0.89, 0.874, 0.874, 0.882, 0.89, 0.882, 0.89, 0.874, 0.866, 0.835, 0.874, 0.874, 0.882, 0.874, 0.906, 0.858, 0.874, 0.89, 0.89, 0.866, 0.882, 0.874, 0.85, 0.882, 0.858, 0.89, 0.882, 0.882, 0.866, 0.85, 0.874, 0.858, 0.858, 0.874, 0.906, 0.929, 0.874, 0.882, 0.882, 0.89, 0.882, 0.882, 0.866, 0.858, 0.898, 0.874, 0.882, 0.866, 0.882, 0.882, 0.89, 0.898, 0.874, 0.882, 0.89, 0.89, 0.89, 0.866, 0.858, 0.906, 0.898, 0.89, 0.906, 0.866, 0.866, 0.866, 0.874, 0.866, 0.89, 0.882, 0.874, 0.866, 0.906, 0.874, 0.906, 0.874, 0.874, 0.843, 0.89, 0.858, 0.866, 0.906, 0.866, 0.866, 0.866, 0.843, 0.866, 0.866, 0.898, 0.866, 0.882, 0.882, 0.89, 0.858, 0.85]
0.878 0.016
40
[0.866, 0.882, 0.874, 0.906, 0.882, 0.874, 0.858, 0.882, 0.89, 0.882, 0.898, 0.89, 0.866, 0.913, 0.89, 0.89, 0.89, 0.874, 0.874, 0.882, 0.906, 0.858, 0.89, 0.906, 0.89, 0.89, 0.906, 0.89, 0.906, 0.921, 0.874, 0.898, 0.866, 0.85, 0.882, 0.874, 0.874, 0.906, 0.89, 0.89, 0.874, 0.874, 0.906, 0.866, 0.858, 0.913, 0.874, 0.898, 0.866, 0.882, 0.898, 0.882, 0.874, 0.906, 0.874, 0.898, 0.882, 0.898, 0.874, 0.882, 0.898, 0.906, 0.89, 0.882, 0.906, 0.874, 0.898, 0.89, 0.874, 0.874, 0.898, 0.866, 0.906, 0.898, 0.874, 0.874, 0.89, 0.882, 0.898, 0.913, 0.921, 0.906, 0.858, 0.874, 0.874, 0.89, 0.898, 0.898, 0.898, 0.906, 0.906, 0.906, 0.874, 0.89, 0.898, 0.921, 0.882, 0.89, 0.898, 0.898]
0.888 0.016
80
[0.89, 0.89, 0.898, 0.898, 0.89, 0.906, 0.906, 0.937, 0.921, 0.874, 0.882, 0.913, 0.898, 0.898, 0.89, 0.89, 0.874, 0.89, 0.906, 0.906, 0.906, 0.89, 0.89, 0.89, 0.906, 0.858, 0.882, 0.906, 0.89, 0.89, 0.89, 0.89, 0.874, 0.898, 0.906, 0.898, 0.89, 0.906, 0.906, 0.906, 0.898, 0.906, 0.929, 0.898, 0.906, 0.89, 0.874, 0.882, 0.89, 0.89, 0.866, 0.898, 0.89, 0.89, 0.89, 0.882, 0.89, 0.89, 0.906, 0.898, 0.882, 0.89, 0.89, 0.906, 0.898, 0.906, 0.906, 0.906, 0.89, 0.913, 0.921, 0.882, 0.89, 0.906, 0.89, 0.898, 0.882, 0.913, 0.882, 0.898, 0.898, 0.89, 0.929, 0.921, 0.89, 0.921, 0.913, 0.882, 0.906, 0.882, 0.906, 0.906, 0.898, 0.89, 0.906, 0.882, 0.921, 0.913, 0.906, 0.858]
0.897 0.014
126
[0.882, 0.906, 0.906, 0.89, 0.921, 0.921, 0.89, 0.898, 0.874, 0.898, 0.89, 0.898, 0.89, 0.89, 0.898, 0.898, 0.882, 0.89, 0.913, 0.906, 0.89, 0.874, 0.898, 0.89, 0.898, 0.913, 0.937, 0.874, 0.921, 0.89, 0.906, 0.89, 0.89, 0.906, 0.898, 0.913, 0.913, 0.898, 0.882, 0.921, 0.898, 0.898, 0.882, 0.906, 0.874, 0.921, 0.89, 0.921, 0.898, 0.898, 0.906, 0.906, 0.89, 0.89, 0.898, 0.874, 0.913, 0.906, 0.89, 0.913, 0.898, 0.89, 0.882, 0.906, 0.882, 0.898, 0.898, 0.898, 0.913, 0.882, 0.89, 0.913, 0.913, 0.882, 0.921, 0.89, 0.898, 0.89, 0.882, 0.89, 0.89, 0.89, 0.89, 0.906, 0.89, 0.906, 0.89, 0.874, 0.913, 0.89, 0.89, 0.89, 0.898, 0.906, 0.906, 0.906, 0.89, 0.874, 0.929, 0.913]
0.898 0.013
