prediction interface 
3
[0.425, 0.52, 0.811, 0.52, 0.52, 0.787, 0.425, 0.772, 0.52, 0.85, 0.811, 0.748, 0.52, 0.52, 0.803, 0.724, 0.764, 0.787, 0.614, 0.843, 0.669, 0.724, 0.48, 0.772, 0.622, 0.764, 0.52, 0.811, 0.598, 0.764, 0.756, 0.724, 0.614, 0.669, 0.52, 0.52, 0.748, 0.764, 0.787, 0.638, 0.661, 0.827, 0.843, 0.48, 0.811, 0.748, 0.52, 0.724, 0.803, 0.709, 0.803, 0.78, 0.724, 0.701, 0.48, 0.827, 0.488, 0.756, 0.52, 0.52, 0.386, 0.748, 0.669, 0.669, 0.724, 0.843, 0.48, 0.52, 0.48, 0.748, 0.803, 0.717, 0.52, 0.52, 0.701, 0.748, 0.787, 0.48, 0.315, 0.772, 0.48, 0.78, 0.843, 0.402, 0.52, 0.803, 0.52, 0.74, 0.78, 0.748, 0.717, 0.732, 0.819, 0.764, 0.811, 0.787, 0.52, 0.52, 0.835, 0.795]
0.67 0.136
5
[0.756, 0.843, 0.827, 0.772, 0.795, 0.488, 0.787, 0.732, 0.732, 0.732, 0.74, 0.764, 0.583, 0.756, 0.606, 0.89, 0.772, 0.787, 0.827, 0.835, 0.732, 0.732, 0.48, 0.874, 0.52, 0.701, 0.717, 0.764, 0.583, 0.764, 0.724, 0.787, 0.795, 0.575, 0.748, 0.441, 0.575, 0.535, 0.827, 0.677, 0.756, 0.787, 0.724, 0.803, 0.819, 0.898, 0.811, 0.819, 0.827, 0.52, 0.48, 0.669, 0.646, 0.85, 0.748, 0.78, 0.52, 0.606, 0.819, 0.772, 0.764, 0.819, 0.795, 0.52, 0.449, 0.803, 0.803, 0.52, 0.85, 0.748, 0.748, 0.52, 0.811, 0.693, 0.575, 0.89, 0.882, 0.52, 0.819, 0.787, 0.764, 0.78, 0.52, 0.52, 0.795, 0.811, 0.787, 0.835, 0.756, 0.819, 0.504, 0.677, 0.732, 0.52, 0.803, 0.764, 0.78, 0.543, 0.709, 0.709]
0.717 0.12
10
[0.811, 0.63, 0.74, 0.78, 0.756, 0.843, 0.803, 0.732, 0.85, 0.795, 0.811, 0.843, 0.819, 0.748, 0.819, 0.811, 0.866, 0.858, 0.858, 0.866, 0.811, 0.787, 0.827, 0.874, 0.717, 0.732, 0.866, 0.787, 0.63, 0.646, 0.748, 0.843, 0.795, 0.772, 0.732, 0.874, 0.795, 0.795, 0.85, 0.866, 0.78, 0.803, 0.827, 0.78, 0.827, 0.882, 0.787, 0.843, 0.843, 0.732, 0.843, 0.85, 0.843, 0.866, 0.756, 0.811, 0.843, 0.85, 0.85, 0.803, 0.858, 0.717, 0.701, 0.843, 0.827, 0.85, 0.882, 0.795, 0.819, 0.819, 0.748, 0.764, 0.693, 0.835, 0.843, 0.646, 0.811, 0.638, 0.803, 0.827, 0.858, 0.85, 0.795, 0.669, 0.811, 0.827, 0.85, 0.811, 0.827, 0.835, 0.843, 0.74, 0.835, 0.819, 0.835, 0.795, 0.819, 0.78, 0.512, 0.709]
0.797 0.066
20
[0.795, 0.827, 0.85, 0.748, 0.835, 0.858, 0.882, 0.811, 0.85, 0.89, 0.882, 0.685, 0.811, 0.811, 0.929, 0.874, 0.819, 0.882, 0.78, 0.882, 0.858, 0.858, 0.835, 0.898, 0.882, 0.787, 0.882, 0.78, 0.882, 0.874, 0.898, 0.866, 0.874, 0.787, 0.89, 0.866, 0.906, 0.898, 0.772, 0.772, 0.78, 0.89, 0.843, 0.787, 0.874, 0.717, 0.89, 0.811, 0.858, 0.795, 0.882, 0.858, 0.882, 0.795, 0.843, 0.866, 0.843, 0.874, 0.858, 0.85, 0.89, 0.882, 0.819, 0.882, 0.882, 0.898, 0.866, 0.772, 0.89, 0.85, 0.78, 0.843, 0.827, 0.858, 0.843, 0.614, 0.882, 0.74, 0.772, 0.882, 0.906, 0.843, 0.937, 0.874, 0.748, 0.843, 0.819, 0.882, 0.803, 0.866, 0.787, 0.795, 0.874, 0.787, 0.882, 0.787, 0.882, 0.835, 0.906, 0.835]
0.841 0.053
40
[0.882, 0.882, 0.89, 0.827, 0.85, 0.843, 0.89, 0.921, 0.874, 0.898, 0.866, 0.898, 0.858, 0.85, 0.74, 0.874, 0.874, 0.882, 0.843, 0.906, 0.85, 0.866, 0.85, 0.874, 0.913, 0.811, 0.898, 0.827, 0.906, 0.89, 0.906, 0.898, 0.89, 0.858, 0.898, 0.803, 0.89, 0.858, 0.913, 0.882, 0.906, 0.89, 0.906, 0.898, 0.906, 0.874, 0.874, 0.858, 0.882, 0.866, 0.858, 0.866, 0.898, 0.882, 0.906, 0.874, 0.85, 0.866, 0.866, 0.85, 0.89, 0.866, 0.882, 0.906, 0.906, 0.906, 0.929, 0.906, 0.843, 0.906, 0.874, 0.874, 0.835, 0.89, 0.913, 0.866, 0.874, 0.906, 0.89, 0.843, 0.835, 0.882, 0.882, 0.866, 0.866, 0.874, 0.858, 0.827, 0.874, 0.882, 0.85, 0.89, 0.882, 0.898, 0.89, 0.913, 0.874, 0.874, 0.858, 0.85]
0.875 0.028
80
[0.874, 0.906, 0.898, 0.898, 0.866, 0.898, 0.874, 0.906, 0.913, 0.906, 0.898, 0.874, 0.929, 0.913, 0.874, 0.929, 0.913, 0.929, 0.882, 0.906, 0.906, 0.874, 0.882, 0.929, 0.882, 0.898, 0.913, 0.858, 0.882, 0.898, 0.882, 0.921, 0.874, 0.89, 0.906, 0.929, 0.937, 0.89, 0.906, 0.898, 0.866, 0.898, 0.898, 0.898, 0.906, 0.898, 0.906, 0.906, 0.906, 0.921, 0.882, 0.913, 0.882, 0.898, 0.906, 0.906, 0.858, 0.929, 0.89, 0.921, 0.913, 0.858, 0.906, 0.913, 0.913, 0.929, 0.913, 0.89, 0.929, 0.898, 0.89, 0.913, 0.874, 0.929, 0.89, 0.921, 0.929, 0.882, 0.882, 0.913, 0.906, 0.882, 0.906, 0.866, 0.913, 0.835, 0.874, 0.898, 0.874, 0.882, 0.906, 0.913, 0.913, 0.913, 0.874, 0.898, 0.913, 0.913, 0.89, 0.843]
0.898 0.021
126
[0.882, 0.929, 0.898, 0.929, 0.906, 0.921, 0.882, 0.913, 0.906, 0.898, 0.898, 0.906, 0.921, 0.906, 0.898, 0.929, 0.921, 0.89, 0.913, 0.898, 0.921, 0.906, 0.906, 0.898, 0.913, 0.906, 0.921, 0.913, 0.921, 0.898, 0.921, 0.929, 0.913, 0.906, 0.906, 0.913, 0.921, 0.906, 0.898, 0.929, 0.898, 0.874, 0.929, 0.913, 0.913, 0.906, 0.898, 0.906, 0.882, 0.913, 0.921, 0.921, 0.906, 0.906, 0.921, 0.921, 0.913, 0.913, 0.921, 0.906, 0.89, 0.898, 0.906, 0.913, 0.898, 0.913, 0.906, 0.898, 0.906, 0.929, 0.906, 0.913, 0.945, 0.921, 0.929, 0.913, 0.882, 0.937, 0.937, 0.929, 0.906, 0.921, 0.913, 0.913, 0.898, 0.929, 0.906, 0.906, 0.898, 0.89, 0.913, 0.898, 0.89, 0.898, 0.882, 0.906, 0.906, 0.906, 0.906, 0.898]
0.909 0.013

prediction interface + coreset 
3
[0.81, 0.76, 0.52, 0.81, 0.52, 0.77, 0.77, 0.79, 0.78, 0.81, 0.73, 0.8, 0.77, 0.83, 0.78, 0.77, 0.8, 0.79, 0.81, 0.77, 0.72, 0.52, 0.52, 0.74, 0.77, 0.52, 0.76, 0.78, 0.76, 0.78, 0.72, 0.77, 0.73, 0.79, 0.52, 0.77, 0.73, 0.81, 0.77, 0.55, 0.69, 0.77, 0.72, 0.77, 0.76, 0.78, 0.48, 0.51, 0.82, 0.81, 0.76, 0.55, 0.77, 0.79, 0.76, 0.77, 0.82, 0.75, 0.52, 0.81, 0.73, 0.49, 0.76, 0.77, 0.52, 0.78, 0.48, 0.78, 0.77, 0.82, 0.76, 0.76, 0.52, 0.72, 0.72, 0.76, 0.78, 0.74, 0.82, 0.68, 0.79, 0.78, 0.8, 0.78, 0.74, 0.74, 0.52, 0.82, 0.81, 0.72, 0.72, 0.52, 0.77, 0.76, 0.79, 0.76, 0.81, 0.79, 0.78, 0.82]
0.728 0.1
5
[0.65, 0.65, 0.79, 0.84, 0.83, 0.8, 0.82, 0.77, 0.67, 0.77, 0.86, 0.83, 0.7, 0.81, 0.7, 0.72, 0.63, 0.78, 0.69, 0.84, 0.8, 0.82, 0.61, 0.69, 0.83, 0.77, 0.72, 0.78, 0.72, 0.86, 0.81, 0.82, 0.6, 0.78, 0.7, 0.77, 0.69, 0.51, 0.8, 0.8, 0.83, 0.8, 0.82, 0.72, 0.68, 0.83, 0.83, 0.72, 0.67, 0.76, 0.81, 0.71, 0.86, 0.64, 0.84, 0.86, 0.72, 0.62, 0.79, 0.72, 0.82, 0.84, 0.82, 0.69, 0.77, 0.73, 0.81, 0.71, 0.76, 0.76, 0.69, 0.77, 0.79, 0.74, 0.66, 0.79, 0.81, 0.86, 0.66, 0.8, 0.77, 0.8, 0.78, 0.8, 0.71, 0.81, 0.78, 0.8, 0.72, 0.79, 0.81, 0.79, 0.68, 0.71, 0.82, 0.83, 0.78, 0.76, 0.8, 0.69]
0.76 0.069
10
[0.8, 0.76, 0.67, 0.74, 0.8, 0.78, 0.69, 0.75, 0.84, 0.83, 0.7, 0.83, 0.84, 0.8, 0.65, 0.66, 0.63, 0.86, 0.76, 0.77, 0.83, 0.85, 0.63, 0.66, 0.87, 0.7, 0.65, 0.83, 0.7, 0.62, 0.8, 0.77, 0.8, 0.75, 0.8, 0.71, 0.81, 0.73, 0.75, 0.64, 0.69, 0.85, 0.75, 0.79, 0.75, 0.6, 0.77, 0.73, 0.76, 0.79, 0.65, 0.72, 0.84, 0.79, 0.84, 0.81, 0.76, 0.86, 0.67, 0.64, 0.72, 0.65, 0.69, 0.89, 0.8, 0.77, 0.7, 0.79, 0.69, 0.84, 0.65, 0.67, 0.69, 0.85, 0.84, 0.7, 0.67, 0.8, 0.83, 0.81, 0.81, 0.7, 0.72, 0.72, 0.75, 0.69, 0.65, 0.7, 0.75, 0.83, 0.85, 0.82, 0.82, 0.76, 0.86, 0.85, 0.69, 0.79, 0.65, 0.76]
0.753 0.072
20
[0.83, 0.85, 0.89, 0.83, 0.88, 0.84, 0.87, 0.86, 0.87, 0.94, 0.86, 0.85, 0.88, 0.87, 0.87, 0.89, 0.83, 0.87, 0.9, 0.86, 0.88, 0.86, 0.87, 0.83, 0.87, 0.85, 0.88, 0.93, 0.83, 0.86, 0.8, 0.9, 0.76, 0.85, 0.88, 0.71, 0.88, 0.81, 0.87, 0.84, 0.88, 0.9, 0.85, 0.83, 0.87, 0.91, 0.87, 0.83, 0.87, 0.83, 0.84, 0.78, 0.83, 0.85, 0.84, 0.88, 0.86, 0.83, 0.92, 0.89, 0.87, 0.91, 0.87, 0.85, 0.9, 0.89, 0.87, 0.88, 0.82, 0.83, 0.85, 0.86, 0.87, 0.86, 0.91, 0.88, 0.86, 0.87, 0.84, 0.85, 0.82, 0.87, 0.87, 0.82, 0.85, 0.88, 0.87, 0.87, 0.83, 0.87, 0.88, 0.86, 0.86, 0.85, 0.88, 0.86, 0.82, 0.85, 0.79, 0.84]
0.858 0.033
40
[0.84, 0.82, 0.85, 0.83, 0.82, 0.81, 0.85, 0.86, 0.8, 0.89, 0.87, 0.83, 0.84, 0.83, 0.8, 0.82, 0.81, 0.9, 0.82, 0.86, 0.84, 0.84, 0.8, 0.83, 0.82, 0.91, 0.84, 0.82, 0.81, 0.9, 0.87, 0.86, 0.87, 0.84, 0.83, 0.83, 0.87, 0.86, 0.85, 0.84, 0.94, 0.79, 0.86, 0.81, 0.82, 0.79, 0.91, 0.85, 0.85, 0.83, 0.89, 0.8, 0.88, 0.83, 0.86, 0.82, 0.86, 0.8, 0.87, 0.84, 0.81, 0.8, 0.85, 0.82, 0.88, 0.83, 0.87, 0.77, 0.82, 0.87, 0.91, 0.85, 0.88, 0.86, 0.81, 0.87, 0.83, 0.91, 0.88, 0.83, 0.83, 0.91, 0.81, 0.87, 0.87, 0.87, 0.85, 0.92, 0.82, 0.86, 0.8, 0.84, 0.85, 0.83, 0.8, 0.83, 0.9, 0.9, 0.88, 0.8]
0.846 0.034
80
[0.91, 0.93, 0.87, 0.89, 0.87, 0.87, 0.9, 0.87, 0.86, 0.91, 0.9, 0.87, 0.89, 0.88, 0.9, 0.88, 0.87, 0.89, 0.91, 0.91, 0.88, 0.91, 0.9, 0.88, 0.91, 0.9, 0.91, 0.87, 0.9, 0.89, 0.9, 0.87, 0.9, 0.91, 0.91, 0.9, 0.91, 0.88, 0.91, 0.89, 0.88, 0.92, 0.9, 0.87, 0.86, 0.88, 0.87, 0.87, 0.86, 0.85, 0.86, 0.9, 0.88, 0.87, 0.88, 0.89, 0.92, 0.89, 0.91, 0.87, 0.9, 0.86, 0.91, 0.91, 0.88, 0.91, 0.91, 0.91, 0.91, 0.9, 0.87, 0.87, 0.89, 0.89, 0.91, 0.91, 0.87, 0.9, 0.89, 0.91, 0.86, 0.89, 0.87, 0.91, 0.86, 0.87, 0.88, 0.91, 0.91, 0.87, 0.9, 0.87, 0.9, 0.88, 0.87, 0.93, 0.9, 0.87, 0.9, 0.88]
0.89 0.019
126
[0.91, 0.91, 0.91, 0.89, 0.92, 0.93, 0.9, 0.9, 0.91, 0.91, 0.89, 0.9, 0.9, 0.9, 0.92, 0.91, 0.91, 0.9, 0.91, 0.91, 0.92, 0.9, 0.91, 0.92, 0.92, 0.91, 0.91, 0.92, 0.9, 0.91, 0.91, 0.92, 0.9, 0.91, 0.9, 0.91, 0.94, 0.91, 0.91, 0.92, 0.9, 0.92, 0.9, 0.91, 0.93, 0.9, 0.91, 0.91, 0.9, 0.92, 0.9, 0.92, 0.92, 0.93, 0.9, 0.91, 0.93, 0.91, 0.94, 0.92, 0.92, 0.91, 0.92, 0.91, 0.9, 0.91, 0.91, 0.93, 0.93, 0.88, 0.91, 0.89, 0.92, 0.91, 0.92, 0.92, 0.93, 0.89, 0.92, 0.9, 0.91, 0.9, 0.92, 0.91, 0.91, 0.92, 0.93, 0.93, 0.9, 0.9, 0.93, 0.92, 0.92, 0.91, 0.9, 0.91, 0.9, 0.93, 0.91, 0.91]
0.912 0.011

model extraction 
3
[0.858, 0.748, 0.843, 0.811, 0.74, 0.827, 0.583, 0.882, 0.89, 0.748, 0.772, 0.819, 0.764, 0.811, 0.827, 0.78, 0.866, 0.819, 0.843, 0.858, 0.63, 0.795, 0.835, 0.843, 0.835, 0.795, 0.819, 0.819, 0.787, 0.819, 0.795, 0.606, 0.803, 0.827, 0.866, 0.89, 0.843, 0.843, 0.843, 0.717, 0.835, 0.78, 0.795, 0.858, 0.866, 0.874, 0.795, 0.827, 0.772, 0.843, 0.685, 0.835, 0.803, 0.835, 0.835, 0.858, 0.661, 0.811, 0.835, 0.748, 0.835, 0.819, 0.764, 0.858, 0.843, 0.819, 0.866, 0.866, 0.843, 0.803, 0.89, 0.764, 0.898, 0.819, 0.843, 0.866, 0.866, 0.795, 0.827, 0.74, 0.858, 0.803, 0.827, 0.89, 0.78, 0.756, 0.85, 0.811, 0.772, 0.85, 0.874, 0.882, 0.724, 0.78, 0.685, 0.85, 0.89, 0.724, 0.819, 0.819]
0.811 0.06
5
[0.85, 0.858, 0.827, 0.843, 0.866, 0.732, 0.827, 0.843, 0.732, 0.874, 0.858, 0.843, 0.882, 0.827, 0.772, 0.85, 0.89, 0.811, 0.74, 0.78, 0.732, 0.866, 0.693, 0.717, 0.835, 0.795, 0.827, 0.843, 0.85, 0.819, 0.85, 0.858, 0.85, 0.819, 0.874, 0.78, 0.63, 0.811, 0.882, 0.85, 0.732, 0.874, 0.898, 0.843, 0.858, 0.882, 0.866, 0.827, 0.811, 0.827, 0.787, 0.858, 0.764, 0.78, 0.858, 0.835, 0.748, 0.85, 0.866, 0.795, 0.772, 0.693, 0.858, 0.787, 0.78, 0.835, 0.724, 0.638, 0.874, 0.693, 0.898, 0.89, 0.898, 0.772, 0.803, 0.858, 0.858, 0.882, 0.874, 0.748, 0.858, 0.803, 0.85, 0.913, 0.835, 0.819, 0.906, 0.858, 0.874, 0.898, 0.803, 0.882, 0.835, 0.843, 0.772, 0.803, 0.89, 0.898, 0.803, 0.827]
0.823 0.058
10
[0.898, 0.874, 0.898, 0.858, 0.772, 0.89, 0.85, 0.866, 0.709, 0.835, 0.874, 0.866, 0.913, 0.898, 0.858, 0.827, 0.882, 0.882, 0.866, 0.89, 0.882, 0.835, 0.701, 0.906, 0.85, 0.898, 0.843, 0.874, 0.819, 0.89, 0.882, 0.898, 0.913, 0.898, 0.85, 0.811, 0.803, 0.882, 0.906, 0.764, 0.819, 0.843, 0.866, 0.85, 0.882, 0.827, 0.858, 0.913, 0.85, 0.795, 0.882, 0.787, 0.85, 0.866, 0.906, 0.89, 0.85, 0.882, 0.866, 0.772, 0.882, 0.89, 0.866, 0.874, 0.89, 0.835, 0.803, 0.858, 0.843, 0.906, 0.882, 0.913, 0.835, 0.906, 0.874, 0.874, 0.89, 0.866, 0.835, 0.85, 0.858, 0.835, 0.803, 0.898, 0.819, 0.906, 0.819, 0.89, 0.89, 0.874, 0.89, 0.748, 0.787, 0.835, 0.803, 0.89, 0.913, 0.866, 0.835, 0.882]
0.858 0.043
20
[0.866, 0.874, 0.882, 0.89, 0.913, 0.882, 0.866, 0.906, 0.913, 0.906, 0.85, 0.882, 0.913, 0.874, 0.866, 0.874, 0.843, 0.898, 0.898, 0.906, 0.882, 0.913, 0.874, 0.898, 0.882, 0.882, 0.929, 0.874, 0.85, 0.866, 0.913, 0.843, 0.913, 0.929, 0.85, 0.898, 0.85, 0.882, 0.858, 0.843, 0.89, 0.898, 0.874, 0.937, 0.906, 0.866, 0.866, 0.874, 0.866, 0.882, 0.898, 0.835, 0.866, 0.921, 0.882, 0.89, 0.913, 0.874, 0.89, 0.913, 0.913, 0.866, 0.811, 0.827, 0.89, 0.835, 0.898, 0.906, 0.772, 0.85, 0.874, 0.89, 0.85, 0.858, 0.843, 0.906, 0.906, 0.882, 0.843, 0.866, 0.906, 0.898, 0.882, 0.866, 0.898, 0.874, 0.866, 0.827, 0.882, 0.89, 0.906, 0.874, 0.843, 0.882, 0.89, 0.819, 0.89, 0.874, 0.913, 0.843]
0.879 0.028
40
[0.89, 0.882, 0.898, 0.882, 0.929, 0.906, 0.89, 0.898, 0.921, 0.906, 0.898, 0.882, 0.898, 0.89, 0.898, 0.882, 0.898, 0.898, 0.906, 0.906, 0.906, 0.906, 0.898, 0.898, 0.85, 0.937, 0.913, 0.913, 0.898, 0.906, 0.921, 0.906, 0.906, 0.929, 0.929, 0.882, 0.906, 0.906, 0.937, 0.906, 0.913, 0.882, 0.858, 0.921, 0.913, 0.913, 0.906, 0.906, 0.898, 0.913, 0.89, 0.906, 0.898, 0.819, 0.882, 0.898, 0.921, 0.874, 0.913, 0.921, 0.882, 0.906, 0.89, 0.913, 0.89, 0.913, 0.882, 0.913, 0.882, 0.921, 0.921, 0.921, 0.929, 0.913, 0.906, 0.913, 0.913, 0.89, 0.898, 0.921, 0.882, 0.906, 0.874, 0.906, 0.874, 0.913, 0.89, 0.913, 0.898, 0.913, 0.898, 0.913, 0.906, 0.921, 0.921, 0.921, 0.89, 0.913, 0.906, 0.945]
0.903 0.018
80
[0.898, 0.921, 0.921, 0.937, 0.866, 0.921, 0.913, 0.913, 0.945, 0.906, 0.945, 0.921, 0.921, 0.89, 0.906, 0.882, 0.921, 0.929, 0.874, 0.929, 0.929, 0.913, 0.898, 0.937, 0.898, 0.89, 0.929, 0.882, 0.898, 0.906, 0.906, 0.913, 0.913, 0.913, 0.906, 0.921, 0.929, 0.929, 0.921, 0.913, 0.898, 0.921, 0.906, 0.898, 0.929, 0.929, 0.937, 0.913, 0.913, 0.913, 0.921, 0.921, 0.898, 0.906, 0.929, 0.913, 0.921, 0.913, 0.921, 0.913, 0.921, 0.906, 0.906, 0.906, 0.945, 0.913, 0.898, 0.921, 0.913, 0.906, 0.921, 0.937, 0.906, 0.945, 0.921, 0.921, 0.913, 0.898, 0.945, 0.921, 0.929, 0.906, 0.913, 0.913, 0.913, 0.913, 0.906, 0.898, 0.937, 0.906, 0.906, 0.913, 0.906, 0.937, 0.921, 0.929, 0.921, 0.89, 0.898, 0.913]
0.914 0.015
126
[0.913, 0.937, 0.953, 0.937, 0.921, 0.913, 0.929, 0.929, 0.929, 0.929, 0.913, 0.913, 0.929, 0.921, 0.929, 0.921, 0.921, 0.921, 0.913, 0.929, 0.913, 0.929, 0.929, 0.929, 0.921, 0.921, 0.929, 0.937, 0.921, 0.937, 0.906, 0.945, 0.929, 0.929, 0.913, 0.937, 0.945, 0.929, 0.913, 0.937, 0.913, 0.929, 0.913, 0.929, 0.945, 0.937, 0.921, 0.945, 0.921, 0.929, 0.921, 0.937, 0.945, 0.921, 0.929, 0.921, 0.921, 0.953, 0.937, 0.929, 0.921, 0.921, 0.921, 0.913, 0.921, 0.913, 0.921, 0.937, 0.945, 0.913, 0.945, 0.945, 0.929, 0.937, 0.913, 0.929, 0.937, 0.921, 0.913, 0.929, 0.913, 0.937, 0.906, 0.929, 0.937, 0.937, 0.937, 0.929, 0.953, 0.906, 0.906, 0.921, 0.937, 0.921, 0.921, 0.929, 0.906, 0.945, 0.929, 0.929]
0.927 0.011

double CF 
3
[0.866, 0.874, 0.898, 0.866, 0.921, 0.858, 0.858, 0.811, 0.866, 0.874, 0.874, 0.866, 0.882, 0.906, 0.803, 0.858, 0.882, 0.89, 0.866, 0.874, 0.858, 0.835, 0.866, 0.85, 0.898, 0.85, 0.819, 0.874, 0.866, 0.819, 0.898, 0.803, 0.85, 0.843, 0.866, 0.882, 0.866, 0.85, 0.882, 0.827, 0.858, 0.843, 0.85, 0.858, 0.858, 0.89, 0.827, 0.78, 0.898, 0.898, 0.843, 0.898, 0.866, 0.898, 0.85, 0.827, 0.866, 0.866, 0.89, 0.906, 0.858, 0.858, 0.898, 0.89, 0.874, 0.85, 0.866, 0.85, 0.913, 0.866, 0.858, 0.819, 0.866, 0.874, 0.866, 0.85, 0.882, 0.882, 0.858, 0.874, 0.874, 0.882, 0.898, 0.843, 0.843, 0.882, 0.89, 0.858, 0.882, 0.874, 0.819, 0.843, 0.89, 0.882, 0.827, 0.866, 0.913, 0.89, 0.866, 0.874]
0.865 0.026
5
[0.866, 0.89, 0.898, 0.906, 0.906, 0.85, 0.874, 0.85, 0.882, 0.874, 0.819, 0.874, 0.874, 0.866, 0.866, 0.835, 0.89, 0.858, 0.866, 0.843, 0.898, 0.858, 0.898, 0.874, 0.906, 0.85, 0.898, 0.882, 0.898, 0.843, 0.85, 0.866, 0.929, 0.906, 0.913, 0.85, 0.819, 0.89, 0.866, 0.882, 0.882, 0.906, 0.89, 0.882, 0.858, 0.929, 0.906, 0.882, 0.882, 0.874, 0.874, 0.882, 0.85, 0.85, 0.858, 0.843, 0.906, 0.898, 0.89, 0.913, 0.827, 0.89, 0.858, 0.85, 0.906, 0.882, 0.898, 0.85, 0.858, 0.906, 0.89, 0.882, 0.858, 0.913, 0.913, 0.898, 0.898, 0.858, 0.89, 0.858, 0.89, 0.866, 0.913, 0.882, 0.858, 0.85, 0.906, 0.858, 0.882, 0.835, 0.89, 0.89, 0.882, 0.89, 0.843, 0.882, 0.882, 0.89, 0.913, 0.89]
0.878 0.024
10
[0.874, 0.874, 0.906, 0.913, 0.898, 0.898, 0.898, 0.913, 0.898, 0.866, 0.89, 0.89, 0.89, 0.874, 0.898, 0.929, 0.89, 0.906, 0.898, 0.882, 0.858, 0.89, 0.921, 0.898, 0.874, 0.89, 0.89, 0.906, 0.913, 0.913, 0.882, 0.906, 0.898, 0.882, 0.89, 0.89, 0.89, 0.906, 0.874, 0.89, 0.89, 0.89, 0.882, 0.898, 0.866, 0.882, 0.882, 0.906, 0.858, 0.874, 0.898, 0.882, 0.882, 0.874, 0.898, 0.906, 0.898, 0.874, 0.835, 0.882, 0.882, 0.89, 0.858, 0.913, 0.874, 0.89, 0.85, 0.882, 0.921, 0.906, 0.874, 0.866, 0.906, 0.882, 0.882, 0.913, 0.882, 0.882, 0.898, 0.874, 0.913, 0.882, 0.882, 0.906, 0.882, 0.89, 0.874, 0.898, 0.906, 0.921, 0.874, 0.882, 0.906, 0.89, 0.843, 0.913, 0.866, 0.89, 0.898, 0.866]
0.889 0.017
20
[0.89, 0.898, 0.906, 0.906, 0.898, 0.898, 0.89, 0.89, 0.898, 0.906, 0.89, 0.898, 0.89, 0.89, 0.898, 0.906, 0.882, 0.898, 0.882, 0.882, 0.913, 0.89, 0.898, 0.874, 0.882, 0.882, 0.898, 0.866, 0.89, 0.89, 0.921, 0.89, 0.906, 0.913, 0.906, 0.89, 0.882, 0.898, 0.937, 0.898, 0.874, 0.882, 0.921, 0.906, 0.882, 0.874, 0.913, 0.906, 0.913, 0.882, 0.913, 0.913, 0.921, 0.906, 0.929, 0.906, 0.898, 0.882, 0.906, 0.89, 0.866, 0.89, 0.89, 0.898, 0.89, 0.898, 0.906, 0.874, 0.874, 0.898, 0.89, 0.882, 0.89, 0.882, 0.882, 0.866, 0.874, 0.882, 0.921, 0.882, 0.906, 0.898, 0.913, 0.882, 0.898, 0.913, 0.866, 0.898, 0.921, 0.898, 0.906, 0.906, 0.89, 0.906, 0.929, 0.906, 0.882, 0.89, 0.906, 0.89]
0.896 0.015
40
[0.89, 0.874, 0.89, 0.906, 0.898, 0.929, 0.913, 0.89, 0.882, 0.913, 0.89, 0.898, 0.89, 0.882, 0.913, 0.89, 0.882, 0.898, 0.898, 0.882, 0.898, 0.898, 0.89, 0.937, 0.89, 0.906, 0.906, 0.89, 0.898, 0.89, 0.913, 0.882, 0.898, 0.913, 0.906, 0.882, 0.89, 0.906, 0.874, 0.89, 0.898, 0.866, 0.89, 0.898, 0.898, 0.89, 0.898, 0.866, 0.874, 0.929, 0.882, 0.937, 0.906, 0.89, 0.866, 0.913, 0.898, 0.882, 0.882, 0.874, 0.874, 0.882, 0.913, 0.882, 0.874, 0.882, 0.874, 0.929, 0.882, 0.89, 0.906, 0.906, 0.906, 0.89, 0.898, 0.898, 0.874, 0.882, 0.906, 0.89, 0.89, 0.882, 0.89, 0.882, 0.89, 0.898, 0.882, 0.913, 0.89, 0.89, 0.874, 0.898, 0.898, 0.89, 0.89, 0.89, 0.898, 0.898, 0.906, 0.906]
0.894 0.015
80
[0.89, 0.913, 0.89, 0.898, 0.898, 0.898, 0.906, 0.898, 0.913, 0.898, 0.89, 0.898, 0.89, 0.898, 0.882, 0.913, 0.937, 0.874, 0.89, 0.89, 0.906, 0.89, 0.906, 0.874, 0.89, 0.89, 0.906, 0.906, 0.874, 0.906, 0.913, 0.882, 0.882, 0.874, 0.866, 0.921, 0.874, 0.906, 0.898, 0.89, 0.898, 0.898, 0.898, 0.898, 0.906, 0.906, 0.906, 0.906, 0.921, 0.882, 0.898, 0.929, 0.898, 0.906, 0.882, 0.882, 0.906, 0.906, 0.898, 0.898, 0.89, 0.906, 0.929, 0.906, 0.906, 0.913, 0.898, 0.906, 0.913, 0.898, 0.882, 0.898, 0.89, 0.882, 0.906, 0.882, 0.882, 0.882, 0.882, 0.921, 0.882, 0.898, 0.898, 0.882, 0.89, 0.898, 0.906, 0.906, 0.898, 0.898, 0.906, 0.898, 0.898, 0.929, 0.89, 0.89, 0.866, 0.874, 0.906, 0.89]
0.897 0.014
126
[0.906, 0.906, 0.906, 0.906, 0.898, 0.906, 0.906, 0.89, 0.906, 0.906, 0.906, 0.898, 0.898, 0.913, 0.882, 0.913, 0.906, 0.898, 0.898, 0.898, 0.898, 0.898, 0.913, 0.898, 0.913, 0.906, 0.913, 0.906, 0.906, 0.898, 0.913, 0.89, 0.906, 0.906, 0.898, 0.898, 0.906, 0.898, 0.913, 0.913, 0.906, 0.913, 0.906, 0.906, 0.898, 0.906, 0.898, 0.898, 0.898, 0.898, 0.898, 0.906, 0.913, 0.906, 0.913, 0.882, 0.906, 0.898, 0.898, 0.898, 0.921, 0.921, 0.89, 0.921, 0.89, 0.898, 0.913, 0.898, 0.913, 0.913, 0.906, 0.906, 0.898, 0.906, 0.906, 0.898, 0.921, 0.898, 0.921, 0.906, 0.913, 0.906, 0.898, 0.906, 0.913, 0.913, 0.913, 0.898, 0.906, 0.906, 0.898, 0.906, 0.906, 0.913, 0.913, 0.898, 0.913, 0.906, 0.89, 0.898]
0.904 0.008

double CF + input
3
[0.85, 0.811, 0.85, 0.874, 0.858, 0.858, 0.874, 0.882, 0.835, 0.874, 0.898, 0.906, 0.882, 0.866, 0.882, 0.874, 0.906, 0.85, 0.898, 0.866, 0.85, 0.827, 0.882, 0.882, 0.898, 0.89, 0.882, 0.866, 0.858, 0.858, 0.843, 0.866, 0.843, 0.929, 0.835, 0.882, 0.89, 0.858, 0.866, 0.882, 0.89, 0.858, 0.827, 0.843, 0.874, 0.835, 0.858, 0.898, 0.843, 0.827, 0.866, 0.89, 0.906, 0.89, 0.913, 0.874, 0.866, 0.898, 0.85, 0.882, 0.874, 0.89, 0.701, 0.882, 0.89, 0.874, 0.89, 0.866, 0.843, 0.906, 0.858, 0.866, 0.882, 0.874, 0.906, 0.89, 0.882, 0.89, 0.835, 0.843, 0.866, 0.89, 0.866, 0.921, 0.882, 0.874, 0.913, 0.898, 0.882, 0.882, 0.866, 0.835, 0.835, 0.866, 0.85, 0.898, 0.874, 0.882, 0.89, 0.89]
0.871 0.029
5
[0.898, 0.882, 0.866, 0.906, 0.921, 0.89, 0.898, 0.866, 0.89, 0.874, 0.898, 0.858, 0.874, 0.866, 0.866, 0.882, 0.89, 0.906, 0.858, 0.937, 0.89, 0.827, 0.858, 0.89, 0.898, 0.89, 0.906, 0.898, 0.906, 0.898, 0.898, 0.89, 0.858, 0.898, 0.898, 0.882, 0.906, 0.858, 0.882, 0.89, 0.929, 0.866, 0.874, 0.843, 0.882, 0.874, 0.89, 0.882, 0.913, 0.906, 0.85, 0.906, 0.898, 0.827, 0.843, 0.835, 0.89, 0.929, 0.898, 0.866, 0.882, 0.898, 0.866, 0.874, 0.929, 0.882, 0.913, 0.85, 0.898, 0.898, 0.858, 0.882, 0.866, 0.866, 0.827, 0.898, 0.874, 0.89, 0.882, 0.906, 0.898, 0.858, 0.882, 0.843, 0.906, 0.882, 0.89, 0.858, 0.921, 0.89, 0.913, 0.898, 0.866, 0.898, 0.874, 0.913, 0.882, 0.85, 0.866, 0.866]
0.883 0.023
10
[0.913, 0.89, 0.937, 0.882, 0.929, 0.866, 0.866, 0.866, 0.874, 0.929, 0.906, 0.898, 0.913, 0.866, 0.898, 0.866, 0.906, 0.89, 0.906, 0.882, 0.882, 0.89, 0.906, 0.89, 0.882, 0.906, 0.906, 0.906, 0.89, 0.89, 0.866, 0.89, 0.874, 0.89, 0.913, 0.913, 0.906, 0.882, 0.89, 0.89, 0.921, 0.898, 0.913, 0.882, 0.921, 0.874, 0.882, 0.882, 0.89, 0.843, 0.803, 0.906, 0.882, 0.882, 0.882, 0.89, 0.929, 0.874, 0.882, 0.874, 0.898, 0.906, 0.906, 0.898, 0.89, 0.906, 0.906, 0.882, 0.89, 0.89, 0.913, 0.882, 0.913, 0.89, 0.898, 0.898, 0.89, 0.937, 0.913, 0.882, 0.906, 0.898, 0.906, 0.906, 0.906, 0.898, 0.929, 0.898, 0.882, 0.882, 0.858, 0.929, 0.874, 0.866, 0.921, 0.882, 0.89, 0.866, 0.898, 0.858]
0.893 0.021
20
[0.913, 0.906, 0.898, 0.929, 0.89, 0.913, 0.874, 0.866, 0.945, 0.906, 0.89, 0.921, 0.882, 0.913, 0.898, 0.921, 0.898, 0.898, 0.929, 0.929, 0.913, 0.906, 0.874, 0.906, 0.913, 0.874, 0.921, 0.858, 0.913, 0.882, 0.89, 0.913, 0.921, 0.945, 0.906, 0.921, 0.913, 0.882, 0.898, 0.937, 0.906, 0.906, 0.898, 0.898, 0.882, 0.929, 0.913, 0.913, 0.913, 0.929, 0.882, 0.906, 0.906, 0.898, 0.913, 0.898, 0.929, 0.906, 0.929, 0.913, 0.937, 0.898, 0.898, 0.906, 0.913, 0.913, 0.913, 0.898, 0.929, 0.913, 0.906, 0.898, 0.937, 0.874, 0.913, 0.906, 0.898, 0.898, 0.913, 0.921, 0.921, 0.874, 0.921, 0.913, 0.898, 0.882, 0.913, 0.906, 0.882, 0.929, 0.906, 0.906, 0.913, 0.898, 0.906, 0.921, 0.929, 0.921, 0.898, 0.921]
0.907 0.017
40
[0.913, 0.913, 0.921, 0.906, 0.913, 0.921, 0.913, 0.913, 0.945, 0.937, 0.921, 0.945, 0.937, 0.906, 0.898, 0.913, 0.906, 0.898, 0.929, 0.913, 0.921, 0.921, 0.929, 0.906, 0.937, 0.921, 0.937, 0.898, 0.937, 0.937, 0.898, 0.913, 0.937, 0.906, 0.929, 0.945, 0.906, 0.906, 0.913, 0.921, 0.898, 0.913, 0.953, 0.906, 0.937, 0.913, 0.89, 0.913, 0.906, 0.937, 0.921, 0.913, 0.921, 0.929, 0.882, 0.937, 0.913, 0.937, 0.929, 0.898, 0.913, 0.945, 0.929, 0.921, 0.898, 0.929, 0.945, 0.913, 0.937, 0.89, 0.913, 0.913, 0.906, 0.913, 0.921, 0.929, 0.921, 0.929, 0.921, 0.929, 0.929, 0.937, 0.921, 0.921, 0.913, 0.913, 0.913, 0.921, 0.937, 0.929, 0.906, 0.929, 0.921, 0.929, 0.906, 0.913, 0.898, 0.921, 0.906, 0.929]
0.919 0.014
80
[0.937, 0.929, 0.945, 0.921, 0.929, 0.929, 0.921, 0.913, 0.937, 0.945, 0.921, 0.937, 0.969, 0.937, 0.913, 0.937, 0.921, 0.921, 0.937, 0.953, 0.937, 0.937, 0.921, 0.921, 0.921, 0.937, 0.929, 0.929, 0.929, 0.929, 0.913, 0.937, 0.937, 0.937, 0.929, 0.953, 0.929, 0.961, 0.953, 0.937, 0.906, 0.961, 0.937, 0.921, 0.937, 0.945, 0.929, 0.913, 0.913, 0.937, 0.945, 0.921, 0.945, 0.937, 0.945, 0.913, 0.953, 0.929, 0.937, 0.921, 0.929, 0.945, 0.929, 0.945, 0.929, 0.906, 0.913, 0.945, 0.929, 0.953, 0.929, 0.929, 0.937, 0.937, 0.929, 0.937, 0.937, 0.929, 0.929, 0.937, 0.945, 0.937, 0.937, 0.953, 0.929, 0.929, 0.937, 0.961, 0.921, 0.945, 0.929, 0.929, 0.945, 0.937, 0.921, 0.921, 0.937, 0.953, 0.929, 0.929]
0.934 0.012
126
[0.921, 0.937, 0.937, 0.945, 0.937, 0.913, 0.945, 0.913, 0.945, 0.929, 0.921, 0.937, 0.945, 0.945, 0.921, 0.937, 0.937, 0.929, 0.945, 0.961, 0.945, 0.945, 0.937, 0.945, 0.937, 0.937, 0.937, 0.929, 0.937, 0.945, 0.929, 0.937, 0.929, 0.929, 0.945, 0.929, 0.945, 0.921, 0.937, 0.937, 0.961, 0.921, 0.945, 0.937, 0.929, 0.921, 0.937, 0.937, 0.929, 0.929, 0.937, 0.929, 0.945, 0.937, 0.953, 0.929, 0.937, 0.937, 0.969, 0.945, 0.913, 0.921, 0.945, 0.929, 0.937, 0.945, 0.929, 0.929, 0.945, 0.961, 0.921, 0.937, 0.937, 0.929, 0.937, 0.929, 0.913, 0.937, 0.929, 0.937, 0.953, 0.945, 0.953, 0.945, 0.945, 0.929, 0.953, 0.937, 0.937, 0.945, 0.929, 0.929, 0.945, 0.929, 0.953, 0.953, 0.937, 0.945, 0.929, 0.937]
0.937 0.011
