dualCF without shuffling
3
[0.97, 0.98, 0.94, 0.93, 0.99, 0.97, 0.96, 0.98, 0.98, 0.98, 0.96, 0.97, 0.97, 0.97, 0.97, 0.96, 0.99, 0.96, 0.98, 0.96, 0.93, 0.99, 0.98, 0.93, 0.97, 0.96, 0.95, 0.96, 0.98, 0.99, 0.94, 0.98, 0.99, 0.99, 0.99, 0.9, 0.98, 0.99, 0.96, 0.94, 0.97, 0.99, 0.92, 0.98, 0.97, 0.99, 0.93, 0.95, 0.98, 0.98, 0.96, 0.98, 0.99, 0.99, 0.94, 0.99, 0.9, 0.97, 0.97, 0.96, 0.89, 0.96, 0.98, 0.99, 0.92, 0.97, 0.98, 0.95, 0.99, 0.99, 0.98, 0.98, 0.91, 0.99, 0.98, 0.98, 0.99, 0.93, 0.96, 0.99, 0.94, 0.94, 0.96, 0.99, 0.95, 0.92, 0.99, 0.94, 0.98, 0.98, 0.99, 0.92, 0.97, 0.97, 0.97, 0.99, 0.97, 0.95, 0.98, 0.98]
0.966 0.024
5
[0.98, 0.98, 0.97, 0.93, 0.98, 0.98, 0.97, 0.92, 0.99, 0.97, 0.93, 0.98, 0.97, 0.99, 0.99, 0.99, 0.98, 0.98, 0.99, 0.98, 0.98, 0.98, 0.99, 0.98, 0.98, 0.85, 0.92, 1.0, 0.97, 0.93, 0.98, 0.89, 0.97, 0.99, 0.99, 0.95, 0.93, 0.97, 0.99, 0.98, 0.95, 0.96, 0.99, 0.99, 0.97, 0.99, 0.98, 0.93, 0.96, 0.98, 0.97, 0.98, 0.96, 0.99, 0.98, 0.98, 0.99, 0.97, 0.99, 0.95, 0.96, 0.99, 0.98, 0.99, 0.98, 0.89, 0.95, 0.99, 0.93, 0.99, 0.99, 0.96, 0.97, 0.93, 0.97, 0.98, 0.99, 0.95, 0.97, 0.96, 0.97, 0.99, 0.96, 0.98, 0.98, 0.96, 0.99, 0.98, 0.95, 0.89, 0.94, 0.98, 0.97, 0.91, 0.98, 0.98, 0.97, 0.96, 0.96, 0.98]
0.967 0.026
10
[0.99, 0.99, 0.99, 0.97, 0.97, 0.98, 0.99, 0.93, 0.99, 0.99, 0.99, 0.98, 0.98, 0.98, 0.98, 0.98, 0.98, 0.98, 0.98, 0.99, 0.98, 0.98, 0.98, 0.98, 0.98, 0.98, 0.99, 0.98, 0.97, 0.98, 0.98, 0.98, 0.98, 0.97, 0.98, 0.98, 0.97, 0.97, 0.97, 0.99, 0.98, 0.99, 0.98, 0.98, 0.99, 0.94, 0.98, 0.98, 0.98, 0.99, 0.99, 0.98, 1.0, 0.98, 0.99, 0.99, 0.97, 0.98, 0.99, 0.97, 0.99, 0.98, 0.98, 0.99, 0.99, 0.97, 0.99, 0.98, 0.98, 0.98, 0.98, 0.99, 0.99, 0.98, 0.98, 0.99, 0.98, 0.99, 0.98, 0.99, 0.96, 0.97, 0.97, 0.98, 0.97, 0.99, 0.98, 0.98, 0.98, 0.98, 0.97, 0.98, 0.99, 0.98, 0.98, 0.99, 0.95, 0.98, 0.96, 0.99]
0.98 0.01
20
[0.99, 0.98, 0.97, 0.97, 0.99, 0.98, 0.98, 0.96, 0.98, 0.98, 0.99, 0.98, 0.95, 0.97, 0.98, 0.98, 0.99, 0.97, 0.99, 0.97, 0.98, 0.98, 0.99, 0.98, 0.99, 0.97, 0.98, 0.98, 0.98, 0.99, 0.98, 0.98, 0.98, 0.98, 0.99, 0.99, 0.98, 0.98, 0.98, 0.98, 0.99, 0.95, 0.99, 0.99, 0.99, 0.99, 0.98, 0.98, 0.98, 0.98, 0.98, 0.97, 0.97, 0.97, 0.99, 0.99, 0.99, 0.96, 0.98, 0.99, 0.98, 0.98, 0.98, 0.99, 0.97, 0.99, 0.98, 0.99, 0.99, 0.99, 0.98, 0.99, 0.97, 0.97, 0.98, 0.98, 0.96, 0.98, 0.98, 0.99, 0.98, 0.98, 0.99, 0.98, 0.99, 0.99, 0.99, 0.99, 0.99, 0.99, 0.98, 0.98, 0.98, 0.98, 0.99, 0.98, 0.97, 0.98, 0.97, 0.98]
0.981 0.009
40
[1.0, 1.0, 1.0, 0.99, 0.99, 0.99, 1.0, 0.99, 0.99, 1.0, 0.99, 1.0, 1.0, 0.99, 1.0, 0.99, 0.99, 0.99, 1.0, 0.99, 0.99, 0.99, 0.98, 1.0, 0.99, 0.99, 0.99, 1.0, 0.99, 1.0, 0.99, 0.99, 0.99, 0.99, 0.99, 1.0, 0.99, 0.99, 0.99, 0.99, 0.99, 1.0, 1.0, 1.0, 0.99, 1.0, 0.99, 0.99, 1.0, 0.99, 0.99, 0.99, 0.99, 1.0, 1.0, 0.99, 1.0, 0.99, 1.0, 1.0, 0.99, 0.99, 0.99, 0.99, 1.0, 1.0, 0.99, 1.0, 0.99, 0.99, 1.0, 0.99, 0.99, 0.99, 0.99, 1.0, 0.99, 0.99, 0.99, 1.0, 0.99, 1.0, 0.99, 0.99, 1.0, 1.0, 0.99, 0.99, 0.99, 0.99, 0.99, 0.99, 1.0, 1.0, 0.99, 1.0, 0.99, 0.99, 0.99, 0.99]
0.993 0.005
80
[0.99, 1.0, 1.0, 1.0, 1.0, 1.0, 1.0, 0.99, 1.0, 1.0, 1.0, 1.0, 1.0, 1.0, 1.0, 0.99, 1.0, 1.0, 1.0, 1.0, 0.99, 1.0, 0.99, 0.99, 1.0, 1.0, 1.0, 0.99, 1.0, 1.0, 0.99, 1.0, 1.0, 1.0, 1.0, 1.0, 1.0, 1.0, 1.0, 1.0, 1.0, 0.99, 1.0, 1.0, 0.99, 1.0, 1.0, 0.99, 1.0, 1.0, 1.0, 1.0, 1.0, 0.99, 1.0, 0.99, 1.0, 1.0, 0.99, 1.0, 1.0, 1.0, 1.0, 1.0, 1.0, 1.0, 1.0, 1.0, 1.0, 1.0, 0.99, 0.99, 1.0, 1.0, 1.0, 1.0, 1.0, 1.0, 1.0, 0.99, 0.99, 1.0, 1.0, 1.0, 0.99, 1.0, 1.0, 1.0, 1.0, 1.0, 1.0, 0.99, 1.0, 0.99, 1.0, 1.0, 0.99, 1.0, 1.0, 0.99]
0.998 0.004
160
[1.0, 1.0, 1.0, 1.0, 1.0, 1.0, 1.0, 0.99, 1.0, 1.0, 1.0, 1.0, 1.0, 1.0, 1.0, 1.0, 1.0, 1.0, 1.0, 1.0, 1.0, 1.0, 1.0, 0.99, 1.0, 1.0, 1.0, 1.0, 1.0, 1.0, 1.0, 1.0, 1.0, 1.0, 1.0, 1.0, 1.0, 1.0, 1.0, 1.0, 1.0, 1.0, 1.0, 1.0, 1.0, 1.0, 1.0, 0.99, 1.0, 1.0, 1.0, 1.0, 1.0, 1.0, 1.0, 1.0, 1.0, 1.0, 1.0, 1.0, 1.0, 1.0, 1.0, 1.0, 1.0, 1.0, 1.0, 1.0, 1.0, 1.0, 1.0, 1.0, 1.0, 1.0, 1.0, 1.0, 1.0, 1.0, 1.0, 1.0, 1.0, 1.0, 1.0, 1.0, 1.0, 1.0, 1.0, 1.0, 1.0, 1.0, 1.0, 1.0, 1.0, 1.0, 1.0, 1.0, 1.0, 1.0, 1.0, 1.0]
1.0 0.002

DualCF shuffling
3
[0.57, 0.49, 0.49, 0.51, 0.58, 0.51, 0.58, 0.79, 0.49, 0.51, 0.56, 0.51, 0.51, 0.51, 0.46, 0.49, 0.49, 0.49, 0.49, 0.56, 0.49, 0.51, 0.64, 0.53, 0.49, 0.58, 0.54, 0.46, 0.49, 0.51, 0.65, 0.51, 0.47, 0.67, 0.51, 0.49, 0.68, 0.57, 0.71, 0.51, 0.67, 0.71, 0.49, 0.31, 0.49, 0.57, 0.56, 0.51, 0.49, 0.49, 0.51, 0.57, 0.7, 0.58, 0.84, 0.49, 0.65, 0.67, 0.57, 0.79, 0.62, 0.51, 0.51, 0.51, 0.49, 0.49, 0.51, 0.42, 0.49, 0.51, 0.71, 0.49, 0.49, 0.49, 0.84, 0.71, 0.49, 0.49, 0.49, 0.56, 0.51, 0.51, 0.47, 0.49, 0.59, 0.49, 0.51, 0.49, 0.47, 0.72, 0.49, 0.49, 0.66, 0.64, 0.57, 0.49, 0.49, 0.51, 0.67, 0.59]
0.549 0.091
5
[0.5, 0.63, 0.49, 0.71, 0.49, 0.75, 0.82, 0.49, 0.47, 0.51, 0.63, 0.54, 0.72, 0.75, 0.75, 0.51, 0.76, 0.8, 0.67, 0.64, 0.71, 0.51, 0.64, 0.7, 0.94, 0.49, 0.82, 0.71, 0.95, 0.59, 0.53, 0.51, 0.88, 0.48, 0.49, 0.55, 0.51, 0.85, 0.68, 0.63, 0.67, 0.72, 0.95, 0.49, 0.41, 0.51, 0.49, 0.49, 0.65, 0.51, 0.45, 0.97, 0.67, 0.49, 0.61, 0.77, 0.85, 0.49, 0.49, 0.51, 0.73, 0.88, 0.82, 0.65, 0.49, 0.92, 0.65, 0.49, 0.74, 0.89, 0.7, 0.48, 0.49, 0.95, 0.68, 0.8, 0.87, 0.48, 0.92, 0.78, 0.96, 0.61, 0.51, 0.59, 0.51, 0.52, 0.62, 0.49, 0.49, 0.87, 0.49, 0.63, 0.49, 0.58, 0.64, 0.64, 0.51, 0.97, 0.52, 0.51]
0.646 0.155
10
[0.53, 0.65, 0.79, 0.93, 0.95, 0.69, 0.6, 0.77, 0.95, 0.46, 0.98, 0.63, 0.63, 0.84, 0.71, 0.49, 0.65, 0.91, 0.7, 0.61, 0.93, 0.48, 0.89, 0.97, 0.83, 0.91, 0.87, 0.49, 0.66, 0.82, 0.49, 0.93, 0.97, 0.49, 0.72, 0.54, 0.49, 0.55, 0.93, 0.6, 0.7, 0.63, 0.84, 0.6, 0.51, 0.77, 0.9, 0.97, 0.48, 0.51, 0.86, 0.49, 0.78, 0.67, 0.49, 0.8, 0.71, 0.51, 0.49, 0.49, 0.79, 0.49, 0.98, 0.98, 0.96, 0.49, 0.95, 0.66, 0.95, 0.49, 0.63, 0.96, 0.56, 0.96, 0.49, 0.92, 0.96, 0.6, 0.87, 0.51, 0.61, 0.91, 0.7, 0.9, 0.76, 0.71, 0.94, 0.9, 0.88, 0.71, 0.49, 0.45, 0.5, 0.61, 0.9, 0.79, 0.5, 0.96, 0.96, 0.92]
0.725 0.18
20
[0.97, 0.89, 0.49, 0.86, 0.63, 0.96, 0.85, 0.91, 0.94, 0.74, 0.92, 0.51, 0.49, 0.49, 0.88, 0.78, 0.73, 0.75, 0.97, 0.97, 0.93, 0.99, 0.96, 0.98, 0.89, 0.58, 0.51, 0.59, 0.51, 0.93, 0.92, 0.49, 0.81, 0.82, 0.7, 0.87, 0.78, 0.78, 0.78, 0.85, 0.64, 0.95, 0.93, 0.67, 0.83, 0.49, 0.67, 0.85, 0.67, 0.88, 0.86, 0.85, 0.84, 0.93, 0.99, 0.65, 0.97, 0.94, 0.7, 0.9, 0.8, 0.95, 0.98, 0.93, 0.91, 0.74, 0.94, 0.91, 0.85, 0.92, 0.69, 0.53, 0.83, 0.97, 0.9, 0.98, 0.95, 0.73, 0.52, 0.86, 0.76, 0.54, 0.86, 0.95, 0.75, 0.92, 0.97, 0.82, 0.97, 0.75, 0.58, 0.94, 0.98, 0.49, 0.88, 0.91, 0.85, 0.98, 0.75, 0.9]
0.81 0.152
40
[0.97, 0.9, 0.98, 0.73, 0.9, 0.94, 0.97, 0.99, 0.95, 0.99, 0.77, 0.73, 0.98, 0.89, 0.59, 0.72, 0.71, 0.99, 0.98, 0.74, 0.97, 0.96, 0.93, 0.97, 0.65, 0.49, 0.94, 0.58, 0.96, 0.81, 0.89, 0.97, 0.49, 1.0, 0.98, 0.96, 0.84, 0.98, 0.8, 0.81, 0.92, 0.83, 0.89, 0.51, 0.75, 0.92, 0.92, 0.96, 0.99, 0.87, 0.67, 0.92, 0.92, 0.95, 0.99, 0.98, 0.74, 0.98, 0.84, 0.99, 0.93, 0.72, 0.98, 0.79, 0.72, 0.84, 0.95, 0.51, 0.98, 0.85, 0.83, 0.98, 0.96, 0.98, 0.99, 0.49, 0.99, 0.97, 0.96, 0.97, 0.59, 0.98, 0.78, 0.96, 0.9, 0.97, 0.6, 0.49, 0.98, 0.98, 0.83, 0.82, 0.92, 0.95, 0.58, 0.95, 0.98, 0.88, 0.94, 0.99]
0.864 0.144
80
[0.99, 0.99, 0.99, 0.49, 0.87, 0.97, 0.84, 0.98, 0.97, 0.98, 0.86, 0.98, 0.89, 0.66, 0.96, 0.98, 0.96, 0.91, 0.97, 0.94, 0.93, 0.99, 0.95, 0.98, 0.95, 0.94, 0.98, 0.98, 0.99, 0.98, 0.86, 0.99, 0.98, 0.94, 0.87, 0.99, 0.65, 0.99, 0.93, 0.85, 0.97, 0.99, 1.0, 0.6, 0.98, 0.8, 0.99, 0.99, 0.97, 0.97, 0.99, 0.98, 0.98, 0.98, 0.98, 0.98, 0.96, 0.98, 0.99, 0.99, 0.99, 0.99, 0.91, 0.99, 0.95, 0.97, 0.95, 0.99, 0.87, 0.97, 0.99, 0.98, 0.98, 0.97, 0.97, 0.99, 0.99, 0.98, 0.99, 0.99, 0.99, 0.97, 0.98, 0.97, 0.72, 0.98, 0.95, 0.93, 0.85, 0.97, 0.99, 0.91, 0.94, 0.98, 0.99, 0.99, 0.98, 0.97, 0.98, 0.95]
0.944 0.085
160
[0.98, 0.99, 0.99, 0.99, 0.99, 0.98, 0.98, 0.99, 0.99, 0.99, 0.99, 0.99, 1.0, 1.0, 0.99, 0.92, 0.99, 0.98, 0.99, 0.99, 0.96, 0.99, 0.99, 1.0, 0.99, 0.99, 0.99, 0.98, 1.0, 0.99, 1.0, 0.99, 0.99, 0.99, 0.99, 0.99, 0.99, 0.99, 0.99, 0.98, 0.99, 1.0, 0.98, 0.99, 0.98, 0.99, 0.99, 0.99, 0.99, 0.99, 1.0, 0.98, 1.0, 0.98, 0.99, 0.98, 0.98, 1.0, 0.99, 1.0, 0.98, 0.99, 0.99, 0.99, 0.99, 0.98, 1.0, 0.99, 1.0, 0.99, 0.99, 0.99, 0.99, 0.99, 0.99, 0.99, 0.99, 0.97, 0.98, 1.0, 0.99, 0.98, 0.98, 0.99, 0.98, 0.99, 0.99, 1.0, 1.0, 0.99, 0.99, 0.99, 1.0, 0.99, 0.97, 0.99, 0.99, 1.0, 0.99, 0.99]
0.988 0.01

