prediction interface
3
[0.51, 0.51, 0.88, 0.51, 0.77, 0.75, 0.49, 0.88, 0.83, 0.64, 0.88, 0.51, 0.72, 0.51, 0.65, 0.51, 0.87, 0.67, 0.85, 0.9, 0.79, 0.76, 0.51, 0.9, 0.84, 0.78, 0.49, 0.49, 0.92, 0.85, 0.51, 0.9, 0.49, 0.58, 0.51, 0.85, 0.93, 0.51, 0.91, 0.89, 0.84, 0.65, 0.51, 0.63, 0.96, 0.88, 0.51, 0.51, 0.76, 0.57, 0.72, 0.91, 0.51, 0.89, 0.93, 0.89, 0.49, 0.85, 0.69, 0.49, 0.69, 0.51, 0.69, 0.51, 0.51, 0.83, 0.92, 0.86, 0.84, 0.82, 0.81, 0.51, 0.95, 0.76, 0.93, 0.72, 0.51, 0.49, 0.49, 0.79, 0.71, 0.67, 0.91, 0.51, 0.85, 0.7, 0.87, 0.49, 0.94, 0.8, 0.49, 0.54, 0.72, 0.49, 0.83, 0.62, 0.51, 0.85, 0.9, 0.51]
0.705 0.165
5
[0.74, 0.51, 0.71, 0.63, 0.93, 0.8, 0.75, 0.91, 0.97, 0.51, 0.9, 0.9, 0.92, 0.51, 0.87, 0.51, 0.81, 0.67, 0.52, 0.98, 0.75, 0.51, 0.69, 0.85, 0.51, 0.91, 0.96, 0.75, 0.81, 0.94, 0.51, 0.92, 0.89, 0.56, 0.51, 0.49, 0.85, 0.51, 0.79, 0.61, 0.7, 0.96, 0.53, 0.82, 0.86, 0.97, 0.71, 0.49, 0.51, 0.92, 0.63, 0.87, 0.84, 0.51, 0.51, 0.82, 0.84, 0.94, 0.83, 0.97, 0.98, 0.77, 0.87, 0.76, 0.87, 0.72, 0.89, 0.51, 0.82, 0.82, 0.84, 0.97, 0.8, 0.77, 0.59, 0.79, 0.81, 0.51, 0.85, 0.88, 0.89, 0.94, 0.65, 0.96, 0.92, 0.97, 0.81, 0.9, 0.9, 0.87, 0.96, 0.51, 0.86, 0.73, 0.84, 0.83, 0.73, 0.87, 0.95, 0.62]
0.771 0.157
10
[0.92, 0.9, 0.96, 0.51, 0.76, 0.96, 0.97, 0.89, 0.95, 0.9, 0.84, 0.93, 0.9, 0.85, 0.88, 0.84, 0.91, 0.89, 0.95, 0.93, 0.92, 0.51, 0.96, 0.51, 0.81, 0.98, 0.98, 0.62, 0.79, 0.59, 0.49, 0.51, 0.95, 0.9, 0.51, 0.94, 0.98, 0.98, 0.9, 0.88, 0.97, 0.8, 0.96, 0.87, 0.93, 0.92, 0.94, 0.86, 0.98, 0.95, 0.97, 0.97, 0.85, 0.77, 0.83, 0.9, 0.93, 0.89, 0.88, 0.83, 0.87, 0.94, 0.51, 0.9, 0.89, 0.92, 0.91, 0.95, 0.8, 0.86, 0.93, 0.88, 0.83, 0.92, 0.86, 0.94, 0.75, 0.96, 0.77, 0.99, 0.91, 0.84, 0.87, 0.84, 0.97, 0.79, 0.97, 0.94, 0.97, 0.9, 0.85, 0.89, 0.91, 0.92, 0.81, 0.77, 0.93, 0.83, 0.51, 0.83]
0.86 0.126
20
[0.9, 0.9, 0.98, 0.97, 0.52, 0.95, 0.89, 0.97, 0.98, 0.93, 0.93, 0.97, 0.95, 0.95, 0.96, 0.92, 0.96, 0.92, 0.94, 0.85, 0.93, 0.92, 0.99, 0.95, 0.9, 0.94, 0.97, 0.9, 0.9, 0.96, 0.91, 0.94, 0.96, 0.92, 0.85, 0.98, 0.9, 0.97, 0.92, 0.97, 0.89, 0.94, 0.73, 0.97, 0.89, 0.89, 0.91, 0.95, 0.98, 0.93, 0.99, 0.91, 0.95, 0.91, 0.94, 0.96, 0.96, 0.99, 0.86, 0.88, 0.97, 0.95, 0.97, 0.95, 0.96, 0.86, 0.9, 0.92, 0.96, 0.95, 0.96, 0.93, 0.9, 0.95, 0.93, 0.95, 0.97, 0.49, 0.92, 0.9, 0.81, 0.97, 0.94, 0.97, 0.97, 0.92, 0.98, 0.87, 0.96, 0.98, 0.93, 0.97, 0.94, 0.97, 0.91, 0.95, 0.95, 0.69, 0.96, 0.95]
0.923 0.076
40
[1.0, 0.96, 0.96, 0.99, 0.9, 0.96, 0.97, 0.97, 0.95, 0.94, 1.0, 0.95, 0.99, 0.98, 0.97, 0.92, 0.91, 0.96, 0.88, 0.96, 0.95, 0.98, 0.99, 0.98, 0.97, 0.97, 0.93, 0.97, 0.97, 0.99, 0.97, 0.85, 0.97, 0.99, 0.91, 0.98, 0.97, 0.96, 0.95, 0.98, 0.93, 0.98, 0.93, 0.95, 0.98, 0.95, 0.97, 0.99, 0.97, 0.93, 0.95, 0.97, 0.95, 0.97, 0.93, 0.97, 0.95, 0.87, 0.97, 0.94, 0.97, 0.95, 0.98, 0.93, 0.98, 0.92, 0.95, 0.94, 0.97, 0.95, 0.95, 0.97, 0.98, 0.94, 0.95, 0.97, 0.96, 0.87, 0.99, 0.94, 0.98, 0.95, 0.97, 0.95, 0.95, 0.96, 0.95, 0.98, 0.98, 0.98, 0.97, 0.93, 0.93, 0.98, 0.97, 0.97, 0.93, 0.96, 0.99, 0.95]
0.957 0.028
80
[0.99, 0.98, 0.96, 0.98, 0.98, 0.97, 0.98, 0.96, 0.95, 0.96, 0.97, 0.99, 0.98, 0.99, 0.96, 0.97, 0.98, 0.98, 0.99, 0.96, 0.95, 0.98, 0.96, 0.97, 0.95, 0.97, 0.99, 0.98, 0.97, 0.98, 0.98, 0.99, 0.97, 0.96, 0.98, 0.97, 0.97, 0.97, 0.97, 0.97, 0.95, 0.96, 0.98, 0.97, 0.99, 0.98, 0.99, 0.97, 0.98, 0.99, 0.99, 0.98, 0.97, 0.98, 0.97, 0.99, 0.99, 0.95, 0.98, 0.98, 0.99, 0.97, 0.97, 0.99, 0.99, 0.98, 0.96, 0.98, 0.98, 0.97, 0.98, 0.98, 0.99, 0.97, 0.96, 0.96, 0.98, 0.96, 0.96, 0.99, 0.99, 0.99, 0.98, 0.96, 0.98, 0.98, 0.93, 0.97, 0.99, 0.98, 0.98, 0.98, 0.96, 0.97, 0.97, 0.97, 0.97, 0.97, 0.99, 0.99]
0.975 0.012
160
[0.98, 0.99, 0.99, 0.99, 0.97, 0.99, 0.99, 0.99, 0.99, 0.97, 0.99, 0.98, 1.0, 0.99, 0.97, 0.98, 0.99, 0.97, 0.98, 0.97, 0.98, 0.99, 1.0, 0.97, 0.97, 0.98, 0.99, 0.97, 0.99, 0.99, 0.99, 0.98, 0.98, 0.99, 0.99, 0.98, 0.99, 0.99, 0.98, 0.99, 0.98, 0.98, 0.99, 0.99, 0.99, 0.99, 0.99, 0.99, 0.98, 0.99, 0.98, 0.99, 0.97, 0.99, 0.99, 0.99, 0.98, 0.99, 0.98, 0.99, 0.98, 0.99, 0.99, 0.99, 0.98, 0.99, 0.99, 0.99, 0.99, 0.99, 0.99, 0.98, 0.99, 0.98, 0.99, 0.98, 0.99, 0.99, 0.99, 0.99, 0.99, 0.98, 0.98, 0.99, 0.98, 1.0, 0.99, 0.98, 0.99, 0.99, 0.99, 0.99, 0.99, 0.99, 0.99, 0.99, 0.99, 0.98, 0.98, 0.98]
0.986 0.007
320
[0.99, 0.99, 0.99, 0.99, 0.99, 1.0, 1.0, 1.0, 0.99, 0.99, 0.99, 1.0, 0.98, 1.0, 0.99, 0.99, 0.99, 0.98, 0.99, 0.99, 0.99, 0.99, 0.99, 0.99, 0.99, 0.99, 0.99, 0.99, 0.99, 0.98, 0.99, 0.99, 0.99, 0.99, 0.99, 0.99, 0.98, 0.99, 0.99, 0.98, 0.98, 0.99, 0.99, 0.99, 0.98, 0.99, 0.99, 0.99, 0.98, 0.99, 0.99, 0.99, 0.98, 0.99, 0.99, 0.99, 0.99, 0.99, 0.99, 0.99, 0.99, 0.99, 0.99, 1.0, 0.99, 0.99, 0.99, 0.99, 0.99, 0.99, 1.0, 0.99, 0.99, 0.99, 0.99, 1.0, 0.99, 0.99, 0.99, 0.99, 1.0, 0.99, 0.99, 0.98, 0.99, 0.99, 0.99, 0.99, 0.98, 0.99, 0.99, 0.99, 0.99, 0.99, 0.99, 0.99, 0.99, 0.99, 0.99, 0.99]
0.99 0.004

prediction interface + coreset
3
[0.68, 0.66, 0.93, 0.72, 0.84, 0.81, 0.89, 0.71, 0.69, 0.65, 0.73, 0.57, 0.84, 0.66, 0.75, 0.71, 0.64, 0.73, 0.62, 0.71, 0.68, 0.9, 0.62, 0.69, 0.82, 0.63, 0.66, 0.74, 0.85, 0.69, 0.72, 0.7, 0.87, 0.66, 0.87, 0.62, 0.87, 0.71, 0.73, 0.65, 0.92, 0.72, 0.8, 0.67, 0.84, 0.88, 0.85, 0.92, 0.67, 0.71, 0.67, 0.81, 0.86, 0.89, 0.67, 0.78, 0.85, 0.72, 0.89, 0.83, 0.51, 0.92, 0.67, 0.88, 0.66, 0.67, 0.67, 0.74, 0.67, 0.73, 0.76, 0.86, 0.69, 0.54, 0.52, 0.62, 0.67, 0.62, 0.73, 0.79, 0.8, 0.91, 0.68, 0.68, 0.87, 0.77, 0.72, 0.74, 0.9, 0.83, 0.94, 0.89, 0.92, 0.87, 0.75, 0.66, 0.54, 0.68, 0.94, 0.69]
0.749 0.106
5
[0.91, 0.84, 0.83, 0.86, 0.81, 0.93, 0.71, 0.95, 0.89, 0.84, 0.88, 0.91, 0.82, 0.89, 0.94, 0.92, 0.84, 0.73, 0.9, 0.95, 0.82, 0.95, 0.87, 0.81, 0.81, 0.95, 0.88, 0.51, 0.82, 0.83, 0.72, 0.87, 0.87, 0.87, 0.89, 0.84, 0.84, 0.72, 0.93, 0.82, 0.84, 0.85, 0.86, 0.79, 0.87, 0.83, 0.94, 0.82, 0.83, 0.59, 0.9, 0.91, 0.84, 0.96, 0.94, 0.83, 0.84, 0.92, 0.88, 0.88, 0.81, 0.87, 0.92, 0.86, 0.86, 0.85, 0.84, 0.79, 0.86, 0.99, 0.91, 0.87, 0.95, 0.89, 0.93, 0.82, 0.91, 0.88, 0.88, 0.86, 0.85, 0.94, 0.83, 0.52, 0.87, 0.97, 0.83, 0.86, 0.83, 0.79, 0.92, 0.8, 0.81, 0.89, 0.85, 0.79, 0.86, 0.87, 0.85, 0.84]
0.854 0.078
10
[0.94, 0.98, 0.91, 0.99, 0.91, 0.85, 0.95, 0.94, 0.97, 0.93, 0.97, 0.95, 0.84, 0.92, 0.96, 0.84, 0.97, 0.92, 0.98, 0.96, 0.95, 0.93, 0.94, 0.87, 0.9, 0.94, 0.99, 0.95, 0.97, 0.93, 0.95, 0.93, 0.82, 0.95, 0.94, 0.96, 0.97, 0.98, 0.84, 0.97, 0.97, 0.92, 0.96, 0.95, 0.98, 0.95, 0.97, 0.95, 0.95, 1.0, 0.97, 0.96, 0.95, 0.89, 0.91, 0.94, 0.91, 0.89, 0.83, 0.97, 0.96, 0.88, 0.98, 0.94, 0.95, 0.97, 0.94, 0.97, 0.94, 0.94, 0.82, 0.94, 0.93, 0.94, 0.94, 0.88, 0.98, 0.96, 0.94, 0.96, 0.86, 0.9, 0.99, 0.97, 0.91, 0.93, 0.96, 0.91, 0.95, 0.89, 0.93, 0.99, 0.87, 0.94, 0.97, 0.96, 0.98, 0.97, 0.93, 0.94]
0.937 0.04
20
[0.97, 0.97, 0.97, 0.93, 0.85, 0.98, 0.97, 0.85, 0.91, 0.96, 0.97, 0.99, 0.98, 0.97, 0.97, 0.94, 0.98, 0.96, 0.96, 0.98, 0.94, 0.95, 0.95, 0.98, 0.92, 0.98, 0.97, 0.96, 0.97, 0.96, 0.9, 0.94, 0.94, 0.97, 0.93, 0.96, 0.96, 0.96, 0.97, 0.98, 0.94, 0.97, 0.96, 0.96, 0.97, 0.99, 0.96, 0.95, 0.98, 0.98, 0.99, 0.99, 0.94, 0.99, 0.93, 0.96, 0.93, 0.93, 0.95, 0.98, 0.98, 0.97, 0.99, 1.0, 0.96, 0.96, 0.98, 0.94, 0.99, 0.93, 0.96, 0.93, 0.97, 0.98, 0.95, 0.91, 0.96, 0.93, 0.97, 0.96, 0.96, 0.96, 0.94, 0.95, 0.91, 0.97, 0.97, 0.97, 0.95, 0.96, 0.97, 0.95, 0.97, 0.98, 0.96, 0.93, 0.94, 0.98, 0.93, 0.97]
0.957 0.026
40
[0.99, 0.99, 1.0, 0.95, 0.97, 0.97, 0.98, 1.0, 0.97, 0.98, 0.94, 0.97, 0.97, 0.96, 0.95, 0.97, 0.98, 0.89, 0.93, 0.99, 0.99, 0.99, 0.98, 0.97, 0.98, 0.98, 0.95, 0.97, 0.98, 0.94, 0.99, 0.95, 0.98, 0.99, 0.98, 0.97, 0.98, 0.98, 0.95, 0.98, 0.99, 0.97, 0.98, 0.91, 0.95, 0.99, 0.98, 0.98, 0.98, 0.98, 0.97, 0.98, 1.0, 0.96, 0.98, 0.99, 0.94, 0.98, 0.97, 0.88, 1.0, 0.96, 0.97, 0.96, 0.98, 0.99, 0.96, 0.98, 0.97, 0.97, 0.99, 0.97, 0.98, 0.96, 0.98, 0.98, 0.96, 1.0, 0.97, 0.95, 0.97, 0.97, 0.97, 0.96, 0.96, 0.95, 0.97, 0.98, 0.94, 0.96, 0.97, 0.99, 0.91, 0.96, 0.97, 0.98, 0.97, 0.98, 0.96, 0.99]
0.97 0.021
80
[0.98, 0.98, 0.98, 0.99, 0.98, 0.99, 0.99, 0.98, 0.99, 0.99, 0.99, 0.99, 0.98, 0.99, 0.99, 0.98, 0.98, 0.97, 1.0, 0.98, 0.98, 0.99, 0.99, 0.98, 0.99, 0.97, 0.96, 0.99, 0.99, 0.99, 0.98, 0.98, 0.98, 0.99, 0.99, 0.98, 0.99, 0.98, 0.98, 0.99, 0.99, 1.0, 0.98, 0.99, 0.99, 0.99, 1.0, 0.99, 0.99, 0.99, 0.99, 0.99, 0.99, 0.99, 0.99, 0.98, 0.98, 0.98, 0.99, 0.99, 0.99, 0.99, 0.99, 0.99, 0.98, 0.99, 0.97, 1.0, 0.99, 0.99, 0.99, 0.99, 0.99, 0.99, 0.99, 0.99, 0.99, 0.99, 0.99, 0.99, 0.99, 0.99, 0.97, 0.99, 0.98, 1.0, 0.99, 0.98, 0.98, 0.98, 0.99, 0.98, 0.97, 0.98, 0.98, 0.99, 0.99, 0.98, 1.0, 0.99]
0.986 0.007
160
[1.0, 1.0, 0.98, 0.99, 1.0, 0.99, 0.99, 0.99, 1.0, 0.99, 0.99, 0.99, 0.99, 1.0, 0.99, 0.99, 0.99, 1.0, 0.99, 0.99, 1.0, 0.99, 1.0, 0.99, 0.98, 0.99, 0.99, 0.98, 1.0, 0.98, 0.99, 0.99, 1.0, 0.99, 0.99, 0.99, 0.99, 0.99, 1.0, 1.0, 1.0, 0.99, 0.99, 0.99, 1.0, 1.0, 0.99, 0.98, 0.99, 0.99, 1.0, 0.98, 1.0, 1.0, 1.0, 0.99, 1.0, 1.0, 0.99, 0.98, 0.99, 0.98, 1.0, 1.0, 1.0, 0.99, 0.99, 0.99, 0.99, 0.99, 0.99, 0.99, 0.99, 0.99, 0.99, 0.99, 0.98, 0.99, 0.99, 0.99, 0.99, 0.99, 1.0, 1.0, 0.99, 0.99, 0.99, 0.99, 0.99, 0.99, 1.0, 1.0, 0.98, 1.0, 0.98, 1.0, 0.99, 0.99, 0.98, 0.99]
0.992 0.006
320
[0.99, 0.99, 0.99, 0.99, 0.99, 0.99, 0.99, 1.0, 0.99, 0.99, 0.99, 0.99, 0.99, 0.99, 0.99, 0.99, 0.99, 0.99, 1.0, 0.99, 0.99, 0.99, 0.99, 0.99, 0.99, 0.99, 1.0, 0.99, 0.99, 0.99, 0.99, 0.99, 0.99, 0.99, 0.99, 0.99, 0.99, 0.99, 0.99, 0.99, 0.99, 0.99, 0.99, 0.99, 0.99, 1.0, 0.99, 0.99, 0.99, 1.0, 0.99, 0.99, 0.99, 1.0, 0.99, 0.99, 0.99, 0.99, 0.99, 0.99, 0.99, 0.99, 0.99, 0.99, 0.99, 0.99, 0.99, 0.99, 0.99, 0.99, 0.99, 0.99, 0.99, 0.99, 1.0, 0.99, 0.99, 0.99, 0.98, 1.0, 0.99, 0.99, 0.99, 0.99, 0.99, 0.99, 0.99, 0.99, 0.99, 0.99, 0.99, 0.98, 0.99, 1.0, 0.99, 1.0, 1.0, 1.0, 1.0, 0.99]
0.991 0.004

model extraction (0.6, 0.4)
3
[0.83, 0.99, 0.97, 0.89, 0.99, 0.92, 0.95, 0.98, 0.97, 0.97, 1.0, 0.87, 0.97, 0.98, 0.93, 0.98, 0.99, 0.86, 0.92, 0.98, 0.79, 0.94, 0.95, 0.94, 0.95, 0.96, 0.93, 0.94, 0.9, 0.93, 0.94, 0.9, 0.95, 0.93, 0.96, 0.95, 0.93, 0.96, 0.92, 0.91, 0.93, 0.77, 0.95, 0.96, 0.8, 0.99, 0.8, 0.97, 0.81, 0.91, 0.98, 0.94, 0.87, 0.95, 0.95, 0.95, 0.93, 0.98, 0.96, 0.88, 0.99, 0.91, 0.96, 0.87, 0.91, 0.98, 0.85, 0.9, 0.87, 0.94, 0.95, 0.97, 0.86, 0.97, 0.94, 0.97, 0.85, 0.8, 0.96, 0.92, 0.96, 0.87, 0.94, 0.95, 0.95, 0.89, 0.93, 0.92, 0.89, 0.95, 0.87, 0.97, 0.97, 0.96, 0.96, 0.93, 0.95, 0.86, 0.96, 0.96]
0.928 0.05
5
[0.73, 0.98, 0.97, 0.96, 0.92, 0.99, 0.96, 0.96, 0.96, 0.98, 0.95, 0.97, 0.92, 0.94, 0.98, 0.98, 0.96, 0.99, 0.97, 0.89, 0.94, 0.9, 0.95, 0.94, 0.87, 0.92, 0.95, 0.96, 0.97, 0.95, 0.98, 0.97, 0.93, 0.93, 0.92, 0.95, 0.95, 0.93, 0.96, 0.94, 0.92, 0.92, 0.98, 0.96, 0.96, 0.92, 0.97, 0.96, 0.98, 0.93, 0.97, 0.94, 0.93, 0.98, 0.94, 0.97, 0.98, 0.95, 0.86, 0.89, 0.87, 0.99, 0.99, 0.89, 0.9, 0.98, 0.93, 0.97, 0.93, 0.97, 0.95, 0.97, 0.86, 0.94, 0.97, 0.99, 0.96, 0.97, 0.95, 0.87, 0.86, 0.98, 0.9, 0.97, 0.93, 0.91, 0.96, 0.97, 0.89, 0.89, 0.99, 0.99, 0.96, 0.93, 0.93, 0.96, 0.97, 0.94, 0.96, 0.98]
0.944 0.04
10
[0.92, 0.97, 0.97, 0.95, 0.96, 0.96, 0.98, 0.99, 0.94, 0.96, 0.94, 0.95, 0.98, 0.91, 0.98, 0.9, 0.93, 0.96, 0.97, 0.96, 0.97, 0.95, 0.92, 0.95, 0.95, 0.96, 0.96, 0.97, 0.97, 0.94, 0.98, 0.93, 0.95, 0.96, 0.99, 0.95, 0.95, 0.97, 0.94, 0.97, 0.98, 0.97, 0.97, 0.97, 0.98, 0.98, 0.97, 0.97, 0.98, 0.98, 0.98, 0.93, 0.98, 0.97, 0.98, 0.96, 0.98, 0.98, 0.97, 0.93, 0.98, 0.95, 0.95, 0.97, 0.98, 0.97, 0.93, 0.95, 0.98, 0.97, 0.96, 0.97, 0.87, 0.96, 0.96, 0.98, 0.98, 0.94, 0.97, 0.97, 0.98, 0.96, 0.97, 0.96, 0.97, 0.97, 0.94, 0.92, 0.96, 0.96, 0.99, 0.96, 0.94, 0.95, 0.96, 0.97, 0.93, 0.99, 0.94, 0.99]
0.96 0.021
20
[0.98, 0.98, 0.97, 0.97, 0.97, 0.97, 0.95, 0.99, 0.98, 0.99, 0.97, 0.99, 0.98, 0.96, 0.98, 0.99, 0.95, 0.97, 0.97, 0.97, 0.98, 0.99, 0.97, 0.96, 0.98, 0.94, 0.98, 0.97, 0.96, 0.97, 0.99, 0.94, 0.96, 0.98, 0.97, 0.97, 0.98, 0.97, 0.99, 0.96, 0.99, 0.98, 0.94, 0.98, 0.95, 0.98, 0.98, 0.97, 0.97, 0.98, 0.98, 0.98, 0.95, 0.94, 0.95, 0.95, 0.98, 0.96, 0.99, 0.96, 0.95, 0.99, 0.97, 0.95, 0.98, 0.99, 0.99, 0.98, 0.99, 0.98, 0.96, 0.98, 0.99, 0.97, 0.98, 0.96, 0.95, 0.99, 0.96, 0.98, 0.98, 0.98, 0.97, 0.96, 0.99, 0.98, 0.99, 0.97, 0.98, 0.98, 0.98, 0.93, 0.97, 0.91, 0.91, 0.95, 0.97, 0.97, 0.99, 0.98]
0.971 0.017
40
[0.99, 0.99, 0.99, 0.99, 0.98, 0.99, 0.99, 0.98, 0.98, 0.98, 0.99, 0.99, 0.99, 0.99, 0.96, 0.99, 0.98, 0.99, 0.98, 1.0, 0.98, 0.98, 0.98, 0.98, 0.98, 0.98, 0.99, 0.97, 0.97, 0.99, 0.98, 0.99, 0.99, 0.99, 0.99, 0.99, 0.99, 0.99, 0.98, 0.99, 0.97, 0.99, 0.99, 0.99, 0.99, 0.99, 0.99, 0.99, 0.99, 0.99, 0.97, 0.98, 0.98, 0.98, 0.99, 0.99, 0.99, 0.99, 0.97, 0.98, 0.98, 0.98, 0.97, 0.99, 0.99, 0.99, 0.99, 0.99, 0.97, 0.98, 0.99, 0.99, 0.99, 0.98, 0.99, 0.99, 0.97, 0.97, 0.98, 0.99, 0.98, 0.99, 1.0, 0.99, 0.99, 0.99, 0.98, 0.98, 0.99, 0.99, 0.99, 0.99, 0.99, 0.99, 0.98, 0.99, 0.98, 0.99, 0.99, 0.99]
0.985 0.007
80
[0.99, 0.99, 0.99, 0.99, 0.99, 0.99, 0.99, 0.99, 0.99, 0.99, 0.99, 0.99, 1.0, 0.99, 0.99, 0.99, 0.99, 0.99, 0.99, 0.99, 0.99, 0.99, 0.99, 0.99, 0.98, 0.99, 0.99, 0.99, 0.99, 0.99, 0.99, 1.0, 0.99, 0.99, 0.99, 0.99, 0.99, 0.99, 0.99, 0.99, 0.99, 0.99, 0.99, 0.98, 1.0, 0.99, 0.99, 0.98, 0.99, 0.99, 0.99, 0.99, 0.99, 0.99, 0.99, 0.99, 0.99, 0.99, 0.99, 0.99, 0.99, 0.99, 0.99, 0.99, 0.99, 0.99, 0.99, 0.99, 0.99, 0.99, 0.99, 0.99, 0.99, 0.99, 0.99, 0.99, 0.99, 0.99, 0.99, 0.99, 0.99, 0.99, 0.99, 0.99, 0.99, 0.99, 0.99, 0.99, 0.99, 0.99, 0.99, 0.99, 0.99, 0.99, 0.99, 0.98, 1.0, 0.99, 0.99, 0.99]
0.99 0.003
160
[0.99, 1.0, 0.99, 0.99, 0.99, 1.0, 0.99, 0.99, 0.99, 0.99, 1.0, 0.99, 0.99, 0.99, 0.99, 0.99, 0.99, 0.99, 0.99, 0.99, 0.99, 1.0, 1.0, 0.99, 0.99, 1.0, 0.99, 0.99, 1.0, 0.99, 0.99, 0.99, 0.99, 0.99, 0.99, 1.0, 0.99, 1.0, 0.99, 1.0, 0.99, 0.99, 0.99, 0.99, 0.99, 0.99, 0.99, 0.99, 0.99, 0.99, 0.99, 0.99, 0.99, 1.0, 0.99, 0.99, 0.99, 1.0, 0.99, 0.99, 0.99, 1.0, 0.99, 0.99, 0.99, 0.99, 0.99, 0.99, 0.99, 0.99, 0.99, 0.99, 1.0, 0.99, 1.0, 1.0, 1.0, 0.99, 1.0, 1.0, 0.99, 0.99, 0.99, 1.0, 0.99, 1.0, 0.99, 0.99, 1.0, 0.99, 0.99, 1.0, 0.99, 0.99, 0.99, 0.99, 1.0, 0.99, 0.99, 0.99]
0.992 0.004
320
[0.99, 0.99, 0.99, 0.99, 1.0, 0.99, 0.99, 0.99, 0.99, 0.99, 0.99, 1.0, 1.0, 0.99, 0.99, 0.99, 1.0, 1.0, 0.99, 1.0, 0.99, 0.99, 0.99, 0.99, 1.0, 0.99, 0.99, 0.99, 0.99, 0.99, 0.99, 1.0, 0.99, 1.0, 1.0, 0.99, 0.99, 1.0, 0.99, 0.99, 0.99, 1.0, 0.99, 1.0, 1.0, 0.99, 1.0, 0.99, 0.99, 1.0, 1.0, 0.99, 1.0, 1.0, 0.99, 0.99, 0.99, 0.99, 0.99, 0.99, 0.99, 0.99, 1.0, 0.99, 1.0, 0.99, 0.99, 0.99, 1.0, 0.99, 0.99, 0.99, 0.99, 0.99, 0.99, 1.0, 0.99, 0.99, 0.99, 0.99, 1.0, 0.99, 0.99, 1.0, 0.99, 0.99, 0.99, 0.99, 0.99, 0.99, 0.99, 0.99, 1.0, 1.0, 0.99, 0.99, 1.0, 1.0, 1.0, 1.0]
0.993 0.005


double cf (0.6, 0.4)
3
[0.97, 0.98, 0.94, 0.93, 0.99, 0.97, 0.96, 0.98, 0.98, 0.98, 0.96, 0.97, 0.97, 0.97, 0.97, 0.96, 0.99, 0.96, 0.98, 0.96, 0.93, 0.99, 0.98, 0.93, 0.97, 0.96, 0.95, 0.96, 0.98, 0.99, 0.94, 0.98, 0.99, 0.99, 0.99, 0.9, 0.98, 0.99, 0.96, 0.94, 0.97, 0.99, 0.92, 0.98, 0.97, 0.99, 0.93, 0.95, 0.98, 0.98, 0.96, 0.98, 0.99, 0.99, 0.94, 0.99, 0.9, 0.97, 0.97, 0.96, 0.89, 0.96, 0.98, 0.99, 0.92, 0.97, 0.98, 0.95, 0.99, 0.99, 0.98, 0.98, 0.91, 0.99, 0.98, 0.98, 0.99, 0.93, 0.96, 0.99, 0.94, 0.94, 0.96, 0.99, 0.95, 0.92, 0.99, 0.94, 0.98, 0.98, 0.99, 0.92, 0.97, 0.97, 0.97, 0.99, 0.97, 0.95, 0.98, 0.98]
0.966 0.024
5
[0.98, 0.98, 0.97, 0.93, 0.98, 0.98, 0.97, 0.92, 0.99, 0.97, 0.93, 0.98, 0.97, 0.99, 0.99, 0.99, 0.98, 0.98, 0.99, 0.98, 0.98, 0.98, 0.99, 0.98, 0.98, 0.85, 0.92, 1.0, 0.97, 0.93, 0.98, 0.89, 0.97, 0.99, 0.99, 0.95, 0.93, 0.97, 0.99, 0.98, 0.95, 0.96, 0.99, 0.99, 0.97, 0.99, 0.98, 0.93, 0.96, 0.98, 0.97, 0.98, 0.96, 0.99, 0.98, 0.98, 0.99, 0.97, 0.99, 0.95, 0.96, 0.99, 0.98, 0.99, 0.98, 0.89, 0.95, 0.99, 0.93, 0.99, 0.99, 0.96, 0.97, 0.93, 0.97, 0.98, 0.99, 0.95, 0.97, 0.96, 0.97, 0.99, 0.96, 0.98, 0.98, 0.96, 0.99, 0.98, 0.95, 0.89, 0.94, 0.98, 0.97, 0.91, 0.98, 0.98, 0.97, 0.96, 0.96, 0.98]
0.967 0.026
10
[0.99, 0.99, 0.99, 0.97, 0.97, 0.98, 0.99, 0.93, 0.99, 0.99, 0.99, 0.98, 0.98, 0.98, 0.98, 0.98, 0.98, 0.98, 0.98, 0.99, 0.98, 0.98, 0.98, 0.98, 0.98, 0.98, 0.99, 0.98, 0.97, 0.98, 0.98, 0.98, 0.98, 0.97, 0.98, 0.98, 0.97, 0.97, 0.97, 0.99, 0.98, 0.99, 0.98, 0.98, 0.99, 0.94, 0.98, 0.98, 0.98, 0.99, 0.99, 0.98, 1.0, 0.98, 0.99, 0.99, 0.97, 0.98, 0.99, 0.97, 0.99, 0.98, 0.98, 0.99, 0.99, 0.97, 0.99, 0.98, 0.98, 0.98, 0.98, 0.99, 0.99, 0.98, 0.98, 0.99, 0.98, 0.99, 0.98, 0.99, 0.96, 0.97, 0.97, 0.98, 0.97, 0.99, 0.98, 0.98, 0.98, 0.98, 0.97, 0.98, 0.99, 0.98, 0.98, 0.99, 0.95, 0.98, 0.96, 0.99]
0.98 0.01
20
[0.99, 0.98, 0.97, 0.97, 0.99, 0.98, 0.98, 0.96, 0.98, 0.98, 0.99, 0.98, 0.95, 0.97, 0.98, 0.98, 0.99, 0.97, 0.99, 0.97, 0.98, 0.98, 0.99, 0.98, 0.99, 0.97, 0.98, 0.98, 0.98, 0.99, 0.98, 0.98, 0.98, 0.98, 0.99, 0.99, 0.98, 0.98, 0.98, 0.98, 0.99, 0.95, 0.99, 0.99, 0.99, 0.99, 0.98, 0.98, 0.98, 0.98, 0.98, 0.97, 0.97, 0.97, 0.99, 0.99, 0.99, 0.96, 0.98, 0.99, 0.98, 0.98, 0.98, 0.99, 0.97, 0.99, 0.98, 0.99, 0.99, 0.99, 0.98, 0.99, 0.97, 0.97, 0.98, 0.98, 0.96, 0.98, 0.98, 0.99, 0.98, 0.98, 0.99, 0.98, 0.99, 0.99, 0.99, 0.99, 0.99, 0.99, 0.98, 0.98, 0.98, 0.98, 0.99, 0.98, 0.97, 0.98, 0.97, 0.98]
0.981 0.009
40
[1.0, 1.0, 1.0, 0.99, 0.99, 0.99, 1.0, 0.99, 0.99, 1.0, 0.99, 1.0, 1.0, 0.99, 1.0, 0.99, 0.99, 0.99, 1.0, 0.99, 0.99, 0.99, 0.98, 1.0, 0.99, 0.99, 0.99, 1.0, 0.99, 1.0, 0.99, 0.99, 0.99, 0.99, 0.99, 1.0, 0.99, 0.99, 0.99, 0.99, 0.99, 1.0, 1.0, 1.0, 0.99, 1.0, 0.99, 0.99, 1.0, 0.99, 0.99, 0.99, 0.99, 1.0, 1.0, 0.99, 1.0, 0.99, 1.0, 1.0, 0.99, 0.99, 0.99, 0.99, 1.0, 1.0, 0.99, 1.0, 0.99, 0.99, 1.0, 0.99, 0.99, 0.99, 0.99, 1.0, 0.99, 0.99, 0.99, 1.0, 0.99, 1.0, 0.99, 0.99, 1.0, 1.0, 0.99, 0.99, 0.99, 0.99, 0.99, 0.99, 1.0, 1.0, 0.99, 1.0, 0.99, 0.99, 0.99, 0.99]
0.993 0.005
80
[0.99, 1.0, 1.0, 1.0, 1.0, 1.0, 1.0, 0.99, 1.0, 1.0, 1.0, 1.0, 1.0, 1.0, 1.0, 0.99, 1.0, 1.0, 1.0, 1.0, 0.99, 1.0, 0.99, 0.99, 1.0, 1.0, 1.0, 0.99, 1.0, 1.0, 0.99, 1.0, 1.0, 1.0, 1.0, 1.0, 1.0, 1.0, 1.0, 1.0, 1.0, 0.99, 1.0, 1.0, 0.99, 1.0, 1.0, 0.99, 1.0, 1.0, 1.0, 1.0, 1.0, 0.99, 1.0, 0.99, 1.0, 1.0, 0.99, 1.0, 1.0, 1.0, 1.0, 1.0, 1.0, 1.0, 1.0, 1.0, 1.0, 1.0, 0.99, 0.99, 1.0, 1.0, 1.0, 1.0, 1.0, 1.0, 1.0, 0.99, 0.99, 1.0, 1.0, 1.0, 0.99, 1.0, 1.0, 1.0, 1.0, 1.0, 1.0, 0.99, 1.0, 0.99, 1.0, 1.0, 0.99, 1.0, 1.0, 0.99]
0.998 0.004
160
[1.0, 1.0, 1.0, 1.0, 1.0, 1.0, 1.0, 0.99, 1.0, 1.0, 1.0, 1.0, 1.0, 1.0, 1.0, 1.0, 1.0, 1.0, 1.0, 1.0, 1.0, 1.0, 1.0, 0.99, 1.0, 1.0, 1.0, 1.0, 1.0, 1.0, 1.0, 1.0, 1.0, 1.0, 1.0, 1.0, 1.0, 1.0, 1.0, 1.0, 1.0, 1.0, 1.0, 1.0, 1.0, 1.0, 1.0, 0.99, 1.0, 1.0, 1.0, 1.0, 1.0, 1.0, 1.0, 1.0, 1.0, 1.0, 1.0, 1.0, 1.0, 1.0, 1.0, 1.0, 1.0, 1.0, 1.0, 1.0, 1.0, 1.0, 1.0, 1.0, 1.0, 1.0, 1.0, 1.0, 1.0, 1.0, 1.0, 1.0, 1.0, 1.0, 1.0, 1.0, 1.0, 1.0, 1.0, 1.0, 1.0, 1.0, 1.0, 1.0, 1.0, 1.0, 1.0, 1.0, 1.0, 1.0, 1.0, 1.0]
1.0 0.002
320
[1.0, 1.0, 1.0, 1.0, 1.0, 1.0, 1.0, 1.0, 1.0, 1.0, 1.0, 1.0, 1.0, 1.0, 1.0, 1.0, 1.0, 1.0, 1.0, 1.0, 1.0, 1.0, 1.0, 1.0, 1.0, 1.0, 1.0, 1.0, 1.0, 1.0, 1.0, 0.99, 1.0, 1.0, 1.0, 1.0, 1.0, 1.0, 1.0, 1.0, 1.0, 0.99, 1.0, 1.0, 1.0, 1.0, 1.0, 1.0, 1.0, 1.0, 1.0, 1.0, 1.0, 1.0, 1.0, 1.0, 1.0, 1.0, 1.0, 1.0, 1.0, 1.0, 1.0, 1.0, 1.0, 1.0, 1.0, 1.0, 1.0, 1.0, 1.0, 1.0, 1.0, 1.0, 1.0, 1.0, 1.0, 1.0, 1.0, 1.0, 1.0, 1.0, 1.0, 1.0, 1.0, 1.0, 1.0, 1.0, 1.0, 1.0, 1.0, 1.0, 1.0, 1.0, 1.0, 1.0, 1.0, 1.0, 1.0, 1.0]
1.0 0.001

double cf + input (0.6, 0.4)
3
[0.94, 0.99, 0.98, 0.98, 0.99, 0.98, 0.99, 1.0, 0.98, 0.98, 0.98, 0.98, 0.99, 1.0, 1.0, 1.0, 0.98, 0.97, 0.98, 0.99, 0.93, 1.0, 0.98, 0.99, 0.88, 0.99, 0.98, 0.99, 0.98, 0.93, 0.98, 0.98, 0.94, 0.99, 0.97, 0.89, 0.99, 0.98, 0.98, 0.99, 0.97, 0.99, 0.99, 0.99, 0.97, 0.99, 0.99, 0.99, 0.98, 0.99, 1.0, 0.97, 0.98, 0.98, 0.98, 0.98, 0.98, 0.97, 0.99, 0.94, 0.94, 0.99, 1.0, 0.99, 0.99, 0.99, 0.99, 0.99, 0.92, 0.98, 1.0, 0.99, 0.99, 0.99, 0.99, 0.98, 0.89, 0.9, 1.0, 1.0, 0.99, 0.96, 0.98, 1.0, 1.0, 1.0, 0.98, 0.97, 0.95, 0.97, 0.99, 1.0, 0.99, 0.97, 1.0, 0.98, 0.98, 0.98, 0.99, 1.0]
0.978 0.024
5
[0.97, 1.0, 0.99, 0.99, 0.99, 0.99, 0.98, 0.99, 0.99, 0.99, 1.0, 0.99, 0.99, 0.99, 0.99, 1.0, 0.97, 0.99, 0.99, 0.99, 0.98, 0.96, 0.93, 0.98, 0.98, 1.0, 1.0, 0.99, 0.98, 1.0, 0.99, 0.99, 0.99, 0.99, 0.99, 0.99, 0.99, 0.99, 0.99, 0.99, 0.99, 0.98, 1.0, 0.98, 0.99, 0.99, 0.99, 1.0, 0.97, 0.99, 0.99, 0.98, 0.99, 0.99, 0.99, 0.99, 0.99, 0.98, 0.99, 0.99, 0.98, 1.0, 0.98, 1.0, 0.98, 1.0, 0.98, 1.0, 1.0, 0.99, 1.0, 0.98, 1.0, 0.98, 0.99, 0.98, 1.0, 0.98, 0.99, 0.99, 0.99, 0.99, 1.0, 0.99, 1.0, 0.99, 0.98, 0.99, 0.99, 0.99, 0.98, 0.98, 0.99, 0.99, 0.98, 0.99, 1.0, 0.98, 0.99, 1.0]
0.988 0.01
10
[0.98, 0.99, 0.99, 1.0, 0.99, 1.0, 0.99, 1.0, 1.0, 0.99, 0.99, 1.0, 0.99, 1.0, 0.99, 0.99, 0.98, 0.99, 0.99, 0.99, 0.98, 1.0, 0.99, 0.98, 0.99, 0.99, 0.99, 0.98, 1.0, 0.98, 1.0, 1.0, 1.0, 0.99, 0.99, 0.99, 0.99, 0.99, 0.98, 1.0, 0.99, 1.0, 0.99, 0.99, 0.99, 0.99, 0.99, 0.99, 0.99, 0.99, 0.99, 0.99, 0.99, 0.99, 1.0, 0.98, 0.99, 1.0, 0.99, 1.0, 0.99, 0.99, 0.99, 0.99, 0.99, 0.98, 0.99, 1.0, 0.98, 0.99, 0.99, 0.99, 0.98, 1.0, 1.0, 1.0, 0.98, 0.99, 0.99, 0.98, 1.0, 1.0, 0.99, 0.99, 0.99, 0.99, 0.99, 1.0, 0.99, 0.99, 0.98, 1.0, 1.0, 0.98, 0.99, 0.99, 0.99, 1.0, 0.98, 0.99]
0.991 0.006
20
[0.99, 0.99, 0.99, 0.99, 1.0, 0.98, 1.0, 0.99, 0.99, 0.98, 0.99, 0.99, 0.99, 0.99, 0.99, 0.99, 0.99, 0.99, 0.99, 0.99, 0.99, 1.0, 0.99, 1.0, 0.99, 0.99, 0.98, 0.99, 0.99, 0.99, 0.99, 0.98, 0.99, 1.0, 0.99, 0.99, 0.98, 1.0, 1.0, 1.0, 1.0, 1.0, 0.99, 1.0, 0.99, 0.99, 1.0, 0.99, 0.99, 0.99, 0.99, 0.98, 0.99, 0.99, 1.0, 1.0, 0.99, 0.99, 0.99, 0.99, 0.99, 0.99, 0.98, 1.0, 0.99, 0.99, 0.99, 1.0, 0.99, 0.99, 0.99, 0.98, 1.0, 0.99, 0.99, 1.0, 0.99, 0.99, 0.99, 0.99, 0.99, 1.0, 1.0, 1.0, 1.0, 0.99, 0.99, 0.99, 0.99, 1.0, 0.99, 0.99, 1.0, 0.99, 0.99, 1.0, 0.99, 0.99, 0.99, 0.99]
0.992 0.005
40
[0.99, 0.99, 1.0, 0.99, 0.99, 1.0, 1.0, 0.99, 1.0, 0.99, 1.0, 1.0, 1.0, 0.99, 1.0, 0.99, 0.99, 0.99, 1.0, 1.0, 1.0, 0.99, 0.99, 1.0, 0.99, 1.0, 1.0, 1.0, 1.0, 1.0, 0.99, 1.0, 1.0, 1.0, 0.99, 1.0, 1.0, 1.0, 0.99, 1.0, 0.99, 0.99, 1.0, 0.99, 1.0, 1.0, 1.0, 0.99, 1.0, 1.0, 1.0, 1.0, 0.99, 0.99, 1.0, 1.0, 1.0, 1.0, 0.99, 1.0, 0.99, 1.0, 1.0, 0.99, 1.0, 1.0, 0.99, 0.99, 0.99, 0.99, 1.0, 1.0, 0.99, 1.0, 0.99, 1.0, 1.0, 1.0, 1.0, 1.0, 1.0, 1.0, 0.99, 1.0, 0.99, 1.0, 1.0, 1.0, 0.99, 1.0, 1.0, 1.0, 1.0, 1.0, 0.99, 0.99, 0.99, 0.99, 1.0, 0.99]
0.996 0.005
80
[0.99, 0.99, 1.0, 1.0, 0.99, 0.99, 1.0, 1.0, 1.0, 0.99, 0.99, 1.0, 0.99, 0.99, 1.0, 1.0, 0.99, 1.0, 0.99, 0.99, 1.0, 0.99, 0.99, 0.99, 0.99, 1.0, 1.0, 0.99, 0.99, 0.99, 1.0, 0.99, 0.99, 1.0, 0.99, 1.0, 1.0, 1.0, 1.0, 0.99, 1.0, 0.99, 1.0, 1.0, 0.99, 0.99, 1.0, 0.99, 0.99, 1.0, 0.99, 1.0, 0.99, 1.0, 1.0, 1.0, 1.0, 1.0, 0.99, 1.0, 1.0, 1.0, 1.0, 1.0, 0.99, 1.0, 1.0, 1.0, 0.99, 0.99, 0.99, 1.0, 1.0, 1.0, 0.99, 0.99, 0.99, 0.99, 0.99, 0.99, 0.99, 0.99, 0.99, 0.99, 0.99, 0.99, 0.99, 0.99, 1.0, 1.0, 0.99, 1.0, 0.99, 1.0, 0.99, 0.99, 1.0, 1.0, 1.0, 1.0]
0.995 0.005
160
[0.99, 0.99, 1.0, 1.0, 1.0, 0.99, 0.99, 1.0, 1.0, 0.99, 0.99, 1.0, 0.99, 0.99, 0.99, 0.99, 1.0, 0.99, 0.99, 1.0, 0.99, 0.99, 1.0, 0.99, 0.99, 0.99, 1.0, 0.99, 0.99, 0.99, 0.99, 0.99, 0.99, 1.0, 0.99, 0.99, 0.99, 0.99, 0.99, 0.99, 0.99, 1.0, 0.99, 0.99, 0.99, 1.0, 1.0, 0.99, 1.0, 0.99, 1.0, 0.99, 0.99, 0.99, 0.99, 0.99, 0.99, 0.99, 1.0, 1.0, 0.99, 1.0, 0.99, 1.0, 0.99, 1.0, 1.0, 0.99, 0.99, 1.0, 0.99, 1.0, 1.0, 0.99, 0.99, 0.99, 0.99, 0.99, 0.99, 0.99, 0.99, 0.99, 1.0, 0.99, 0.99, 0.99, 1.0, 1.0, 1.0, 0.99, 0.99, 0.99, 1.0, 0.99, 1.0, 1.0, 1.0, 0.99, 0.99, 0.99]
0.993 0.005
320
[0.99, 1.0, 0.99, 0.99, 0.99, 0.99, 0.99, 0.99, 0.99, 0.99, 0.99, 1.0, 0.99, 0.98, 1.0, 1.0, 1.0, 1.0, 0.99, 1.0, 0.99, 0.99, 0.99, 0.99, 0.99, 1.0, 0.99, 1.0, 0.99, 0.99, 0.99, 0.99, 0.99, 1.0, 1.0, 1.0, 0.99, 0.99, 0.99, 0.99, 1.0, 0.99, 1.0, 0.99, 1.0, 0.99, 0.99, 0.99, 0.99, 0.99, 0.99, 0.99, 0.99, 0.99, 1.0, 0.99, 0.99, 1.0, 0.99, 0.99, 0.99, 0.99, 0.99, 1.0, 0.99, 0.99, 0.99, 0.99, 0.99, 0.99, 1.0, 1.0, 0.99, 0.99, 0.99, 0.99, 0.99, 0.99, 0.99, 0.99, 0.99, 0.99, 0.99, 0.99, 0.99, 0.99, 0.99, 0.99, 0.99, 0.99, 1.0, 1.0, 0.99, 0.99, 1.0, 0.99, 1.0, 0.99, 1.0, 1.0]
0.992 0.005
