prediction interface
3
[0.81, 0.83, 0.78, 0.64, 0.5, 0.87, 0.89, 0.72, 0.87, 0.75, 0.5, 0.54, 0.67, 0.5, 0.5, 0.76, 0.75, 0.68, 0.84, 0.89, 0.8, 0.88, 0.67, 0.7, 0.89, 0.76, 0.66, 0.82, 0.7, 0.87, 0.87, 0.87, 0.84, 0.75, 0.5, 0.88, 0.88, 0.78, 0.5, 0.5, 0.86, 0.64, 0.85, 0.74, 0.86, 0.61, 0.85, 0.87, 0.78, 0.86, 0.88, 0.72, 0.66, 0.5, 0.75, 0.79, 0.83, 0.78, 0.77, 0.61, 0.77, 0.75, 0.85, 0.75, 0.75, 0.72, 0.69, 0.5, 0.87, 0.86, 0.75, 0.83, 0.77, 0.85, 0.61, 0.5, 0.63, 0.79, 0.8, 0.77, 0.72, 0.5, 0.87, 0.5, 0.58, 0.76, 0.85, 0.81, 0.81, 0.73, 0.82, 0.8, 0.75, 0.5, 0.69, 0.79, 0.5, 0.73, 0.5, 0.78]
0.734 0.124
5
[0.74, 0.83, 0.82, 0.5, 0.68, 0.77, 0.67, 0.75, 0.84, 0.88, 0.83, 0.68, 0.76, 0.8, 0.88, 0.88, 0.73, 0.68, 0.82, 0.5, 0.75, 0.64, 0.85, 0.88, 0.88, 0.78, 0.81, 0.73, 0.72, 0.56, 0.5, 0.5, 0.85, 0.5, 0.71, 0.75, 0.86, 0.77, 0.87, 0.73, 0.84, 0.49, 0.88, 0.88, 0.88, 0.81, 0.75, 0.87, 0.73, 0.83, 0.77, 0.66, 0.84, 0.88, 0.82, 0.83, 0.79, 0.5, 0.81, 0.79, 0.87, 0.85, 0.82, 0.64, 0.8, 0.89, 0.87, 0.84, 0.75, 0.82, 0.88, 0.8, 0.76, 0.57, 0.74, 0.74, 0.82, 0.88, 0.77, 0.84, 0.8, 0.64, 0.82, 0.86, 0.87, 0.84, 0.74, 0.85, 0.85, 0.62, 0.83, 0.81, 0.9, 0.76, 0.88, 0.8, 0.82, 0.87, 0.89, 0.78]
0.775 0.106
10
[0.74, 0.82, 0.91, 0.86, 0.87, 0.89, 0.72, 0.64, 0.84, 0.88, 0.89, 0.87, 0.88, 0.87, 0.83, 0.88, 0.64, 0.86, 0.8, 0.91, 0.81, 0.87, 0.82, 0.84, 0.87, 0.84, 0.89, 0.79, 0.87, 0.89, 0.87, 0.5, 0.88, 0.88, 0.9, 0.76, 0.5, 0.74, 0.8, 0.83, 0.91, 0.84, 0.78, 0.87, 0.87, 0.84, 0.87, 0.81, 0.88, 0.85, 0.59, 0.79, 0.82, 0.81, 0.84, 0.83, 0.87, 0.88, 0.74, 0.87, 0.82, 0.83, 0.76, 0.83, 0.8, 0.67, 0.83, 0.86, 0.75, 0.86, 0.85, 0.85, 0.5, 0.84, 0.88, 0.82, 0.78, 0.72, 0.84, 0.83, 0.89, 0.83, 0.87, 0.85, 0.85, 0.75, 0.86, 0.88, 0.87, 0.78, 0.86, 0.88, 0.84, 0.87, 0.78, 0.82, 0.84, 0.85, 0.84, 0.82]
0.821 0.081
20
[0.87, 0.88, 0.88, 0.88, 0.84, 0.88, 0.88, 0.89, 0.79, 0.84, 0.6, 0.87, 0.89, 0.91, 0.87, 0.86, 0.9, 0.89, 0.92, 0.87, 0.88, 0.87, 0.86, 0.86, 0.88, 0.88, 0.85, 0.87, 0.87, 0.85, 0.86, 0.88, 0.85, 0.87, 0.89, 0.88, 0.88, 0.84, 0.84, 0.87, 0.87, 0.88, 0.89, 0.85, 0.88, 0.87, 0.87, 0.88, 0.89, 0.87, 0.86, 0.8, 0.87, 0.88, 0.89, 0.88, 0.5, 0.86, 0.87, 0.87, 0.88, 0.84, 0.87, 0.86, 0.86, 0.88, 0.86, 0.92, 0.88, 0.9, 0.88, 0.83, 0.87, 0.82, 0.86, 0.89, 0.87, 0.88, 0.86, 0.88, 0.77, 0.84, 0.87, 0.79, 0.88, 0.87, 0.87, 0.85, 0.86, 0.82, 0.88, 0.85, 0.89, 0.87, 0.88, 0.87, 0.89, 0.84, 0.83, 0.87]
0.861 0.051
40
[0.88, 0.91, 0.9, 0.88, 0.87, 0.88, 0.84, 0.87, 0.88, 0.88, 0.86, 0.88, 0.87, 0.86, 0.88, 0.97, 0.88, 0.87, 0.89, 0.88, 0.88, 0.87, 0.88, 0.88, 0.88, 0.88, 0.86, 0.87, 0.88, 0.88, 0.91, 0.89, 0.92, 0.86, 0.86, 0.87, 0.88, 0.89, 0.91, 0.88, 0.9, 0.88, 0.9, 0.87, 0.88, 0.88, 0.88, 0.92, 0.88, 0.87, 0.86, 0.9, 0.89, 0.88, 0.88, 0.87, 0.9, 0.89, 0.91, 0.92, 0.86, 0.88, 0.87, 0.88, 0.82, 0.89, 0.86, 0.86, 0.88, 0.84, 0.89, 0.95, 0.89, 0.85, 0.89, 0.89, 0.86, 0.8, 0.91, 0.87, 0.89, 0.92, 0.85, 0.89, 0.88, 0.84, 0.89, 0.88, 0.89, 0.86, 0.87, 0.9, 0.89, 0.89, 0.86, 0.92, 0.88, 0.89, 0.89, 0.94]
0.882 0.024
80
[0.89, 0.9, 0.96, 0.88, 0.88, 0.89, 0.88, 0.94, 0.91, 0.91, 0.92, 0.91, 0.92, 0.89, 0.9, 0.88, 0.93, 0.89, 0.87, 0.89, 0.93, 0.89, 0.91, 0.9, 0.92, 0.91, 0.88, 0.87, 0.92, 0.92, 0.94, 0.92, 0.93, 0.89, 0.88, 0.88, 0.88, 0.88, 0.89, 0.93, 0.88, 0.88, 0.89, 0.88, 0.89, 0.88, 0.9, 0.89, 0.88, 0.93, 0.94, 0.87, 0.88, 0.92, 0.87, 0.87, 0.87, 0.9, 0.92, 0.9, 0.89, 0.87, 0.9, 0.9, 0.89, 0.9, 0.89, 0.88, 0.87, 0.89, 0.88, 0.89, 0.93, 0.89, 0.91, 0.92, 0.93, 0.89, 0.93, 0.93, 0.88, 0.9, 0.93, 0.88, 0.86, 0.89, 0.89, 0.92, 0.9, 0.92, 0.89, 0.89, 0.88, 0.93, 0.87, 0.88, 0.89, 0.92, 0.91, 0.88]
0.898 0.021
160
[0.89, 0.92, 0.93, 0.91, 0.87, 0.88, 0.91, 0.92, 0.88, 0.88, 0.91, 0.93, 0.92, 0.94, 0.89, 0.9, 0.93, 0.98, 0.89, 0.89, 0.92, 0.88, 0.87, 0.92, 0.91, 0.89, 0.93, 0.89, 0.92, 0.88, 0.95, 0.97, 0.88, 0.9, 0.99, 0.91, 0.9, 0.92, 0.91, 0.93, 0.95, 0.92, 0.91, 0.95, 0.93, 0.91, 0.96, 0.94, 0.91, 0.93, 0.9, 0.94, 0.87, 0.89, 0.95, 0.9, 0.9, 0.89, 0.98, 0.89, 0.88, 0.91, 0.9, 0.9, 0.9, 0.9, 0.93, 0.91, 0.89, 0.88, 0.9, 0.96, 0.88, 0.91, 0.92, 0.9, 0.91, 0.92, 0.93, 0.9, 0.96, 0.93, 0.89, 0.93, 0.87, 0.9, 0.94, 0.88, 0.96, 0.9, 0.89, 0.92, 0.9, 0.9, 0.93, 0.89, 0.89, 0.89, 0.89, 0.93]
0.912 0.026
320
[0.98, 0.96, 0.91, 0.91, 0.97, 0.93, 0.9, 0.96, 0.98, 0.9, 0.98, 0.92, 0.98, 0.97, 0.97, 0.97, 0.93, 0.91, 0.91, 0.92, 0.93, 0.98, 0.98, 0.92, 0.93, 0.9, 0.89, 0.98, 0.93, 0.99, 0.88, 0.93, 0.92, 0.92, 0.92, 0.92, 0.91, 0.89, 0.97, 0.92, 0.9, 0.97, 0.98, 0.92, 0.97, 0.93, 0.89, 0.9, 0.91, 0.98, 0.88, 0.98, 0.92, 0.98, 0.92, 0.89, 0.97, 0.92, 0.89, 0.99, 0.95, 0.92, 0.96, 0.93, 0.91, 0.91, 0.92, 0.95, 0.92, 0.92, 0.89, 0.97, 0.98, 0.92, 0.92, 0.93, 0.91, 0.91, 0.99, 0.91, 0.92, 0.91, 0.92, 0.98, 0.9, 0.92, 0.93, 0.91, 0.93, 0.98, 0.92, 0.99, 0.93, 0.9, 0.99, 0.92, 0.91, 0.99, 0.92, 0.94]
0.935 0.032
611
[0.97, 0.96, 0.92, 0.92, 0.92, 0.99, 0.98, 0.92, 0.98, 0.94, 0.92, 0.99, 0.92, 0.88, 0.99, 0.98, 0.96, 0.92, 0.91, 0.98, 0.97, 0.99, 0.97, 0.98, 0.91, 0.92, 0.94, 0.92, 0.92, 0.99, 0.92, 0.91, 0.91, 0.99, 0.94, 0.97, 0.98, 0.98, 0.91, 0.91, 0.97, 0.92, 0.98, 0.99, 0.97, 0.96, 0.98, 0.98, 0.99, 0.99, 0.97, 0.93, 0.94, 0.92, 0.97, 0.98, 0.99, 0.92, 0.91, 0.97, 0.99, 0.92, 0.93, 0.92, 0.98, 0.97, 0.98, 0.92, 0.98, 0.97, 0.96, 0.97, 0.91, 0.96, 0.91, 0.93, 0.99, 0.97, 0.97, 0.92, 0.92, 0.98, 0.98, 0.99, 0.97, 0.95, 0.99, 0.91, 0.99, 0.89, 0.98, 0.92, 0.98, 0.98, 0.92, 0.98, 0.99, 0.98, 0.95, 0.88]
0.953 0.032

prediction interface + coreset 
3
[0.68, 0.67, 0.67, 0.62, 0.51, 0.62, 0.72, 0.64, 0.62, 0.67, 0.62, 0.7, 0.61, 0.62, 0.61, 0.65, 0.5, 0.72, 0.5, 0.61, 0.58, 0.63, 0.64, 0.5, 0.72, 0.62, 0.71, 0.65, 0.65, 0.58, 0.5, 0.65, 0.71, 0.72, 0.62, 0.61, 0.63, 0.71, 0.62, 0.72, 0.53, 0.6, 0.62, 0.63, 0.63, 0.57, 0.71, 0.55, 0.64, 0.64, 0.7, 0.5, 0.67, 0.62, 0.5, 0.69, 0.5, 0.58, 0.62, 0.67, 0.67, 0.58, 0.63, 0.72, 0.67, 0.5, 0.6, 0.73, 0.63, 0.66, 0.7, 0.64, 0.63, 0.6, 0.65, 0.51, 0.65, 0.7, 0.67, 0.63, 0.6, 0.65, 0.66, 0.6, 0.69, 0.61, 0.5, 0.66, 0.62, 0.6, 0.55, 0.5, 0.7, 0.5, 0.64, 0.6, 0.7, 0.5, 0.5, 0.65]
0.623 0.066
5
[0.65, 0.63, 0.69, 0.79, 0.85, 0.61, 0.8, 0.84, 0.63, 0.84, 0.82, 0.84, 0.64, 0.64, 0.77, 0.62, 0.66, 0.81, 0.72, 0.74, 0.79, 0.64, 0.68, 0.7, 0.73, 0.72, 0.6, 0.7, 0.66, 0.66, 0.65, 0.66, 0.65, 0.67, 0.67, 0.8, 0.67, 0.8, 0.8, 0.83, 0.61, 0.69, 0.7, 0.61, 0.8, 0.8, 0.75, 0.78, 0.83, 0.68, 0.81, 0.82, 0.84, 0.74, 0.7, 0.64, 0.66, 0.7, 0.8, 0.74, 0.8, 0.79, 0.62, 0.81, 0.79, 0.59, 0.8, 0.83, 0.56, 0.81, 0.82, 0.7, 0.62, 0.66, 0.62, 0.86, 0.64, 0.63, 0.71, 0.58, 0.63, 0.81, 0.8, 0.7, 0.81, 0.83, 0.74, 0.71, 0.63, 0.65, 0.7, 0.78, 0.68, 0.73, 0.64, 0.68, 0.63, 0.74, 0.66, 0.8]
0.72 0.079
10
[0.97, 0.92, 0.98, 0.97, 0.97, 0.85, 0.97, 0.94, 0.94, 0.92, 0.94, 0.88, 0.98, 0.97, 0.96, 0.98, 0.95, 0.94, 0.89, 0.88, 0.89, 0.96, 0.97, 0.94, 0.94, 0.92, 0.97, 0.88, 0.96, 1.0, 0.97, 0.95, 0.96, 0.95, 0.89, 0.91, 0.96, 0.89, 0.88, 0.95, 0.97, 0.96, 0.95, 0.84, 0.94, 0.92, 0.93, 0.91, 0.93, 0.96, 0.96, 0.89, 0.95, 0.94, 0.93, 0.88, 0.95, 0.96, 0.95, 0.99, 0.98, 0.96, 0.92, 0.95, 0.95, 1.0, 0.95, 0.89, 0.96, 0.92, 0.96, 0.84, 0.99, 0.91, 0.95, 0.96, 0.97, 0.92, 0.92, 0.89, 0.96, 0.96, 0.98, 0.89, 0.98, 0.98, 0.99, 0.97, 0.96, 0.94, 0.9, 0.97, 0.95, 0.92, 0.87, 0.94, 0.89, 0.84, 0.99, 0.94]
0.939 0.037
20
[0.84, 0.85, 0.9, 0.85, 0.83, 0.86, 0.93, 0.91, 0.9, 0.84, 0.9, 0.93, 0.9, 0.91, 0.88, 0.83, 0.9, 0.9, 0.91, 0.82, 0.87, 0.88, 0.85, 0.9, 0.87, 0.86, 0.87, 0.88, 0.83, 0.86, 0.83, 0.9, 0.84, 0.85, 0.86, 0.91, 0.83, 0.86, 0.94, 0.94, 0.89, 0.89, 0.86, 0.87, 0.89, 0.83, 0.88, 0.87, 0.85, 0.96, 0.94, 0.89, 0.88, 0.88, 0.85, 0.87, 0.91, 0.89, 0.89, 0.85, 0.91, 0.84, 0.86, 0.91, 0.87, 0.85, 0.93, 0.91, 0.91, 0.88, 0.9, 0.9, 0.88, 0.82, 0.89, 0.86, 0.83, 0.91, 0.82, 0.84, 0.8, 0.9, 0.87, 0.9, 0.94, 0.87, 0.92, 0.91, 0.89, 0.82, 0.86, 0.86, 0.9, 0.88, 0.88, 0.85, 0.87, 0.88, 0.92, 0.92]
0.878 0.033
40
[0.84, 0.88, 0.85, 0.89, 0.87, 0.91, 0.89, 0.86, 0.86, 0.9, 0.93, 0.91, 0.88, 0.91, 0.9, 0.9, 0.92, 0.89, 0.93, 0.85, 0.95, 0.86, 0.92, 0.89, 0.9, 0.87, 0.89, 0.94, 0.92, 0.88, 0.91, 0.9, 0.88, 0.87, 0.86, 0.93, 0.9, 0.88, 0.91, 0.88, 0.89, 0.83, 0.89, 0.85, 0.88, 0.87, 0.9, 0.86, 0.92, 0.9, 0.89, 0.88, 0.9, 0.88, 0.92, 0.93, 0.94, 0.97, 0.9, 0.87, 0.88, 0.89, 0.86, 0.91, 0.91, 0.91, 0.87, 0.9, 0.9, 0.91, 0.9, 0.88, 0.91, 0.89, 0.89, 0.94, 0.87, 0.91, 0.88, 0.86, 0.85, 0.89, 0.95, 0.84, 0.89, 0.9, 0.84, 0.91, 0.89, 0.89, 0.9, 0.88, 0.88, 0.88, 0.86, 0.86, 0.9, 0.89, 0.88, 0.91]
0.891 0.026
80
[0.9, 0.96, 0.91, 0.91, 0.89, 0.96, 0.89, 0.92, 0.94, 0.96, 0.89, 0.9, 0.88, 0.92, 0.9, 0.92, 0.9, 0.97, 0.9, 0.89, 0.91, 0.92, 0.92, 0.88, 0.95, 0.95, 0.89, 0.96, 0.97, 0.93, 0.88, 0.93, 0.91, 0.92, 0.93, 0.95, 0.95, 0.87, 0.92, 0.95, 0.93, 0.95, 0.9, 0.94, 0.94, 0.85, 0.9, 0.89, 0.87, 0.93, 0.91, 0.91, 0.92, 0.95, 0.91, 0.92, 0.91, 0.87, 0.92, 0.9, 0.94, 0.9, 0.92, 0.95, 0.88, 0.91, 0.89, 0.93, 0.97, 0.92, 0.97, 0.86, 0.91, 0.96, 0.96, 0.93, 0.97, 0.89, 0.91, 0.97, 0.95, 0.88, 0.95, 0.98, 0.89, 0.97, 0.94, 0.89, 0.93, 0.89, 0.88, 0.94, 0.9, 0.91, 0.87, 0.93, 0.92, 0.9, 0.97, 0.96]
0.92 0.03
160
[0.99, 0.99, 0.99, 0.99, 0.99, 1.0, 1.0, 0.99, 0.99, 0.99, 0.99, 1.0, 0.99, 1.0, 1.0, 1.0, 1.0, 1.0, 0.98, 0.99, 0.99, 1.0, 1.0, 0.99, 0.99, 1.0, 0.99, 1.0, 1.0, 0.99, 0.99, 0.99, 0.99, 0.99, 1.0, 1.0, 1.0, 1.0, 1.0, 1.0, 0.99, 0.99, 1.0, 0.99, 1.0, 0.99, 1.0, 0.99, 0.99, 1.0, 1.0, 0.99, 0.99, 0.99, 0.99, 0.99, 0.99, 1.0, 1.0, 0.98, 0.99, 1.0, 1.0, 1.0, 0.99, 0.99, 0.99, 0.99, 0.99, 0.99, 1.0, 1.0, 0.99, 0.99, 0.99, 1.0, 0.99, 1.0, 1.0, 1.0, 0.99, 0.99, 1.0, 0.99, 0.99, 0.99, 0.99, 0.99, 0.99, 1.0, 1.0, 0.98, 0.99, 0.99, 0.99, 1.0, 0.99, 0.98, 0.99, 0.99]
0.993 0.006
320
[0.99, 0.99, 0.99, 0.99, 1.0, 0.99, 0.99, 0.99, 0.99, 1.0, 0.99, 0.99, 1.0, 0.99, 0.99, 0.99, 0.99, 0.99, 0.99, 0.99, 0.99, 1.0, 0.99, 0.99, 0.99, 0.99, 0.99, 0.99, 0.99, 0.99, 0.99, 0.99, 0.99, 0.98, 0.99, 1.0, 0.99, 1.0, 0.99, 0.99, 0.99, 0.99, 0.99, 1.0, 0.99, 0.99, 0.99, 0.99, 1.0, 0.99, 0.99, 0.99, 0.99, 0.99, 1.0, 0.99, 1.0, 0.99, 0.99, 0.99, 0.99, 0.99, 0.99, 0.99, 1.0, 1.0, 0.99, 0.98, 0.99, 0.99, 0.99, 0.99, 1.0, 0.99, 0.99, 0.99, 0.99, 0.99, 0.99, 0.99, 0.99, 1.0, 0.99, 0.99, 0.99, 0.99, 0.99, 0.99, 0.99, 0.99, 0.99, 0.99, 0.99, 0.99, 0.99, 0.99, 0.99, 0.99, 0.99, 0.99]
0.991 0.004
611
[0.93, 0.99, 0.97, 0.97, 0.98, 0.93, 0.98, 0.94, 0.92, 0.92, 0.92, 0.99, 0.92, 0.98, 0.95, 0.98, 0.92, 0.98, 0.99, 0.99, 0.98, 0.92, 0.92, 0.97, 0.98, 0.97, 0.92, 0.92, 0.99, 0.99, 0.98, 0.96, 0.99, 0.96, 0.99, 0.98, 0.98, 0.97, 0.99, 0.98, 0.98, 0.99, 0.98, 0.93, 0.97, 0.99, 0.92, 0.99, 0.98, 0.99, 0.98, 0.92, 0.98, 0.88, 0.99, 0.99, 0.96, 0.98, 0.92, 0.97, 0.92, 0.98, 0.98, 0.99, 0.92, 0.99, 0.98, 0.92, 0.99, 0.92, 0.99, 0.96, 0.92, 0.98, 0.98, 0.98, 0.99, 0.98, 0.99, 0.88, 0.97, 0.99, 0.92, 0.99, 0.94, 0.99, 0.98, 0.99, 0.99, 0.99, 0.98, 0.97, 0.88, 0.99, 0.92, 0.98, 0.97, 0.98, 0.98, 0.92]
0.963 0.03


model extraction (0.6, 0.4)
3
[0.77, 0.85, 0.77, 0.79, 0.69, 0.74, 0.83, 0.86, 0.73, 0.73, 0.75, 0.87, 0.86, 0.77, 0.88, 0.79, 0.72, 0.75, 0.89, 0.88, 0.87, 0.85, 0.75, 0.81, 0.78, 0.69, 0.71, 0.88, 0.86, 0.76, 0.85, 0.83, 0.81, 0.86, 0.75, 0.84, 0.87, 0.87, 0.8, 0.86, 0.76, 0.81, 0.87, 0.8, 0.43, 0.88, 0.7, 0.87, 0.83, 0.83, 0.89, 0.87, 0.88, 0.87, 0.66, 0.81, 0.68, 0.81, 0.87, 0.81, 0.78, 0.88, 0.9, 0.79, 0.77, 0.91, 0.87, 0.86, 0.79, 0.87, 0.73, 0.74, 0.84, 0.84, 0.85, 0.72, 0.81, 0.84, 0.74, 0.71, 0.8, 0.81, 0.77, 0.86, 0.63, 0.9, 0.83, 0.84, 0.86, 0.81, 0.72, 0.78, 0.78, 0.79, 0.91, 0.72, 0.85, 0.83, 0.76, 0.81]
0.804 0.073
5
[0.68, 0.84, 0.81, 0.74, 0.76, 0.86, 0.86, 0.84, 0.92, 0.79, 0.77, 0.92, 0.86, 0.91, 0.9, 0.89, 0.88, 0.81, 0.83, 0.62, 0.88, 0.89, 0.82, 0.86, 0.85, 0.79, 0.77, 0.78, 0.82, 0.81, 0.78, 0.89, 0.86, 0.83, 0.78, 0.81, 0.8, 0.88, 0.88, 0.9, 0.91, 0.72, 0.89, 0.89, 0.87, 0.81, 0.84, 0.72, 0.92, 0.85, 0.81, 0.85, 0.9, 0.88, 0.82, 0.86, 0.85, 0.87, 0.9, 0.87, 0.91, 0.79, 0.87, 0.81, 0.92, 0.89, 0.88, 0.66, 0.75, 0.86, 0.84, 0.87, 0.82, 0.81, 0.8, 0.8, 0.78, 0.88, 0.84, 0.76, 0.83, 0.79, 0.91, 0.82, 0.84, 0.82, 0.88, 0.87, 0.78, 0.8, 0.77, 0.88, 0.94, 0.82, 0.8, 0.83, 0.85, 0.79, 0.88, 0.85]
0.835 0.058
10
[0.89, 0.94, 0.89, 0.89, 0.91, 0.89, 0.92, 0.82, 0.79, 0.81, 0.87, 0.91, 0.84, 0.95, 0.85, 0.86, 0.91, 0.92, 0.88, 0.86, 0.88, 0.93, 0.86, 0.89, 0.86, 0.89, 0.85, 0.92, 0.86, 0.9, 0.83, 0.83, 0.85, 0.91, 0.96, 0.9, 0.9, 0.82, 0.86, 0.9, 0.75, 0.9, 0.81, 0.88, 0.87, 0.85, 0.94, 0.79, 0.87, 0.81, 0.82, 0.89, 0.87, 0.89, 0.9, 0.86, 0.85, 0.98, 0.88, 0.79, 0.93, 0.96, 0.83, 0.92, 0.88, 0.94, 0.87, 0.88, 0.87, 0.88, 0.91, 0.86, 0.89, 0.95, 0.89, 0.88, 0.85, 0.85, 0.88, 0.85, 0.84, 0.87, 0.95, 0.89, 0.89, 0.9, 0.9, 0.91, 0.93, 0.89, 0.88, 0.9, 0.93, 0.81, 0.87, 0.86, 0.81, 0.91, 0.83, 0.86]
0.878 0.042
20
[0.87, 0.79, 0.93, 0.89, 0.86, 0.87, 0.82, 0.86, 0.89, 0.91, 0.93, 0.92, 0.95, 0.9, 0.9, 0.9, 0.97, 0.84, 0.85, 0.92, 0.96, 0.91, 0.92, 0.83, 0.85, 0.83, 0.94, 0.97, 0.9, 0.87, 0.93, 0.89, 0.91, 0.91, 0.93, 0.93, 0.84, 0.87, 0.94, 0.92, 0.89, 0.9, 0.91, 0.86, 0.88, 0.83, 0.92, 0.91, 0.96, 0.99, 0.91, 0.81, 0.96, 0.9, 0.86, 0.94, 0.86, 0.9, 0.97, 0.92, 0.96, 0.87, 0.93, 0.91, 0.8, 0.91, 0.91, 0.94, 0.91, 0.95, 0.92, 0.86, 0.93, 0.9, 0.8, 0.91, 0.96, 0.84, 0.9, 0.89, 0.95, 0.9, 0.9, 0.84, 0.91, 0.92, 0.96, 0.84, 0.93, 0.96, 0.9, 0.96, 0.91, 0.88, 0.83, 0.95, 0.84, 0.84, 0.92, 0.94]
0.9 0.044
40
[0.93, 0.88, 0.9, 0.87, 0.91, 0.95, 0.94, 0.95, 0.92, 0.88, 0.84, 0.82, 0.87, 0.93, 0.92, 0.92, 0.91, 0.84, 0.96, 0.96, 0.97, 0.88, 0.91, 0.88, 0.96, 0.96, 0.85, 0.83, 0.95, 0.9, 0.96, 0.93, 0.96, 0.93, 0.93, 0.91, 0.87, 0.88, 0.97, 0.9, 0.94, 0.86, 0.9, 0.95, 0.83, 0.93, 0.93, 0.9, 0.89, 0.95, 0.96, 0.87, 0.94, 0.92, 0.96, 0.87, 0.96, 0.96, 0.74, 0.87, 0.92, 0.85, 0.8, 0.82, 0.93, 0.94, 0.95, 0.95, 0.89, 0.97, 0.85, 0.95, 0.88, 0.89, 0.96, 0.93, 0.93, 0.88, 0.96, 0.94, 0.94, 0.82, 0.95, 0.9, 0.92, 0.88, 0.94, 0.9, 0.88, 0.86, 0.96, 0.98, 0.95, 0.93, 0.91, 0.91, 0.87, 0.95, 0.94, 0.97]
0.911 0.045
80
[0.89, 0.98, 0.97, 0.93, 0.92, 0.95, 0.9, 0.97, 0.87, 0.96, 0.96, 0.95, 0.95, 0.89, 0.97, 0.97, 0.95, 0.83, 0.89, 0.97, 0.95, 0.96, 0.94, 0.96, 0.97, 0.89, 0.97, 0.98, 0.96, 0.97, 0.97, 0.95, 0.97, 0.97, 0.96, 0.96, 0.97, 0.97, 0.9, 0.98, 0.88, 0.98, 0.97, 0.97, 0.89, 0.98, 0.96, 0.96, 0.97, 0.94, 0.96, 0.97, 0.89, 0.87, 0.88, 0.93, 0.89, 0.97, 0.85, 0.96, 0.97, 0.9, 0.97, 0.96, 0.95, 0.96, 0.96, 0.96, 0.87, 0.95, 0.9, 0.92, 0.97, 0.96, 0.8, 0.97, 0.97, 0.97, 0.93, 0.95, 0.96, 0.95, 0.95, 0.92, 0.95, 0.96, 0.9, 0.96, 0.91, 0.9, 0.89, 0.95, 0.84, 0.92, 0.85, 0.95, 0.88, 0.95, 0.89, 0.84]
0.936 0.041
160
[0.98, 0.91, 0.98, 0.98, 0.89, 0.89, 0.97, 0.86, 0.92, 0.97, 0.98, 0.97, 0.98, 0.93, 0.98, 0.95, 0.97, 0.97, 0.98, 0.98, 0.98, 0.99, 0.98, 0.88, 0.79, 0.97, 0.91, 0.97, 0.98, 0.89, 0.97, 0.88, 0.97, 0.97, 0.97, 0.98, 0.98, 0.97, 0.93, 0.97, 0.97, 0.98, 0.98, 0.96, 0.93, 0.99, 0.98, 0.92, 0.96, 0.95, 0.96, 0.96, 0.97, 0.89, 0.96, 0.97, 0.97, 0.9, 0.98, 0.93, 0.88, 0.98, 0.97, 0.98, 0.98, 0.9, 0.98, 0.98, 0.91, 0.98, 0.91, 0.82, 0.96, 0.89, 0.9, 0.91, 0.98, 0.96, 0.9, 0.76, 0.96, 0.91, 0.97, 0.97, 0.98, 0.98, 0.95, 0.96, 0.97, 0.98, 0.98, 0.98, 0.89, 0.98, 0.99, 0.97, 0.97, 0.99, 0.87, 0.96]
0.948 0.044
320
[0.91, 0.92, 0.92, 0.96, 0.92, 0.93, 0.88, 0.98, 0.93, 0.92, 0.92, 0.89, 0.98, 1.0, 0.97, 0.89, 0.97, 0.88, 0.97, 0.88, 0.92, 0.98, 0.91, 0.9, 0.91, 0.9, 0.99, 0.91, 0.92, 0.92, 0.98, 0.97, 0.91, 0.97, 0.93, 0.93, 0.98, 0.98, 0.9, 0.92, 0.96, 0.96, 0.91, 0.92, 0.92, 0.96, 0.93, 0.93, 0.92, 0.9, 0.98, 0.88, 0.89, 0.98, 0.99, 0.95, 0.9, 0.93, 0.97, 0.92, 0.97, 0.98, 0.92, 0.92, 0.92, 0.9, 0.94, 0.92, 0.89, 0.98, 0.97, 0.9, 0.98, 0.94, 0.89, 0.92, 0.97, 0.91, 0.88, 0.95, 0.91, 0.98, 0.91, 0.89, 0.92, 0.97, 0.93, 0.93, 0.88, 0.93, 0.91, 0.98, 0.99, 0.98, 0.91, 0.9, 0.92, 0.91, 0.92, 0.91]
0.933 0.033
611
[1.0, 0.99, 0.99, 0.99, 0.86, 0.99, 0.99, 1.0, 0.98, 0.99, 0.99, 1.0, 0.99, 0.99, 0.99, 0.99, 0.99, 0.99, 0.97, 0.99, 0.99, 0.99, 1.0, 0.99, 0.99, 1.0, 0.99, 0.91, 0.99, 0.99, 0.99, 0.98, 0.99, 0.99, 1.0, 0.99, 0.99, 0.99, 0.99, 0.99, 0.99, 0.9, 0.99, 0.99, 0.99, 0.99, 0.98, 0.99, 0.99, 0.99, 0.99, 0.99, 0.99, 0.99, 0.99, 0.97, 0.99, 0.99, 0.84, 0.99, 0.89, 0.98, 0.99, 0.98, 0.99, 1.0, 0.99, 0.99, 0.98, 0.99, 0.89, 1.0, 0.99, 0.98, 0.91, 0.99, 0.99, 0.99, 0.99, 0.99, 0.89, 0.99, 0.98, 0.99, 1.0, 1.0, 0.99, 0.99, 0.94, 0.99, 0.99, 0.99, 0.99, 0.99, 0.99, 0.99, 0.98, 0.98, 0.98, 0.98]
0.981 0.029

double cf (0.6, 0.4)
3
[0.86, 0.87, 0.9, 0.87, 0.85, 0.86, 0.89, 0.82, 0.83, 0.89, 0.89, 0.84, 0.81, 0.87, 0.91, 0.76, 0.88, 0.86, 0.83, 0.82, 0.88, 0.87, 0.88, 0.83, 0.82, 0.93, 0.95, 0.88, 0.84, 0.88, 0.9, 0.75, 0.87, 0.86, 0.89, 0.81, 0.87, 0.86, 0.91, 0.86, 0.91, 0.84, 0.84, 0.91, 0.87, 0.85, 0.82, 0.81, 0.84, 0.86, 0.74, 0.82, 0.81, 0.83, 0.84, 0.73, 0.92, 0.85, 0.83, 0.86, 0.91, 0.88, 0.87, 0.88, 0.8, 0.86, 0.81, 0.89, 0.91, 0.88, 0.85, 0.73, 0.86, 0.81, 0.91, 0.8, 0.75, 0.89, 0.72, 0.86, 0.87, 0.84, 0.9, 0.89, 0.83, 0.87, 0.88, 0.8, 0.86, 0.83, 0.85, 0.73, 0.86, 0.49, 0.88, 0.84, 0.81, 0.93, 0.83, 0.84]
0.847 0.059
5
[0.44, 0.87, 0.89, 0.87, 0.87, 0.92, 0.92, 0.81, 0.91, 0.88, 0.88, 0.9, 0.91, 0.9, 0.93, 0.85, 0.83, 0.96, 0.91, 0.77, 0.87, 0.88, 0.87, 0.9, 0.85, 0.92, 0.82, 0.92, 0.87, 0.86, 0.89, 0.83, 0.86, 0.87, 0.87, 0.95, 0.9, 0.89, 0.9, 0.86, 0.85, 0.91, 0.94, 0.91, 0.86, 0.95, 0.9, 0.89, 0.91, 0.92, 0.89, 0.89, 0.8, 0.86, 0.81, 0.91, 0.82, 0.92, 0.49, 0.96, 0.89, 0.89, 0.9, 0.89, 0.98, 0.98, 0.93, 0.92, 0.82, 0.86, 0.86, 0.58, 0.93, 0.88, 0.98, 0.86, 0.87, 0.86, 0.85, 0.97, 0.86, 0.88, 0.84, 0.94, 0.91, 0.86, 0.83, 0.9, 0.84, 0.87, 0.93, 0.91, 0.86, 0.84, 0.87, 0.89, 0.84, 0.89, 0.95, 0.88]
0.875 0.078
10
[0.93, 0.9, 0.94, 0.91, 0.91, 0.89, 0.88, 0.92, 0.91, 0.93, 0.94, 0.91, 0.9, 0.99, 0.97, 0.98, 0.91, 0.86, 0.91, 0.91, 0.93, 0.95, 0.92, 0.86, 0.97, 0.89, 0.84, 0.88, 0.89, 0.92, 0.93, 0.83, 0.81, 0.93, 0.84, 0.9, 0.9, 0.5, 0.87, 0.99, 0.88, 0.9, 0.94, 0.92, 0.53, 0.92, 0.91, 0.95, 0.82, 0.88, 0.87, 0.98, 0.89, 0.96, 0.92, 0.97, 0.91, 0.91, 0.9, 0.97, 0.9, 0.86, 0.9, 0.92, 0.94, 0.86, 0.87, 0.89, 0.91, 0.9, 0.93, 0.88, 0.96, 0.87, 0.9, 0.85, 0.97, 0.89, 0.9, 0.85, 0.92, 0.91, 0.93, 0.83, 0.93, 0.9, 0.92, 0.91, 0.85, 0.9, 0.89, 0.96, 0.91, 0.9, 0.89, 0.89, 0.98, 0.94, 0.89, 0.94]
0.9 0.067
20
[0.92, 0.89, 0.92, 0.92, 0.99, 0.93, 0.92, 0.9, 0.96, 0.92, 0.92, 0.95, 0.98, 0.98, 0.91, 0.97, 0.95, 0.86, 0.98, 0.94, 0.92, 0.94, 0.93, 0.95, 0.91, 0.89, 0.9, 0.96, 0.91, 0.88, 0.92, 0.87, 0.91, 0.86, 0.9, 0.91, 0.89, 1.0, 0.94, 0.94, 0.97, 0.93, 0.93, 0.99, 0.92, 0.89, 0.98, 0.91, 0.91, 0.92, 0.98, 0.89, 0.89, 0.89, 0.93, 0.93, 0.94, 0.94, 0.9, 0.99, 0.92, 0.94, 0.97, 0.94, 0.95, 0.93, 0.9, 0.94, 0.92, 0.9, 0.94, 0.96, 0.87, 0.9, 0.92, 0.99, 0.89, 0.96, 0.5, 0.99, 0.93, 0.9, 0.99, 0.9, 0.95, 0.86, 0.87, 0.53, 0.95, 0.91, 0.98, 0.99, 0.94, 0.97, 0.94, 0.95, 0.9, 0.97, 0.91, 0.95]
0.922 0.067
40
[0.99, 0.99, 0.92, 0.9, 0.97, 0.94, 0.98, 0.98, 1.0, 0.98, 0.98, 0.98, 0.92, 0.92, 0.98, 0.97, 0.98, 1.0, 0.93, 0.97, 0.94, 0.99, 1.0, 1.0, 1.0, 0.97, 0.99, 1.0, 0.99, 0.96, 0.96, 0.93, 0.5, 0.91, 0.91, 0.93, 0.99, 0.92, 0.99, 0.95, 0.96, 0.98, 0.99, 0.86, 0.99, 0.97, 0.98, 0.98, 0.93, 0.98, 0.98, 1.0, 0.8, 0.94, 0.84, 0.95, 0.98, 0.97, 0.93, 0.97, 0.99, 0.98, 0.97, 0.96, 0.5, 0.98, 0.99, 0.99, 1.0, 0.95, 0.95, 0.97, 1.0, 0.96, 1.0, 1.0, 0.99, 0.92, 0.99, 0.96, 0.97, 0.99, 0.99, 0.86, 0.9, 0.96, 0.99, 0.99, 0.9, 0.93, 0.99, 0.96, 0.92, 0.98, 0.99, 0.91, 0.99, 0.87, 0.98, 0.98]
0.952 0.075
80
[0.99, 0.99, 1.0, 0.88, 0.98, 0.99, 1.0, 0.99, 1.0, 0.94, 1.0, 0.98, 1.0, 0.99, 0.99, 0.93, 0.98, 1.0, 1.0, 0.98, 1.0, 0.99, 0.99, 1.0, 0.99, 0.92, 1.0, 1.0, 1.0, 0.99, 0.99, 0.99, 0.98, 1.0, 0.99, 0.99, 0.97, 0.97, 1.0, 0.99, 0.95, 0.96, 0.99, 0.99, 0.89, 1.0, 0.94, 0.98, 0.93, 0.99, 0.98, 0.93, 0.99, 0.98, 1.0, 0.98, 0.99, 1.0, 0.99, 0.99, 1.0, 0.99, 0.99, 0.91, 1.0, 1.0, 0.99, 0.99, 1.0, 0.97, 0.99, 0.99, 0.99, 0.95, 0.98, 0.99, 0.91, 1.0, 1.0, 1.0, 0.99, 0.93, 0.97, 1.0, 1.0, 0.99, 0.99, 0.97, 0.99, 1.0, 0.99, 0.99, 0.99, 0.89, 0.99, 0.99, 0.88, 1.0, 0.99, 0.89]
0.979 0.03
160
[0.99, 0.98, 1.0, 1.0, 0.99, 1.0, 0.89, 0.93, 0.99, 0.99, 0.99, 1.0, 0.9, 1.0, 0.98, 1.0, 1.0, 0.99, 0.99, 1.0, 0.99, 1.0, 0.99, 1.0, 1.0, 0.99, 1.0, 0.99, 1.0, 0.99, 0.92, 0.99, 0.99, 1.0, 1.0, 0.99, 1.0, 1.0, 0.99, 1.0, 0.99, 0.99, 1.0, 1.0, 1.0, 0.99, 0.89, 0.99, 0.92, 1.0, 0.99, 0.99, 0.5, 0.95, 1.0, 1.0, 0.99, 1.0, 1.0, 0.99, 1.0, 0.99, 0.99, 1.0, 0.99, 1.0, 0.99, 0.99, 0.92, 0.99, 0.5, 1.0, 0.99, 0.99, 0.87, 1.0, 0.99, 0.98, 0.99, 0.99, 0.97, 1.0, 0.99, 1.0, 0.9, 1.0, 1.0, 0.99, 0.99, 1.0, 1.0, 1.0, 0.99, 0.99, 0.93, 1.0, 1.0, 1.0, 0.99, 1.0]
0.975 0.073
320
[1.0, 0.73, 1.0, 0.99, 1.0, 0.99, 1.0, 1.0, 0.99, 1.0, 1.0, 1.0, 1.0, 0.99, 0.93, 1.0, 1.0, 1.0, 1.0, 1.0, 1.0, 0.81, 1.0, 0.98, 0.94, 1.0, 1.0, 1.0, 0.99, 0.99, 1.0, 0.99, 0.99, 0.99, 1.0, 1.0, 0.99, 1.0, 1.0, 0.99, 1.0, 1.0, 1.0, 1.0, 0.99, 0.99, 1.0, 0.99, 0.99, 1.0, 1.0, 1.0, 0.99, 0.99, 1.0, 1.0, 1.0, 1.0, 1.0, 0.98, 1.0, 1.0, 0.99, 1.0, 1.0, 1.0, 0.94, 1.0, 1.0, 1.0, 0.99, 1.0, 0.76, 1.0, 0.99, 1.0, 1.0, 0.99, 1.0, 1.0, 1.0, 1.0, 0.5, 1.0, 0.99, 1.0, 0.99, 1.0, 1.0, 1.0, 1.0, 1.0, 1.0, 1.0, 1.0, 1.0, 1.0, 1.0, 1.0, 0.99]
0.983 0.064
611
[1.0, 1.0, 1.0, 1.0, 1.0, 1.0, 1.0, 1.0, 1.0, 1.0, 1.0, 1.0, 1.0, 0.99, 0.99, 1.0, 0.71, 1.0, 0.99, 0.99, 0.93, 1.0, 1.0, 1.0, 1.0, 1.0, 0.99, 1.0, 0.99, 1.0, 0.99, 0.92, 1.0, 1.0, 1.0, 1.0, 1.0, 1.0, 0.5, 1.0, 1.0, 1.0, 1.0, 1.0, 0.99, 1.0, 1.0, 1.0, 1.0, 1.0, 1.0, 1.0, 1.0, 1.0, 1.0, 0.99, 0.99, 1.0, 1.0, 1.0, 1.0, 1.0, 1.0, 1.0, 0.99, 1.0, 1.0, 0.99, 1.0, 1.0, 1.0, 1.0, 1.0, 1.0, 1.0, 1.0, 1.0, 1.0, 0.97, 1.0, 0.99, 0.7, 1.0, 1.0, 1.0, 1.0, 1.0, 1.0, 0.99, 1.0, 1.0, 1.0, 1.0, 1.0, 1.0, 1.0, 1.0, 1.0, 1.0, 1.0]
0.986 0.065

double cf + input 
