prediction interface 
3
[0.75, 0.54, 0.84, 0.72, 0.46, 0.89, 0.9, 0.54, 0.81, 0.46, 0.84, 0.46, 0.68, 0.89, 0.89, 0.84, 0.54, 0.8, 0.72, 0.54, 0.86, 0.89, 0.9, 0.88, 0.85, 0.83, 0.71, 0.46, 0.64, 0.46, 0.89, 0.65, 0.54, 0.85, 0.88, 0.46, 0.89, 0.46, 0.69, 0.54, 0.54, 0.85, 0.8, 0.54, 0.85, 0.62, 0.77, 0.46, 0.87, 0.78, 0.54, 0.85, 0.68, 0.78, 0.77, 0.54, 0.84, 0.46, 0.46, 0.54, 0.91, 0.87, 0.89, 0.46, 0.78, 0.71, 0.82, 0.75, 0.54, 0.71, 0.78, 0.89, 0.54, 0.86, 0.73, 0.88, 0.81, 0.84, 0.7, 0.54, 0.54, 0.87, 0.83, 0.88, 0.7, 0.77, 0.65, 0.91, 0.46, 0.9, 0.47, 0.8, 0.54, 0.7, 0.49, 0.61, 0.54, 0.84, 0.7, 0.9]
0.711 0.156
5
[0.64, 0.65, 0.84, 0.81, 0.89, 0.58, 0.84, 0.89, 0.91, 0.85, 0.87, 0.73, 0.46, 0.86, 0.9, 0.59, 0.86, 0.68, 0.68, 0.46, 0.79, 0.81, 0.9, 0.83, 0.83, 0.75, 0.75, 0.87, 0.75, 0.46, 0.87, 0.87, 0.82, 0.63, 0.83, 0.82, 0.87, 0.72, 0.84, 0.84, 0.85, 0.77, 0.84, 0.85, 0.46, 0.84, 0.85, 0.46, 0.74, 0.88, 0.89, 0.85, 0.81, 0.9, 0.74, 0.81, 0.74, 0.89, 0.82, 0.81, 0.54, 0.69, 0.64, 0.89, 0.43, 0.85, 0.82, 0.86, 0.83, 0.65, 0.88, 0.8, 0.54, 0.91, 0.81, 0.79, 0.87, 0.89, 0.89, 0.8, 0.79, 0.85, 0.72, 0.72, 0.65, 0.68, 0.88, 0.75, 0.68, 0.84, 0.77, 0.63, 0.86, 0.62, 0.72, 0.64, 0.9, 0.9, 0.54, 0.78]
0.769 0.123
10
[0.91, 0.76, 0.88, 0.88, 0.84, 0.84, 0.91, 0.62, 0.89, 0.91, 0.89, 0.92, 0.89, 0.89, 0.87, 0.82, 0.9, 0.89, 0.87, 0.88, 0.91, 0.85, 0.87, 0.73, 0.74, 0.54, 0.91, 0.9, 0.75, 0.91, 0.86, 0.87, 0.85, 0.9, 0.87, 0.86, 0.88, 0.89, 0.9, 0.91, 0.83, 0.72, 0.75, 0.74, 0.84, 0.72, 0.85, 0.9, 0.89, 0.89, 0.78, 0.87, 0.86, 0.8, 0.91, 0.79, 0.87, 0.83, 0.89, 0.86, 0.88, 0.82, 0.91, 0.9, 0.9, 0.89, 0.88, 0.86, 0.91, 0.9, 0.86, 0.78, 0.88, 0.88, 0.86, 0.9, 0.84, 0.79, 0.89, 0.9, 0.76, 0.9, 0.79, 0.91, 0.88, 0.83, 0.88, 0.91, 0.78, 0.91, 0.89, 0.88, 0.77, 0.54, 0.9, 0.91, 0.89, 0.9, 0.8, 0.85]
0.851 0.072
20
[0.91, 0.89, 0.94, 0.76, 0.89, 0.88, 0.83, 0.93, 0.85, 0.88, 0.85, 0.9, 0.89, 0.89, 0.92, 0.83, 0.87, 0.91, 0.88, 0.85, 0.9, 0.93, 0.91, 0.91, 0.9, 0.93, 0.94, 0.91, 0.91, 0.92, 0.9, 0.88, 0.93, 0.88, 0.88, 0.91, 0.9, 0.86, 0.91, 0.91, 0.92, 0.91, 0.93, 0.9, 0.91, 0.87, 0.9, 0.91, 0.9, 0.92, 0.9, 0.9, 0.89, 0.88, 0.9, 0.88, 0.9, 0.91, 0.92, 0.85, 0.9, 0.88, 0.91, 0.93, 0.89, 0.91, 0.79, 0.92, 0.91, 0.92, 0.92, 0.85, 0.91, 0.89, 0.89, 0.82, 0.89, 0.89, 0.94, 0.89, 0.91, 0.78, 0.89, 0.88, 0.89, 0.91, 0.88, 0.83, 0.89, 0.87, 0.91, 0.91, 0.9, 0.9, 0.9, 0.84, 0.87, 0.89, 0.46, 0.89]
0.887 0.054
40
[0.87, 0.93, 0.9, 0.92, 0.9, 0.89, 0.87, 0.86, 0.9, 0.92, 0.87, 0.88, 0.95, 0.94, 0.9, 0.9, 0.9, 0.91, 0.9, 0.87, 0.92, 0.92, 0.94, 0.92, 0.9, 0.91, 0.89, 0.9, 0.89, 0.94, 0.87, 0.91, 0.91, 0.85, 0.91, 0.9, 0.92, 0.88, 0.94, 0.94, 0.92, 0.91, 0.9, 0.92, 0.9, 0.93, 0.92, 0.91, 0.85, 0.95, 0.92, 0.9, 0.91, 0.92, 0.91, 0.91, 0.91, 0.92, 0.93, 0.9, 0.94, 0.91, 0.9, 0.9, 0.94, 0.89, 0.95, 0.94, 0.89, 0.95, 0.9, 0.92, 0.93, 0.9, 0.92, 0.89, 0.89, 0.89, 0.88, 0.9, 0.93, 0.89, 0.85, 0.93, 0.9, 0.91, 0.93, 0.9, 0.93, 0.87, 0.91, 0.91, 0.9, 0.89, 0.9, 0.91, 0.92, 0.88, 0.9, 0.89]
0.907 0.022
80
[0.91, 0.92, 0.94, 0.91, 0.91, 0.95, 0.92, 0.93, 0.94, 0.91, 0.93, 0.95, 0.96, 0.93, 0.91, 0.93, 0.92, 0.9, 0.93, 0.9, 0.92, 0.9, 0.93, 0.92, 0.92, 0.97, 0.94, 0.91, 0.91, 0.95, 0.91, 0.92, 0.91, 0.91, 0.96, 0.96, 0.96, 0.92, 0.93, 0.92, 0.94, 0.96, 0.91, 0.92, 0.91, 0.95, 0.9, 0.89, 0.95, 0.91, 0.91, 0.93, 0.91, 0.91, 0.93, 0.94, 0.91, 0.94, 0.94, 0.93, 0.89, 0.92, 0.94, 0.89, 0.9, 0.92, 0.93, 0.93, 0.9, 0.91, 0.91, 0.92, 0.91, 0.93, 0.91, 0.92, 0.9, 0.91, 0.94, 0.91, 0.93, 0.91, 0.91, 0.98, 0.92, 0.91, 0.97, 0.9, 0.89, 0.95, 0.94, 0.95, 0.92, 0.92, 0.91, 0.92, 0.92, 0.91, 0.92, 0.94]
0.924 0.019
160
[0.91, 0.91, 0.92, 0.95, 0.96, 0.93, 0.91, 0.97, 0.93, 0.91, 0.93, 0.9, 0.96, 0.94, 0.94, 0.97, 0.92, 0.9, 0.95, 0.91, 0.97, 0.94, 0.94, 0.93, 0.94, 0.91, 0.92, 0.93, 0.96, 0.91, 0.91, 0.93, 0.95, 0.94, 0.97, 0.95, 0.93, 0.92, 0.94, 0.98, 0.95, 0.93, 0.94, 0.92, 0.99, 0.91, 0.93, 0.91, 0.97, 0.92, 0.97, 0.91, 0.91, 0.98, 0.92, 0.94, 0.95, 0.93, 0.98, 0.98, 0.92, 0.9, 0.98, 0.93, 0.9, 0.94, 0.94, 0.98, 0.97, 0.95, 0.93, 0.98, 0.94, 0.91, 0.94, 0.95, 0.94, 0.93, 0.99, 0.9, 0.95, 0.91, 0.92, 0.94, 0.92, 0.91, 0.94, 0.97, 0.94, 0.94, 0.97, 0.94, 0.94, 0.93, 0.96, 0.92, 0.94, 0.91, 0.99, 0.97]
0.939 0.024
320
[0.94, 0.93, 0.94, 0.98, 0.94, 0.99, 0.98, 0.94, 0.95, 0.99, 0.95, 0.91, 0.99, 0.97, 1.0, 0.98, 0.94, 0.93, 0.99, 0.94, 0.94, 0.91, 0.94, 0.95, 0.95, 0.99, 0.99, 0.94, 0.99, 0.94, 0.93, 0.94, 0.94, 0.99, 0.94, 0.99, 0.94, 0.94, 0.97, 0.95, 0.94, 0.96, 0.94, 0.98, 0.97, 0.99, 0.94, 0.99, 0.94, 0.91, 0.99, 0.94, 0.94, 0.91, 0.97, 0.94, 0.95, 0.98, 0.93, 0.98, 0.94, 0.95, 0.98, 0.95, 0.91, 0.99, 0.94, 0.93, 0.91, 0.95, 0.99, 0.98, 0.94, 0.93, 0.94, 0.95, 0.92, 0.95, 0.97, 0.98, 0.95, 0.99, 0.98, 0.94, 0.98, 0.94, 0.94, 0.93, 0.94, 0.94, 0.99, 0.94, 0.91, 0.99, 0.91, 0.94, 0.93, 0.99, 0.99, 0.95]
0.954 0.025

prediction + coreset
3
[0.75, 0.87, 0.66, 0.83, 0.82, 0.63, 0.61, 0.68, 0.64, 0.86, 0.7, 0.67, 0.46, 0.75, 0.82, 0.62, 0.66, 0.62, 0.67, 0.69, 0.62, 0.46, 0.66, 0.67, 0.7, 0.69, 0.61, 0.64, 0.68, 0.46, 0.6, 0.73, 0.8, 0.81, 0.66, 0.73, 0.78, 0.67, 0.49, 0.73, 0.86, 0.46, 0.84, 0.62, 0.73, 0.46, 0.6, 0.83, 0.63, 0.67, 0.86, 0.66, 0.74, 0.66, 0.75, 0.84, 0.75, 0.66, 0.88, 0.87, 0.86, 0.67, 0.68, 0.71, 0.69, 0.62, 0.7, 0.65, 0.79, 0.73, 0.75, 0.65, 0.66, 0.8, 0.66, 0.85, 0.6, 0.74, 0.8, 0.64, 0.82, 0.7, 0.75, 0.64, 0.69, 0.49, 0.86, 0.73, 0.62, 0.77, 0.74, 0.71, 0.5, 0.69, 0.8, 0.65, 0.66, 0.73, 0.63, 0.52]
0.695 0.102
5
[0.67, 0.84, 0.82, 0.66, 0.48, 0.74, 0.84, 0.82, 0.59, 0.85, 0.81, 0.59, 0.8, 0.57, 0.71, 0.79, 0.79, 0.58, 0.69, 0.61, 0.88, 0.83, 0.75, 0.48, 0.65, 0.76, 0.76, 0.78, 0.7, 0.62, 0.75, 0.72, 0.58, 0.69, 0.8, 0.75, 0.72, 0.85, 0.58, 0.49, 0.75, 0.56, 0.91, 0.86, 0.75, 0.63, 0.6, 0.8, 0.62, 0.83, 0.8, 0.6, 0.67, 0.67, 0.64, 0.8, 0.9, 0.66, 0.56, 0.68, 0.66, 0.67, 0.81, 0.56, 0.66, 0.48, 0.82, 0.82, 0.8, 0.56, 0.81, 0.9, 0.85, 0.85, 0.84, 0.56, 0.87, 0.69, 0.74, 0.8, 0.85, 0.74, 0.83, 0.87, 0.69, 0.67, 0.67, 0.89, 0.8, 0.6, 0.8, 0.77, 0.73, 0.67, 0.74, 0.88, 0.82, 0.48, 0.83, 0.87]
0.726 0.112
10
[0.93, 0.9, 0.82, 0.84, 0.82, 0.86, 0.89, 0.83, 0.77, 0.92, 0.91, 0.79, 0.79, 0.87, 0.84, 0.87, 0.85, 0.81, 0.79, 0.86, 0.79, 0.81, 0.84, 0.87, 0.75, 0.74, 0.85, 0.88, 0.87, 0.85, 0.88, 0.87, 0.72, 0.83, 0.92, 0.86, 0.89, 0.9, 0.78, 0.92, 0.86, 0.88, 0.81, 0.87, 0.74, 0.9, 0.82, 0.89, 0.86, 0.86, 0.85, 0.84, 0.93, 0.87, 0.88, 0.8, 0.86, 0.69, 0.84, 0.91, 0.73, 0.75, 0.8, 0.87, 0.84, 0.83, 0.89, 0.74, 0.7, 0.91, 0.85, 0.87, 0.81, 0.74, 0.89, 0.83, 0.84, 0.88, 0.86, 0.85, 0.8, 0.75, 0.88, 0.81, 0.79, 0.79, 0.76, 0.83, 0.9, 0.83, 0.89, 0.86, 0.86, 0.9, 0.81, 0.91, 0.9, 0.87, 0.86, 0.9]
0.841 0.054
20
[0.88, 0.94, 0.87, 0.93, 0.91, 0.9, 0.92, 0.87, 0.93, 0.92, 0.85, 0.92, 0.84, 0.94, 0.92, 0.93, 0.88, 0.92, 0.93, 0.87, 0.93, 0.91, 0.92, 0.94, 0.95, 0.84, 0.9, 0.93, 0.87, 0.9, 0.96, 0.92, 0.94, 0.9, 0.94, 0.9, 0.91, 0.92, 0.94, 0.89, 0.91, 0.91, 0.91, 0.92, 0.92, 0.93, 0.91, 0.9, 0.92, 0.88, 0.91, 0.89, 0.9, 0.91, 0.9, 0.92, 0.92, 0.91, 0.89, 0.91, 0.92, 0.9, 0.93, 0.93, 0.91, 0.93, 0.91, 0.93, 0.95, 0.93, 0.93, 0.94, 0.89, 0.93, 0.91, 0.9, 0.9, 0.92, 0.92, 0.87, 0.88, 0.93, 0.92, 0.93, 0.93, 0.91, 0.89, 0.94, 0.93, 0.94, 0.93, 0.93, 0.86, 0.91, 0.91, 0.93, 0.92, 0.88, 0.87, 0.89]
0.911 0.024
40
[0.93, 0.94, 0.92, 0.94, 0.91, 0.93, 0.93, 0.92, 0.91, 0.94, 0.95, 0.92, 0.93, 0.91, 0.93, 0.91, 0.91, 0.88, 0.92, 0.92, 0.92, 0.93, 0.91, 0.93, 0.95, 0.92, 0.93, 0.93, 0.93, 0.94, 0.91, 0.92, 0.92, 0.91, 0.9, 0.92, 0.91, 0.94, 0.92, 0.92, 0.93, 0.94, 0.93, 0.89, 0.93, 0.93, 0.92, 0.92, 0.94, 0.93, 0.94, 0.95, 0.92, 0.93, 0.92, 0.92, 0.92, 0.96, 0.95, 0.93, 0.91, 0.93, 0.91, 0.95, 0.93, 0.92, 0.91, 0.89, 0.91, 0.92, 0.91, 0.9, 0.92, 0.91, 0.91, 0.93, 0.92, 0.92, 0.94, 0.93, 0.93, 0.93, 0.91, 0.93, 0.91, 0.91, 0.94, 0.96, 0.93, 0.91, 0.94, 0.91, 0.93, 0.93, 0.92, 0.93, 0.92, 0.92, 0.93, 0.92]
0.924 0.014
80
[0.93, 0.94, 0.97, 0.92, 0.94, 0.92, 0.93, 0.94, 0.94, 0.94, 0.94, 0.96, 0.98, 0.97, 0.92, 0.94, 0.94, 0.92, 0.94, 0.92, 0.96, 0.94, 0.92, 0.92, 0.97, 0.94, 0.94, 0.97, 0.94, 0.93, 0.93, 0.98, 0.94, 0.97, 0.94, 0.93, 0.94, 0.91, 0.94, 0.96, 0.94, 0.93, 0.92, 0.91, 0.92, 0.92, 0.94, 0.95, 0.91, 0.96, 0.92, 0.93, 0.97, 0.94, 0.93, 0.94, 0.94, 0.97, 0.94, 0.94, 0.94, 0.94, 0.92, 0.94, 0.93, 0.97, 0.91, 0.91, 0.94, 0.91, 0.94, 0.93, 0.92, 0.97, 0.93, 0.94, 0.92, 0.94, 0.91, 0.94, 0.94, 0.91, 0.94, 0.92, 0.93, 0.91, 0.94, 0.92, 0.98, 0.95, 0.93, 0.98, 0.94, 0.91, 0.93, 0.93, 0.94, 0.96, 0.96, 0.97]
0.938 0.019
160
[0.96, 0.98, 0.98, 0.94, 0.94, 0.95, 0.99, 0.94, 0.99, 0.94, 0.94, 0.91, 0.97, 0.91, 0.94, 0.99, 0.93, 0.91, 0.99, 0.94, 0.94, 0.92, 0.95, 0.99, 0.94, 0.94, 0.98, 0.91, 0.97, 0.92, 0.99, 0.94, 0.94, 0.98, 0.99, 0.94, 0.94, 0.98, 0.94, 0.94, 0.94, 0.95, 0.93, 0.99, 0.93, 0.98, 0.94, 0.94, 0.91, 0.94, 0.93, 0.94, 0.99, 0.99, 0.94, 0.94, 0.94, 0.91, 0.99, 0.97, 0.93, 0.93, 0.91, 0.94, 0.94, 0.99, 0.98, 0.98, 0.94, 0.98, 0.91, 0.94, 0.94, 0.98, 0.97, 0.94, 0.91, 0.94, 0.94, 0.96, 0.93, 0.94, 0.94, 0.98, 0.94, 0.91, 0.91, 0.98, 0.94, 0.99, 0.94, 0.97, 0.94, 0.92, 0.98, 0.98, 0.94, 0.94, 0.94, 0.94]
0.95 0.025
320
[0.95, 1.0, 0.95, 0.95, 0.99, 0.94, 0.95, 0.99, 0.94, 0.94, 0.91, 0.94, 0.94, 0.99, 0.99, 0.99, 0.99, 0.91, 0.94, 0.94, 0.99, 0.97, 0.99, 0.95, 1.0, 0.95, 0.94, 0.94, 0.94, 0.99, 0.94, 0.94, 0.94, 0.95, 0.92, 0.93, 0.94, 0.91, 0.95, 0.94, 0.99, 0.92, 1.0, 0.95, 0.94, 0.94, 1.0, 0.91, 0.99, 0.94, 0.94, 0.94, 0.98, 1.0, 0.93, 0.94, 0.94, 0.94, 1.0, 0.99, 0.98, 0.94, 0.94, 0.94, 0.98, 0.99, 0.99, 0.95, 0.98, 0.99, 0.94, 0.94, 0.94, 0.99, 0.94, 0.99, 0.99, 1.0, 0.99, 0.94, 0.99, 0.99, 0.99, 0.94, 0.95, 0.99, 0.99, 0.99, 0.99, 0.91, 0.94, 0.94, 0.99, 0.99, 0.99, 0.98, 0.91, 0.95, 0.95, 0.99]
0.96 0.027

model extraction
3
[0.85, 0.81, 0.84, 0.83, 0.9, 0.85, 0.76, 0.81, 0.88, 0.82, 0.72, 0.91, 0.81, 0.9, 0.79, 0.83, 0.7, 0.78, 0.67, 0.63, 0.91, 0.71, 0.86, 0.9, 0.79, 0.85, 0.91, 0.65, 0.75, 0.67, 0.88, 0.86, 0.8, 0.91, 0.85, 0.82, 0.75, 0.84, 0.89, 0.79, 0.73, 0.81, 0.89, 0.7, 0.87, 0.74, 0.79, 0.87, 0.91, 0.82, 0.74, 0.76, 0.8, 0.81, 0.78, 0.71, 0.81, 0.77, 0.88, 0.82, 0.83, 0.89, 0.86, 0.75, 0.68, 0.74, 0.82, 0.65, 0.86, 0.83, 0.67, 0.81, 0.8, 0.89, 0.74, 0.9, 0.79, 0.91, 0.83, 0.87, 0.83, 0.7, 0.89, 0.85, 0.73, 0.94, 0.74, 0.86, 0.82, 0.65, 0.82, 0.72, 0.8, 0.84, 0.62, 0.83, 0.81, 0.71, 0.87, 0.84]
0.805 0.075
5
[0.88, 0.86, 0.74, 0.8, 0.84, 0.85, 0.89, 0.87, 0.85, 0.91, 0.79, 0.75, 0.88, 0.78, 0.96, 0.92, 0.88, 0.76, 0.95, 0.79, 0.65, 0.83, 0.85, 0.85, 0.81, 0.81, 0.85, 0.89, 0.81, 0.93, 0.96, 0.89, 0.84, 0.79, 0.86, 0.92, 0.9, 0.84, 0.8, 0.91, 0.95, 0.83, 0.92, 0.91, 0.86, 0.88, 0.69, 0.91, 0.89, 0.88, 0.84, 0.91, 0.81, 0.9, 0.92, 0.88, 0.92, 0.89, 0.9, 0.78, 0.84, 0.87, 0.93, 0.83, 0.89, 0.78, 0.83, 0.83, 0.76, 0.86, 0.82, 0.86, 0.83, 0.89, 0.84, 0.79, 0.85, 0.79, 0.89, 0.81, 0.8, 0.94, 0.93, 0.9, 0.88, 0.82, 0.93, 0.91, 0.89, 0.81, 0.88, 0.83, 0.73, 0.88, 0.84, 0.9, 0.75, 0.9, 0.8, 0.8]
0.853 0.059
10
[0.91, 0.89, 0.9, 0.89, 0.91, 0.9, 0.84, 0.92, 0.88, 0.9, 0.88, 0.86, 0.94, 0.89, 0.95, 0.89, 0.83, 0.95, 0.89, 0.96, 0.92, 0.89, 0.61, 0.91, 0.91, 0.91, 0.93, 0.85, 0.92, 0.89, 0.88, 0.9, 0.84, 0.88, 0.94, 0.92, 0.92, 0.91, 0.93, 0.88, 0.83, 0.89, 0.91, 0.86, 0.79, 0.9, 0.83, 0.85, 0.85, 0.96, 0.86, 0.91, 0.89, 0.94, 0.97, 0.89, 0.85, 0.91, 0.9, 0.88, 0.95, 0.95, 0.91, 0.89, 0.81, 0.85, 0.85, 0.89, 0.84, 0.91, 0.88, 0.89, 0.75, 0.91, 0.92, 0.84, 0.92, 0.93, 0.88, 0.81, 0.94, 0.87, 0.91, 0.87, 0.82, 0.86, 0.86, 0.87, 0.93, 0.88, 0.88, 0.87, 0.92, 0.86, 0.9, 0.95, 0.92, 0.87, 0.93, 0.84]
0.887 0.048
20
[0.9, 0.83, 0.96, 0.94, 0.88, 0.91, 0.86, 0.96, 0.97, 0.92, 0.93, 0.89, 0.93, 0.96, 0.94, 0.92, 0.93, 0.9, 0.95, 0.95, 0.94, 0.83, 0.94, 0.93, 0.94, 0.94, 0.94, 0.91, 0.89, 0.93, 0.81, 0.89, 0.9, 0.89, 0.93, 0.93, 0.86, 0.96, 0.88, 0.92, 0.88, 0.88, 0.9, 0.99, 0.94, 0.96, 0.98, 0.86, 0.85, 0.89, 0.97, 0.88, 0.94, 0.86, 0.96, 0.88, 0.91, 0.92, 0.91, 0.91, 0.94, 0.93, 0.91, 0.82, 0.91, 0.93, 0.96, 0.93, 0.83, 0.9, 0.92, 0.88, 0.96, 0.9, 0.88, 0.87, 0.92, 0.89, 0.92, 0.93, 0.88, 0.93, 0.94, 0.97, 0.95, 0.89, 0.92, 0.94, 0.89, 0.97, 0.88, 0.89, 0.93, 0.86, 0.9, 0.88, 0.93, 0.97, 0.83, 0.88]
0.912 0.038
40
[0.92, 0.94, 0.92, 0.97, 0.87, 0.9, 0.93, 0.95, 0.9, 0.96, 0.93, 0.97, 0.92, 0.94, 0.87, 0.93, 0.88, 0.86, 0.95, 0.97, 0.97, 0.83, 0.96, 0.95, 0.97, 0.96, 0.97, 0.88, 0.9, 0.92, 0.89, 0.98, 0.93, 0.91, 0.91, 0.97, 0.98, 0.91, 0.97, 0.93, 0.89, 0.96, 0.91, 0.94, 0.92, 0.87, 0.92, 0.92, 0.95, 0.87, 0.89, 0.95, 0.93, 0.97, 0.92, 0.98, 0.97, 0.91, 0.97, 0.94, 0.93, 0.93, 0.96, 0.89, 0.92, 0.98, 0.87, 0.96, 0.96, 0.95, 0.93, 0.95, 0.93, 0.86, 0.92, 0.95, 0.87, 0.87, 0.93, 0.96, 0.98, 0.91, 0.93, 0.97, 0.99, 0.96, 0.91, 0.9, 0.89, 0.93, 0.92, 0.98, 0.91, 0.92, 0.88, 0.98, 0.94, 0.99, 0.92, 0.9]
0.93 0.035
80
[0.92, 0.98, 0.89, 0.98, 0.93, 0.96, 0.97, 0.92, 0.96, 0.98, 0.98, 0.99, 0.92, 0.87, 0.96, 0.98, 0.94, 0.91, 0.92, 0.89, 0.99, 0.98, 0.99, 0.98, 0.97, 0.98, 0.97, 0.88, 0.91, 0.96, 0.97, 0.98, 0.98, 1.0, 0.85, 0.94, 0.91, 0.96, 0.91, 0.93, 0.96, 0.97, 0.91, 0.97, 0.97, 0.9, 0.94, 0.97, 0.98, 0.99, 0.97, 0.97, 0.96, 0.98, 0.93, 0.98, 0.97, 0.99, 0.97, 0.99, 0.98, 0.98, 0.99, 0.9, 0.96, 0.9, 0.98, 0.97, 0.97, 0.94, 0.97, 0.97, 0.97, 0.96, 0.97, 0.98, 0.98, 0.98, 0.87, 0.97, 0.89, 0.98, 0.98, 0.94, 0.98, 0.97, 0.97, 0.97, 0.99, 0.91, 0.97, 0.94, 0.88, 0.96, 0.92, 0.95, 0.98, 0.96, 0.97, 0.93]
0.954 0.034
160
[0.96, 1.0, 0.99, 0.99, 0.98, 0.99, 0.98, 0.89, 0.99, 0.99, 0.99, 0.99, 0.98, 0.92, 0.97, 0.97, 0.99, 0.98, 0.99, 0.98, 0.96, 0.99, 0.99, 0.98, 0.98, 0.99, 0.9, 0.99, 0.99, 0.99, 1.0, 0.98, 0.98, 0.99, 0.98, 0.93, 0.86, 0.99, 0.99, 0.91, 0.99, 0.99, 0.98, 0.98, 0.99, 0.99, 0.99, 0.99, 0.99, 0.99, 0.99, 0.99, 0.98, 0.99, 0.99, 0.92, 0.92, 0.98, 0.99, 0.98, 0.97, 0.89, 0.99, 0.98, 0.92, 0.9, 0.98, 0.93, 0.89, 0.99, 0.88, 0.99, 0.9, 0.93, 0.98, 0.99, 0.99, 0.86, 0.98, 0.9, 0.98, 0.99, 0.98, 0.99, 0.99, 0.98, 0.99, 0.98, 0.98, 0.89, 0.99, 0.99, 1.0, 0.89, 0.98, 0.9, 0.99, 0.99, 0.99, 0.97]
0.968 0.036
320
[1.0, 0.99, 0.99, 0.97, 0.99, 0.99, 1.0, 1.0, 0.89, 0.92, 0.99, 1.0, 0.99, 0.99, 1.0, 1.0, 0.99, 0.98, 0.99, 0.99, 1.0, 1.0, 1.0, 0.99, 0.96, 0.99, 0.99, 0.99, 0.92, 0.98, 0.99, 0.99, 0.93, 0.99, 0.99, 0.98, 0.99, 0.99, 0.97, 0.99, 0.99, 0.99, 0.99, 1.0, 0.99, 0.99, 0.99, 0.99, 0.99, 0.99, 0.98, 0.99, 1.0, 1.0, 0.91, 0.98, 0.97, 0.99, 0.99, 0.93, 0.99, 0.99, 0.99, 0.99, 0.99, 0.99, 0.99, 0.92, 1.0, 0.99, 0.99, 0.98, 1.0, 0.99, 0.99, 0.99, 0.99, 0.99, 0.99, 0.99, 0.99, 0.98, 1.0, 0.99, 1.0, 0.99, 0.9, 0.89, 0.99, 0.99, 1.0, 0.99, 1.0, 0.99, 0.9, 1.0, 0.98, 0.99, 0.98, 1.0]
0.982 0.025

double cf
3
[0.88, 0.84, 0.92, 0.88, 0.81, 0.83, 0.54, 0.85, 0.93, 0.75, 0.77, 0.92, 0.86, 0.86, 0.92, 0.84, 0.83, 0.87, 0.88, 0.89, 0.85, 0.85, 0.87, 0.9, 0.86, 0.9, 0.85, 0.76, 0.83, 0.88, 0.88, 0.85, 0.87, 0.83, 0.9, 0.9, 0.91, 0.23, 0.84, 0.88, 0.83, 0.83, 0.83, 0.91, 0.77, 0.87, 0.58, 0.88, 0.9, 0.88, 0.84, 0.46, 0.91, 0.9, 0.83, 0.9, 0.88, 0.89, 0.81, 0.83, 0.85, 0.85, 0.93, 0.83, 0.9, 0.81, 0.9, 0.83, 0.83, 0.89, 0.88, 0.89, 0.84, 0.88, 0.85, 0.92, 0.89, 0.86, 0.91, 0.83, 0.83, 0.83, 0.9, 0.83, 0.83, 0.91, 0.89, 0.86, 0.9, 0.89, 0.85, 0.86, 0.83, 0.91, 0.84, 0.83, 0.94, 0.88, 0.89, 0.83]
0.847 0.093
after non-converenge runs
0.864 0.038
5
[0.84, 0.95, 0.9, 0.89, 0.83, 0.9, 0.84, 0.9, 0.83, 0.83, 0.9, 0.91, 0.9, 0.94, 0.9, 0.91, 0.96, 0.9, 0.92, 0.9, 0.84, 0.89, 0.94, 0.94, 0.89, 0.86, 0.9, 0.88, 0.89, 0.89, 0.91, 0.89, 0.85, 0.93, 0.87, 0.86, 0.93, 0.87, 0.89, 0.91, 0.93, 0.94, 0.89, 0.94, 0.89, 0.93, 0.91, 0.88, 0.87, 0.93, 0.84, 0.84, 0.88, 0.84, 0.91, 0.85, 0.92, 0.94, 0.89, 0.94, 0.92, 0.93, 0.84, 0.89, 0.91, 0.89, 0.92, 0.92, 0.91, 0.92, 0.83, 0.85, 0.83, 0.9, 0.91, 0.84, 0.87, 0.92, 0.98, 0.91, 0.9, 0.77, 0.94, 0.88, 0.85, 0.91, 0.88, 0.88, 0.89, 0.89, 0.85, 0.88, 0.93, 0.85, 0.87, 0.88, 0.9, 0.83, 0.83, 0.9]
0.89 0.037
10
[0.95, 0.94, 0.88, 0.96, 0.89, 0.94, 0.95, 0.93, 0.91, 0.92, 0.92, 0.91, 0.83, 0.91, 0.89, 0.89, 0.93, 0.9, 0.95, 0.88, 0.9, 0.89, 0.96, 0.95, 0.98, 0.98, 0.91, 0.94, 0.88, 0.85, 0.93, 0.92, 0.89, 0.94, 0.88, 0.92, 0.96, 0.97, 0.92, 0.94, 0.9, 0.83, 0.94, 0.94, 0.9, 0.89, 0.93, 0.94, 0.94, 0.91, 0.9, 0.84, 0.89, 0.89, 0.96, 0.96, 0.91, 0.87, 0.96, 0.86, 0.91, 0.85, 0.94, 0.92, 0.96, 0.94, 0.97, 0.91, 0.98, 0.96, 0.89, 0.96, 0.91, 0.89, 0.88, 0.97, 0.91, 0.54, 0.87, 0.83, 0.96, 0.87, 0.87, 0.9, 0.84, 0.89, 0.93, 0.95, 0.85, 0.91, 0.92, 0.96, 0.93, 0.83, 0.9, 0.92, 0.9, 0.87, 0.93, 0.94]
0.91 0.053
remove non-convergence runs
0.914 0.038
20
[0.94, 0.93, 0.26, 1.0, 0.93, 0.44, 0.99, 0.96, 0.98, 0.97, 0.92, 0.96, 0.97, 0.84, 0.91, 0.93, 0.98, 0.91, 0.96, 0.96, 0.91, 0.99, 0.99, 0.92, 0.96, 0.94, 0.93, 0.87, 0.98, 0.89, 0.94, 0.91, 0.9, 0.98, 0.9, 0.83, 0.98, 0.88, 0.89, 0.94, 0.91, 0.99, 0.97, 0.97, 0.92, 0.95, 0.96, 0.94, 0.97, 0.93, 0.96, 0.92, 0.95, 0.99, 0.89, 0.93, 0.95, 0.85, 0.95, 0.95, 0.93, 0.96, 0.97, 0.98, 0.91, 0.94, 0.88, 0.94, 0.92, 0.96, 0.91, 0.9, 0.97, 0.93, 0.94, 0.98, 0.98, 0.89, 0.96, 0.93, 0.94, 0.98, 0.95, 0.94, 0.95, 0.93, 0.97, 0.99, 0.91, 0.89, 0.89, 0.93, 0.91, 0.93, 0.9, 0.94, 0.98, 0.98, 0.93, 0.99]
0.927 0.091
after non-convergence runs
0.939 0.036
40
[0.97, 0.99, 0.99, 0.98, 0.46, 0.99, 0.8, 0.98, 0.98, 1.0, 1.0, 0.92, 0.93, 0.98, 0.92, 1.0, 0.99, 0.96, 0.94, 0.92, 0.96, 0.93, 0.99, 0.25, 0.93, 0.95, 0.99, 0.93, 0.97, 0.95, 0.91, 0.99, 0.94, 0.99, 0.99, 0.98, 1.0, 0.91, 0.97, 0.99, 1.0, 0.92, 1.0, 0.94, 1.0, 0.46, 0.98, 0.91, 0.99, 0.98, 0.99, 0.91, 0.91, 1.0, 0.99, 0.97, 1.0, 0.95, 0.99, 0.92, 0.99, 0.99, 0.93, 0.97, 0.99, 0.98, 0.96, 0.94, 0.99, 0.98, 0.99, 0.91, 0.98, 0.94, 0.99, 0.94, 0.99, 0.97, 0.96, 0.97, 1.0, 1.0, 1.0, 0.87, 0.95, 0.99, 0.92, 0.98, 0.99, 0.94, 0.99, 0.86, 1.0, 0.99, 1.0, 0.96, 0.99, 0.99, 0.98, 0.91]
0.947 0.106
after non-convergence runs
0.964 0.036
80
[1.0, 1.0, 1.0, 1.0, 0.99, 0.95, 0.98, 1.0, 1.0, 0.97, 0.99, 0.92, 0.89, 0.99, 0.99, 0.91, 0.99, 0.9, 1.0, 0.99, 1.0, 1.0, 1.0, 0.95, 1.0, 0.92, 1.0, 1.0, 1.0, 0.99, 0.99, 0.98, 0.98, 0.91, 0.99, 1.0, 1.0, 1.0, 0.98, 0.99, 1.0, 0.93, 0.93, 1.0, 0.99, 1.0, 0.85, 0.99, 0.99, 0.99, 1.0, 0.46, 0.99, 0.96, 0.99, 1.0, 1.0, 0.99, 0.99, 1.0, 1.0, 1.0, 1.0, 0.99, 0.94, 0.99, 0.9, 1.0, 1.0, 0.94, 1.0, 0.99, 0.99, 0.99, 0.99, 0.99, 0.93, 1.0, 0.85, 0.99, 0.92, 1.0, 0.99, 1.0, 0.98, 0.99, 0.95, 1.0, 0.98, 0.99, 0.91, 1.0, 0.92, 0.99, 1.0, 0.91, 0.99, 1.0, 1.0, 0.99]
0.972 0.062
after non-convergence runs
0.977 0.034
160
[1.0, 1.0, 0.99, 1.0, 1.0, 1.0, 0.99, 1.0, 0.91, 1.0, 1.0, 1.0, 1.0, 1.0, 1.0, 1.0, 1.0, 1.0, 1.0, 1.0, 1.0, 1.0, 1.0, 0.99, 1.0, 0.99, 1.0, 1.0, 1.0, 1.0, 1.0, 1.0, 0.99, 1.0, 0.99, 0.99, 1.0, 1.0, 1.0, 0.99, 1.0, 1.0, 0.99, 1.0, 0.97, 1.0, 1.0, 1.0, 1.0, 1.0, 1.0, 0.96, 0.99, 1.0, 0.99, 0.99, 1.0, 1.0, 0.99, 1.0, 1.0, 1.0, 1.0, 0.99, 1.0, 1.0, 1.0, 1.0, 0.91, 0.92, 1.0, 1.0, 1.0, 0.99, 1.0, 0.99, 1.0, 0.99, 0.98, 1.0, 1.0, 1.0, 1.0, 0.99, 1.0, 1.0, 0.99, 1.0, 1.0, 0.98, 1.0, 1.0, 1.0, 0.99, 0.99, 0.91, 1.0, 0.97, 0.9, 1.0]
0.992 0.02
320
[1.0, 1.0, 1.0, 0.99, 1.0, 1.0, 1.0, 1.0, 1.0, 0.99, 1.0, 1.0, 1.0, 1.0, 0.91, 1.0, 1.0, 1.0, 1.0, 0.98, 1.0, 0.91, 0.46, 1.0, 1.0, 1.0, 1.0, 1.0, 1.0, 0.99, 1.0, 1.0, 1.0, 1.0, 1.0, 1.0, 1.0, 1.0, 1.0, 0.99, 1.0, 1.0, 0.99, 1.0, 1.0, 1.0, 1.0, 1.0, 1.0, 1.0, 1.0, 1.0, 1.0, 1.0, 1.0, 1.0, 0.99, 1.0, 1.0, 1.0, 1.0, 1.0, 1.0, 1.0, 1.0, 1.0, 1.0, 1.0, 1.0, 1.0, 1.0, 0.99, 1.0, 0.99, 1.0, 1.0, 1.0, 1.0, 1.0, 1.0, 1.0, 1.0, 1.0, 1.0, 1.0, 1.0, 1.0, 1.0, 1.0, 1.0, 0.92, 1.0, 1.0, 1.0, 1.0, 0.99, 1.0, 1.0, 1.0, 0.98]
0.991 0.055
after non-convergence runs
0.996 0.015

double cf + input 
3
[0.91, 0.83, 0.77, 0.89, 0.86, 0.88, 0.87, 0.89, 0.89, 0.89, 0.83, 0.83, 0.86, 0.87, 0.84, 0.83, 0.84, 0.88, 0.89, 0.89, 0.87, 0.89, 0.89, 0.89, 0.84, 0.92, 0.83, 0.75, 0.86, 0.84, 0.9, 0.82, 0.84, 0.91, 0.78, 0.86, 0.88, 0.83, 0.92, 0.87, 0.83, 0.85, 0.83, 0.91, 0.88, 0.87, 0.89, 0.83, 0.86, 0.9, 0.92, 0.91, 0.89, 0.83, 0.87, 0.83, 0.83, 0.92, 0.84, 0.85, 0.9, 0.81, 0.94, 0.87, 0.85, 0.85, 0.84, 0.84, 0.74, 0.89, 0.76, 0.92, 0.91, 0.83, 0.8, 0.88, 0.82, 0.88, 0.93, 0.75, 0.89, 0.85, 0.9, 0.8, 0.83, 0.91, 0.88, 0.92, 0.84, 0.85, 0.88, 0.92, 0.85, 0.87, 0.83, 0.86, 0.89, 0.84, 0.9, 0.83]
0.861 0.041
5
[0.85, 0.88, 0.95, 0.88, 0.96, 0.88, 0.9, 0.91, 0.9, 0.91, 0.93, 0.87, 0.95, 0.83, 0.87, 0.89, 0.9, 0.89, 0.97, 0.94, 0.89, 0.93, 0.89, 0.98, 0.85, 0.91, 0.88, 0.93, 0.86, 0.83, 0.9, 0.87, 0.93, 0.91, 0.87, 0.9, 0.92, 0.91, 0.84, 0.83, 0.86, 0.98, 0.83, 0.91, 0.91, 0.84, 0.94, 0.93, 0.91, 0.95, 0.87, 0.83, 0.84, 0.91, 0.91, 0.93, 0.89, 0.92, 0.87, 0.88, 0.86, 0.86, 0.91, 0.93, 0.9, 0.92, 0.85, 0.89, 0.88, 0.87, 0.98, 0.79, 0.9, 0.87, 0.88, 0.89, 0.85, 0.92, 0.83, 0.9, 0.87, 0.91, 0.9, 0.92, 0.84, 0.87, 0.96, 0.83, 0.89, 0.9, 0.89, 0.91, 0.83, 0.9, 0.89, 0.89, 0.89, 0.83, 0.84, 0.91]
0.892 0.038
10
[0.91, 0.88, 0.94, 0.87, 0.97, 0.85, 0.88, 0.89, 0.9, 0.9, 0.84, 0.86, 0.92, 0.93, 0.98, 0.99, 0.94, 0.96, 0.98, 0.99, 0.99, 0.99, 0.91, 1.0, 0.88, 0.92, 0.99, 0.93, 0.94, 1.0, 0.96, 1.0, 0.92, 0.93, 0.83, 0.91, 0.94, 0.98, 0.93, 0.98, 0.98, 0.86, 0.91, 0.94, 0.9, 0.97, 0.96, 0.85, 0.92, 0.89, 0.92, 0.91, 0.87, 0.97, 0.94, 0.9, 0.86, 0.99, 0.92, 0.92, 0.98, 0.93, 0.96, 0.94, 0.92, 0.87, 0.94, 0.9, 0.91, 0.9, 0.94, 0.9, 0.89, 0.88, 0.99, 0.91, 0.91, 0.98, 0.93, 0.92, 0.46, 0.89, 0.9, 0.84, 0.93, 0.91, 0.97, 0.94, 0.95, 0.91, 0.97, 0.92, 0.95, 0.93, 0.91, 0.92, 0.91, 0.89, 0.99, 0.97]
0.922 0.062
remove non-convergence runs
0.927 0.04
20
[0.99, 0.91, 0.92, 0.93, 0.92, 0.9, 0.91, 0.94, 0.88, 0.93, 1.0, 0.99, 0.93, 0.9, 0.88, 0.94, 0.97, 0.92, 1.0, 0.99, 0.9, 0.94, 0.99, 0.92, 0.94, 0.98, 0.92, 0.99, 0.98, 0.9, 0.87, 0.89, 0.98, 0.91, 0.93, 0.94, 0.94, 0.93, 0.94, 0.99, 0.93, 0.99, 0.99, 0.91, 0.9, 0.99, 0.98, 0.97, 0.96, 0.98, 0.92, 0.99, 0.95, 0.99, 0.93, 0.9, 0.92, 0.9, 0.91, 0.92, 0.88, 0.93, 0.86, 0.94, 0.99, 0.99, 0.94, 0.97, 0.99, 0.99, 0.99, 0.99, 0.97, 0.99, 0.94, 0.99, 0.94, 0.91, 0.93, 0.92, 0.93, 0.9, 0.99, 0.88, 0.89, 0.99, 0.92, 0.94, 0.98, 0.99, 0.98, 0.99, 0.93, 0.99, 0.92, 0.93, 0.96, 0.94, 0.94, 0.93]
0.944 0.037
40
[0.94, 0.97, 0.95, 0.99, 0.99, 0.93, 0.96, 0.91, 0.91, 0.97, 0.95, 0.99, 0.99, 0.97, 0.94, 0.92, 0.92, 0.89, 0.99, 0.99, 0.94, 0.93, 1.0, 1.0, 0.99, 0.88, 0.92, 0.99, 0.93, 0.87, 0.99, 0.91, 0.93, 0.99, 0.98, 0.92, 1.0, 0.94, 1.0, 0.99, 0.98, 0.95, 1.0, 0.9, 0.99, 0.93, 0.94, 0.99, 0.92, 0.92, 0.99, 0.9, 0.99, 0.92, 0.93, 0.99, 0.92, 0.99, 0.99, 0.99, 0.94, 1.0, 0.98, 0.93, 0.99, 0.92, 0.99, 0.93, 0.94, 1.0, 0.99, 0.89, 0.93, 0.88, 0.89, 0.99, 0.96, 0.92, 1.0, 0.99, 0.92, 0.93, 0.92, 1.0, 0.96, 0.98, 0.89, 0.99, 0.99, 0.98, 0.99, 0.93, 1.0, 0.99, 0.92, 0.99, 0.99, 0.99, 0.98, 1.0]
0.957 0.037
80
[1.0, 1.0, 0.91, 1.0, 1.0, 1.0, 0.94, 0.99, 0.99, 0.94, 0.94, 0.99, 0.91, 0.97, 0.99, 0.99, 0.91, 1.0, 1.0, 0.99, 0.93, 0.89, 1.0, 1.0, 0.99, 1.0, 0.93, 0.99, 0.93, 0.95, 1.0, 1.0, 1.0, 0.89, 1.0, 1.0, 0.99, 0.91, 0.9, 0.91, 0.99, 0.99, 0.92, 1.0, 0.93, 0.94, 0.99, 1.0, 1.0, 0.99, 0.99, 1.0, 0.94, 1.0, 0.94, 1.0, 1.0, 0.93, 0.91, 1.0, 1.0, 0.94, 0.93, 0.94, 0.95, 1.0, 1.0, 0.98, 1.0, 1.0, 0.93, 0.99, 1.0, 0.93, 0.94, 0.99, 0.91, 1.0, 0.93, 1.0, 1.0, 0.99, 0.94, 1.0, 0.94, 0.97, 0.99, 0.99, 1.0, 0.94, 0.89, 0.99, 0.99, 0.94, 0.96, 0.97, 1.0, 0.91, 1.0, 0.99]
0.969 0.035
160
[0.94, 1.0, 1.0, 1.0, 0.94, 0.94, 1.0, 0.91, 0.97, 1.0, 1.0, 1.0, 1.0, 0.94, 1.0, 1.0, 0.99, 1.0, 0.94, 0.99, 1.0, 1.0, 0.99, 0.94, 1.0, 0.93, 0.94, 0.93, 1.0, 1.0, 1.0, 1.0, 0.94, 0.94, 1.0, 1.0, 1.0, 1.0, 1.0, 1.0, 0.91, 0.99, 1.0, 1.0, 1.0, 0.99, 1.0, 1.0, 1.0, 1.0, 0.94, 1.0, 1.0, 0.9, 1.0, 1.0, 0.99, 1.0, 1.0, 0.94, 1.0, 0.99, 0.94, 1.0, 1.0, 1.0, 0.95, 1.0, 0.99, 1.0, 0.99, 0.95, 1.0, 0.94, 1.0, 0.99, 1.0, 0.99, 0.94, 0.99, 1.0, 0.92, 1.0, 0.94, 0.94, 1.0, 0.94, 0.99, 0.99, 0.99, 1.0, 0.94, 1.0, 1.0, 0.99, 1.0, 1.0, 0.99, 1.0, 0.9]
0.98 0.029
320
[1.0, 1.0, 1.0, 0.93, 0.94, 0.94, 0.94, 1.0, 1.0, 1.0, 1.0, 1.0, 0.92, 1.0, 0.88, 1.0, 1.0, 0.97, 1.0, 0.99, 0.99, 0.99, 0.99, 1.0, 1.0, 1.0, 0.99, 1.0, 1.0, 1.0, 0.94, 1.0, 0.99, 1.0, 0.96, 1.0, 1.0, 1.0, 0.94, 1.0, 1.0, 1.0, 0.94, 1.0, 1.0, 1.0, 1.0, 1.0, 1.0, 1.0, 0.99, 0.99, 1.0, 1.0, 1.0, 1.0, 0.84, 0.93, 1.0, 1.0, 1.0, 0.99, 1.0, 1.0, 1.0, 0.99, 1.0, 1.0, 0.99, 1.0, 0.99, 0.99, 1.0, 1.0, 1.0, 1.0, 1.0, 1.0, 1.0, 1.0, 1.0, 1.0, 1.0, 1.0, 0.99, 1.0, 0.92, 1.0, 1.0, 1.0, 1.0, 1.0, 0.94, 1.0, 1.0, 1.0, 1.0, 1.0, 0.94, 1.0]
0.987 0.028
