double CF L2 distance
3
[0.921, 0.869, 0.915, 0.876, 0.898, 0.887, 0.884, 0.898, 0.916, 0.905, 0.876, 0.905, 0.927, 0.905, 0.895, 0.874, 0.902, 0.883, 0.928, 0.854, 0.898, 0.897, 0.906, 0.899, 0.871, 0.882, 0.878, 0.898, 0.896, 0.92, 0.931, 0.885, 0.895, 0.863, 0.91, 0.83, 0.865, 0.902, 0.9, 0.889, 0.895, 0.888, 0.874, 0.856, 0.907, 0.916, 0.902, 0.917, 0.896, 0.887, 0.903, 0.913, 0.872, 0.892, 0.908, 0.871, 0.875, 0.937, 0.86, 0.894, 0.87, 0.922, 0.909, 0.874, 0.888, 0.911, 0.888, 0.85, 0.898, 0.888, 0.94, 0.881, 0.883, 0.908, 0.862, 0.853, 0.931, 0.859, 0.926, 0.883, 0.884, 0.856, 0.856, 0.924, 0.872, 0.901, 0.898, 0.92, 0.914, 0.861, 0.887, 0.911, 0.844, 0.893, 0.911, 0.861, 0.863, 0.877, 0.871, 0.873]
0.891 0.023
5
[0.925, 0.92, 0.906, 0.917, 0.88, 0.918, 0.903, 0.9, 0.889, 0.923, 0.926, 0.904, 0.886, 0.876, 0.931, 0.919, 0.913, 0.928, 0.888, 0.899, 0.921, 0.858, 0.898, 0.881, 0.919, 0.878, 0.878, 0.917, 0.931, 0.912, 0.912, 0.929, 0.905, 0.904, 0.882, 0.877, 0.891, 0.922, 0.857, 0.923, 0.905, 0.903, 0.925, 0.884, 0.876, 0.904, 0.929, 0.926, 0.883, 0.906, 0.912, 0.934, 0.857, 0.905, 0.889, 0.895, 0.921, 0.905, 0.931, 0.863, 0.933, 0.923, 0.897, 0.935, 0.915, 0.875, 0.896, 0.916, 0.919, 0.935, 0.926, 0.924, 0.911, 0.89, 0.885, 0.878, 0.89, 0.923, 0.902, 0.895, 0.9, 0.907, 0.849, 0.896, 0.925, 0.922, 0.907, 0.925, 0.9, 0.887, 0.931, 0.937, 0.883, 0.899, 0.886, 0.891, 0.916, 0.926, 0.918, 0.885]
0.905 0.02
10
[0.922, 0.931, 0.944, 0.915, 0.929, 0.936, 0.9, 0.934, 0.912, 0.889, 0.932, 0.909, 0.93, 0.918, 0.934, 0.924, 0.923, 0.932, 0.92, 0.908, 0.904, 0.902, 0.923, 0.925, 0.891, 0.904, 0.909, 0.934, 0.906, 0.925, 0.91, 0.913, 0.915, 0.917, 0.95, 0.894, 0.913, 0.929, 0.921, 0.918, 0.927, 0.927, 0.907, 0.904, 0.94, 0.935, 0.913, 0.908, 0.911, 0.924, 0.919, 0.945, 0.914, 0.94, 0.925, 0.895, 0.93, 0.902, 0.945, 0.926, 0.928, 0.905, 0.907, 0.897, 0.921, 0.927, 0.932, 0.934, 0.912, 0.9, 0.919, 0.908, 0.929, 0.921, 0.937, 0.949, 0.889, 0.904, 0.938, 0.897, 0.923, 0.931, 0.935, 0.93, 0.904, 0.923, 0.926, 0.902, 0.887, 0.911, 0.917, 0.921, 0.871, 0.927, 0.906, 0.909, 0.919, 0.889, 0.938, 0.93]
0.918 0.015
20
[0.932, 0.943, 0.94, 0.927, 0.934, 0.943, 0.945, 0.944, 0.939, 0.929, 0.939, 0.941, 0.924, 0.905, 0.936, 0.935, 0.934, 0.926, 0.92, 0.909, 0.92, 0.941, 0.932, 0.94, 0.9, 0.946, 0.943, 0.95, 0.943, 0.931, 0.927, 0.938, 0.917, 0.948, 0.927, 0.93, 0.927, 0.935, 0.947, 0.941, 0.927, 0.923, 0.93, 0.934, 0.914, 0.95, 0.939, 0.929, 0.907, 0.925, 0.931, 0.912, 0.904, 0.92, 0.927, 0.959, 0.94, 0.911, 0.919, 0.913, 0.946, 0.917, 0.95, 0.933, 0.928, 0.923, 0.933, 0.953, 0.906, 0.899, 0.939, 0.916, 0.933, 0.935, 0.927, 0.938, 0.94, 0.929, 0.937, 0.937, 0.938, 0.915, 0.939, 0.945, 0.941, 0.942, 0.922, 0.942, 0.927, 0.924, 0.941, 0.941, 0.907, 0.92, 0.938, 0.953, 0.938, 0.914, 0.93, 0.935]
0.931 0.013
40
[0.952, 0.926, 0.959, 0.956, 0.931, 0.953, 0.941, 0.952, 0.961, 0.931, 0.92, 0.947, 0.939, 0.95, 0.948, 0.936, 0.945, 0.935, 0.959, 0.939, 0.956, 0.942, 0.958, 0.956, 0.944, 0.94, 0.937, 0.948, 0.935, 0.959, 0.938, 0.944, 0.949, 0.939, 0.947, 0.95, 0.947, 0.941, 0.946, 0.952, 0.948, 0.948, 0.943, 0.946, 0.939, 0.948, 0.959, 0.939, 0.952, 0.943, 0.942, 0.941, 0.942, 0.933, 0.94, 0.931, 0.944, 0.928, 0.947, 0.945, 0.949, 0.939, 0.966, 0.952, 0.942, 0.958, 0.932, 0.934, 0.953, 0.948, 0.942, 0.94, 0.951, 0.951, 0.932, 0.946, 0.958, 0.956, 0.95, 0.966, 0.939, 0.94, 0.951, 0.948, 0.946, 0.956, 0.945, 0.91, 0.94, 0.951, 0.931, 0.952, 0.943, 0.947, 0.948, 0.954, 0.946, 0.937, 0.95, 0.95]
0.945 0.009
80
[0.952, 0.948, 0.957, 0.961, 0.949, 0.951, 0.951, 0.95, 0.955, 0.949, 0.963, 0.951, 0.953, 0.953, 0.963, 0.951, 0.945, 0.948, 0.974, 0.928, 0.957, 0.954, 0.958, 0.956, 0.962, 0.958, 0.954, 0.958, 0.942, 0.958, 0.953, 0.952, 0.958, 0.961, 0.964, 0.94, 0.946, 0.945, 0.958, 0.945, 0.954, 0.959, 0.953, 0.936, 0.958, 0.969, 0.948, 0.96, 0.948, 0.95, 0.955, 0.954, 0.951, 0.945, 0.968, 0.943, 0.955, 0.948, 0.968, 0.953, 0.956, 0.941, 0.958, 0.958, 0.964, 0.959, 0.945, 0.951, 0.962, 0.962, 0.957, 0.951, 0.953, 0.96, 0.961, 0.929, 0.945, 0.948, 0.936, 0.956, 0.954, 0.942, 0.953, 0.953, 0.96, 0.948, 0.944, 0.952, 0.942, 0.942, 0.946, 0.932, 0.95, 0.954, 0.928, 0.966, 0.941, 0.942, 0.958, 0.953]
0.952 0.009
160
[0.952, 0.967, 0.965, 0.957, 0.96, 0.953, 0.964, 0.964, 0.959, 0.965, 0.954, 0.929, 0.952, 0.96, 0.953, 0.95, 0.957, 0.95, 0.953, 0.958, 0.961, 0.917, 0.957, 0.953, 0.932, 0.954, 0.946, 0.962, 0.921, 0.958, 0.961, 0.948, 0.964, 0.934, 0.958, 0.964, 0.96, 0.965, 0.968, 0.959, 0.964, 0.957, 0.952, 0.948, 0.952, 0.963, 0.958, 0.953, 0.957, 0.962, 0.958, 0.961, 0.949, 0.958, 0.94, 0.958, 0.941, 0.962, 0.967, 0.946, 0.956, 0.949, 0.959, 0.964, 0.961, 0.96, 0.961, 0.955, 0.97, 0.944, 0.967, 0.957, 0.953, 0.95, 0.942, 0.964, 0.953, 0.955, 0.96, 0.95, 0.962, 0.959, 0.966, 0.963, 0.953, 0.955, 0.962, 0.961, 0.884, 0.96, 0.943, 0.935, 0.953, 0.96, 0.954, 0.965, 0.951, 0.957, 0.956, 0.958]
0.955 0.012
320
[0.955, 0.952, 0.954, 0.96, 0.96, 0.959, 0.948, 0.95, 0.931, 0.941, 0.954, 0.957, 0.929, 0.955, 0.966, 0.951, 0.945, 0.96, 0.968, 0.959, 0.956, 0.964, 0.949, 0.963, 0.955, 0.97, 0.961, 0.967, 0.955, 0.959, 0.974, 0.959, 0.919, 0.953, 0.946, 0.954, 0.951, 0.96, 0.971, 0.941, 0.954, 0.959, 0.954, 0.952, 0.972, 0.959, 0.959, 0.962, 0.94, 0.934, 0.963, 0.951, 0.961, 0.952, 0.953, 0.961, 0.959, 0.958, 0.953, 0.962, 0.962, 0.969, 0.963, 0.929, 0.962, 0.964, 0.964, 0.961, 0.951, 0.95, 0.948, 0.955, 0.967, 0.954, 0.929, 0.961, 0.947, 0.943, 0.944, 0.959, 0.96, 0.964, 0.96, 0.96, 0.942, 0.949, 0.946, 0.947, 0.958, 0.953, 0.947, 0.962, 0.966, 0.942, 0.932, 0.959, 0.95, 0.961, 0.961, 0.932]
0.954 0.01
640
[0.961, 0.95, 0.961, 0.969, 0.961, 0.959, 0.953, 0.92, 0.938, 0.948, 0.96, 0.968, 0.966, 0.956, 0.958, 0.971, 0.953, 0.954, 0.956, 0.964, 0.954, 0.958, 0.96, 0.947, 0.955, 0.961, 0.949, 0.965, 0.962, 0.953, 0.95, 0.955, 0.924, 0.957, 0.956, 0.937, 0.944, 0.934, 0.957, 0.959, 0.954, 0.968, 0.953, 0.901, 0.934, 0.948, 0.949, 0.957, 0.947, 0.963, 0.968, 0.939, 0.964, 0.922, 0.887, 0.958, 0.955, 0.956, 0.937, 0.943, 0.956, 0.941, 0.963, 0.948, 0.952, 0.961, 0.96, 0.957, 0.91, 0.935, 0.941, 0.895, 0.954, 0.953, 0.941, 0.955, 0.966, 0.961, 0.964, 0.947, 0.942, 0.953, 0.95, 0.955, 0.908, 0.919, 0.905, 0.967, 0.952, 0.963, 0.945, 0.962, 0.913, 0.938, 0.938, 0.921, 0.952, 0.954, 0.943, 0.951]
0.949 0.017

double CF L1 distance
3
[0.908, 0.925, 0.907, 0.911, 0.895, 0.899, 0.919, 0.891, 0.878, 0.877, 0.875, 0.844, 0.903, 0.897, 0.908, 0.862, 0.863, 0.828, 0.877, 0.927, 0.876, 0.89, 0.921, 0.907, 0.854, 0.833, 0.904, 0.899, 0.878, 0.842, 0.909, 0.917, 0.837, 0.889, 0.908, 0.899, 0.858, 0.888, 0.869, 0.916, 0.907, 0.903, 0.83, 0.851, 0.898, 0.912, 0.931, 0.866, 0.922, 0.88, 0.919, 0.873, 0.885, 0.934, 0.897, 0.868, 0.852, 0.822, 0.868, 0.94, 0.892, 0.931, 0.932, 0.896, 0.898, 0.899, 0.913, 0.919, 0.918, 0.916, 0.859, 0.901, 0.911, 0.868, 0.911, 0.893, 0.905, 0.876, 0.916, 0.887, 0.889, 0.929, 0.863, 0.851, 0.879, 0.885, 0.914, 0.877, 0.883, 0.902, 0.915, 0.918, 0.919, 0.913, 0.895, 0.903, 0.887, 0.884, 0.918, 0.866]
0.892 0.026
5
[0.899, 0.944, 0.902, 0.856, 0.913, 0.887, 0.921, 0.878, 0.918, 0.909, 0.879, 0.888, 0.897, 0.835, 0.924, 0.913, 0.884, 0.922, 0.909, 0.919, 0.928, 0.871, 0.913, 0.882, 0.891, 0.937, 0.896, 0.896, 0.902, 0.889, 0.856, 0.86, 0.904, 0.915, 0.89, 0.921, 0.89, 0.871, 0.912, 0.946, 0.923, 0.922, 0.878, 0.945, 0.876, 0.877, 0.933, 0.905, 0.899, 0.934, 0.905, 0.899, 0.89, 0.899, 0.931, 0.904, 0.915, 0.911, 0.92, 0.94, 0.884, 0.941, 0.9, 0.903, 0.9, 0.915, 0.926, 0.911, 0.861, 0.908, 0.923, 0.921, 0.891, 0.899, 0.908, 0.888, 0.933, 0.895, 0.9, 0.887, 0.883, 0.871, 0.912, 0.899, 0.893, 0.874, 0.921, 0.866, 0.91, 0.912, 0.919, 0.912, 0.886, 0.892, 0.912, 0.918, 0.879, 0.863, 0.895, 0.886]
0.902 0.022
10
[0.918, 0.929, 0.927, 0.916, 0.934, 0.928, 0.929, 0.922, 0.927, 0.939, 0.927, 0.919, 0.921, 0.913, 0.949, 0.923, 0.914, 0.909, 0.904, 0.92, 0.925, 0.933, 0.924, 0.915, 0.936, 0.921, 0.947, 0.91, 0.914, 0.916, 0.914, 0.917, 0.929, 0.948, 0.897, 0.918, 0.938, 0.912, 0.918, 0.913, 0.928, 0.936, 0.899, 0.861, 0.922, 0.932, 0.945, 0.931, 0.912, 0.936, 0.908, 0.919, 0.937, 0.917, 0.924, 0.919, 0.935, 0.925, 0.938, 0.926, 0.903, 0.914, 0.907, 0.91, 0.936, 0.902, 0.937, 0.942, 0.885, 0.922, 0.89, 0.911, 0.929, 0.93, 0.919, 0.932, 0.858, 0.935, 0.915, 0.918, 0.928, 0.936, 0.91, 0.918, 0.918, 0.924, 0.904, 0.902, 0.937, 0.93, 0.916, 0.941, 0.932, 0.923, 0.909, 0.88, 0.935, 0.907, 0.929, 0.946]
0.921 0.016
20
[0.93, 0.95, 0.931, 0.935, 0.931, 0.934, 0.903, 0.926, 0.919, 0.941, 0.945, 0.926, 0.93, 0.924, 0.944, 0.93, 0.929, 0.929, 0.947, 0.938, 0.933, 0.947, 0.92, 0.945, 0.947, 0.928, 0.936, 0.926, 0.929, 0.948, 0.932, 0.925, 0.932, 0.939, 0.947, 0.939, 0.943, 0.941, 0.94, 0.943, 0.939, 0.944, 0.938, 0.941, 0.932, 0.947, 0.93, 0.924, 0.942, 0.939, 0.933, 0.91, 0.931, 0.919, 0.939, 0.932, 0.936, 0.921, 0.94, 0.94, 0.913, 0.934, 0.928, 0.947, 0.934, 0.913, 0.946, 0.942, 0.942, 0.925, 0.929, 0.933, 0.941, 0.936, 0.93, 0.942, 0.935, 0.928, 0.934, 0.944, 0.944, 0.949, 0.954, 0.938, 0.934, 0.94, 0.934, 0.953, 0.924, 0.923, 0.948, 0.933, 0.941, 0.953, 0.926, 0.929, 0.933, 0.942, 0.924, 0.94]
0.935 0.01
40
[0.946, 0.951, 0.932, 0.938, 0.947, 0.947, 0.947, 0.948, 0.94, 0.938, 0.946, 0.954, 0.956, 0.934, 0.939, 0.953, 0.951, 0.943, 0.947, 0.935, 0.931, 0.949, 0.952, 0.943, 0.948, 0.945, 0.95, 0.942, 0.923, 0.918, 0.937, 0.938, 0.921, 0.945, 0.944, 0.951, 0.956, 0.953, 0.935, 0.929, 0.963, 0.939, 0.925, 0.937, 0.944, 0.94, 0.94, 0.945, 0.945, 0.933, 0.959, 0.945, 0.95, 0.937, 0.952, 0.937, 0.933, 0.947, 0.943, 0.943, 0.953, 0.944, 0.942, 0.946, 0.94, 0.935, 0.944, 0.933, 0.944, 0.947, 0.935, 0.941, 0.947, 0.96, 0.952, 0.942, 0.945, 0.949, 0.952, 0.944, 0.929, 0.93, 0.957, 0.945, 0.949, 0.952, 0.929, 0.926, 0.959, 0.942, 0.942, 0.935, 0.943, 0.94, 0.945, 0.936, 0.952, 0.943, 0.954, 0.943]
0.943 0.009
80
[0.961, 0.953, 0.948, 0.945, 0.949, 0.967, 0.961, 0.944, 0.955, 0.954, 0.942, 0.961, 0.947, 0.956, 0.952, 0.961, 0.94, 0.942, 0.947, 0.955, 0.97, 0.943, 0.953, 0.939, 0.949, 0.955, 0.961, 0.96, 0.95, 0.953, 0.941, 0.962, 0.949, 0.963, 0.946, 0.968, 0.95, 0.963, 0.971, 0.954, 0.953, 0.946, 0.954, 0.95, 0.961, 0.954, 0.952, 0.952, 0.953, 0.966, 0.962, 0.958, 0.959, 0.949, 0.933, 0.952, 0.949, 0.945, 0.951, 0.949, 0.945, 0.954, 0.939, 0.961, 0.949, 0.952, 0.962, 0.958, 0.943, 0.939, 0.95, 0.945, 0.951, 0.952, 0.948, 0.955, 0.953, 0.94, 0.941, 0.947, 0.963, 0.939, 0.953, 0.947, 0.949, 0.952, 0.948, 0.955, 0.945, 0.964, 0.954, 0.954, 0.943, 0.948, 0.949, 0.953, 0.953, 0.965, 0.954, 0.964]
0.952 0.008
160
[0.957, 0.966, 0.966, 0.96, 0.964, 0.961, 0.97, 0.958, 0.953, 0.957, 0.96, 0.955, 0.963, 0.964, 0.964, 0.969, 0.952, 0.96, 0.951, 0.955, 0.968, 0.954, 0.947, 0.97, 0.962, 0.965, 0.967, 0.967, 0.951, 0.944, 0.942, 0.955, 0.963, 0.959, 0.965, 0.959, 0.943, 0.954, 0.947, 0.96, 0.965, 0.957, 0.961, 0.951, 0.969, 0.963, 0.967, 0.961, 0.947, 0.957, 0.966, 0.961, 0.962, 0.958, 0.971, 0.97, 0.962, 0.952, 0.946, 0.951, 0.965, 0.956, 0.944, 0.957, 0.96, 0.961, 0.968, 0.947, 0.95, 0.972, 0.96, 0.952, 0.957, 0.973, 0.951, 0.951, 0.961, 0.966, 0.965, 0.961, 0.956, 0.956, 0.957, 0.958, 0.954, 0.961, 0.967, 0.956, 0.954, 0.958, 0.96, 0.971, 0.96, 0.955, 0.958, 0.963, 0.956, 0.96, 0.949, 0.953]
0.959 0.007
320
[0.973, 0.967, 0.974, 0.966, 0.969, 0.93, 0.969, 0.957, 0.964, 0.955, 0.963, 0.966, 0.961, 0.965, 0.967, 0.962, 0.968, 0.966, 0.963, 0.955, 0.967, 0.957, 0.97, 0.962, 0.974, 0.968, 0.963, 0.954, 0.974, 0.965, 0.973, 0.958, 0.961, 0.951, 0.958, 0.968, 0.973, 0.956, 0.974, 0.973, 0.951, 0.947, 0.963, 0.969, 0.966, 0.953, 0.963, 0.959, 0.95, 0.97, 0.965, 0.963, 0.952, 0.969, 0.946, 0.96, 0.961, 0.964, 0.966, 0.954, 0.962, 0.964, 0.963, 0.97, 0.968, 0.964, 0.962, 0.968, 0.965, 0.933, 0.962, 0.958, 0.964, 0.97, 0.947, 0.969, 0.965, 0.964, 0.967, 0.963, 0.973, 0.961, 0.956, 0.958, 0.967, 0.967, 0.961, 0.958, 0.956, 0.968, 0.957, 0.953, 0.971, 0.972, 0.969, 0.947, 0.966, 0.961, 0.975, 0.97]
0.963 0.008
640
[0.969, 0.977, 0.956, 0.975, 0.967, 0.974, 0.974, 0.959, 0.965, 0.972, 0.972, 0.957, 0.964, 0.957, 0.972, 0.974, 0.973, 0.966, 0.964, 0.977, 0.981, 0.966, 0.969, 0.972, 0.975, 0.962, 0.967, 0.97, 0.961, 0.973, 0.972, 0.97, 0.971, 0.971, 0.974, 0.967, 0.97, 0.961, 0.966, 0.962, 0.964, 0.97, 0.974, 0.974, 0.966, 0.958, 0.959, 0.969, 0.966, 0.965, 0.972, 0.97, 0.963, 0.972, 0.971, 0.954, 0.974, 0.972, 0.972, 0.969, 0.961, 0.968, 0.973, 0.973, 0.949, 0.957, 0.963, 0.969, 0.966, 0.976, 0.972, 0.976, 0.974, 0.965, 0.968, 0.971, 0.972, 0.973, 0.973, 0.967, 0.97, 0.969, 0.962, 0.963, 0.959, 0.965, 0.964, 0.964, 0.96, 0.964, 0.968, 0.972, 0.973, 0.972, 0.969, 0.97, 0.972, 0.962, 0.971, 0.969]
0.968 0.006

double CF MAD
3
[0.895, 0.888, 0.868, 0.9, 0.875, 0.887, 0.906, 0.866, 0.838, 0.886, 0.875, 0.894, 0.89, 0.89, 0.875, 0.871, 0.888, 0.884, 0.885, 0.896, 0.882, 0.841, 0.911, 0.926, 0.891, 0.893, 0.865, 0.863, 0.92, 0.832, 0.888, 0.885, 0.855, 0.909, 0.879, 0.841, 0.87, 0.928, 0.921, 0.853, 0.903, 0.881, 0.852, 0.859, 0.925, 0.835, 0.851, 0.86, 0.849, 0.878, 0.909, 0.916, 0.885, 0.907, 0.882, 0.79, 0.866, 0.884, 0.901, 0.903, 0.905, 0.905, 0.883, 0.779, 0.9, 0.875, 0.91, 0.882, 0.837, 0.906, 0.857, 0.911, 0.881, 0.871, 0.882, 0.895, 0.914, 0.87, 0.855, 0.866, 0.852, 0.88, 0.867, 0.876, 0.879, 0.885, 0.882, 0.938, 0.914, 0.825, 0.885, 0.867, 0.86, 0.875, 0.845, 0.869, 0.91, 0.896, 0.879, 0.898]
0.88 0.027
5
[0.903, 0.861, 0.885, 0.893, 0.943, 0.898, 0.92, 0.926, 0.911, 0.921, 0.923, 0.873, 0.915, 0.882, 0.895, 0.9, 0.873, 0.905, 0.897, 0.871, 0.909, 0.875, 0.892, 0.881, 0.859, 0.852, 0.896, 0.934, 0.921, 0.894, 0.914, 0.908, 0.926, 0.891, 0.892, 0.872, 0.899, 0.892, 0.9, 0.903, 0.906, 0.907, 0.902, 0.882, 0.897, 0.858, 0.888, 0.898, 0.891, 0.919, 0.899, 0.921, 0.925, 0.875, 0.884, 0.904, 0.935, 0.892, 0.911, 0.849, 0.898, 0.892, 0.905, 0.922, 0.895, 0.859, 0.919, 0.855, 0.925, 0.914, 0.909, 0.895, 0.88, 0.927, 0.899, 0.912, 0.927, 0.894, 0.886, 0.926, 0.922, 0.931, 0.904, 0.899, 0.901, 0.889, 0.918, 0.904, 0.907, 0.936, 0.916, 0.877, 0.908, 0.882, 0.911, 0.903, 0.918, 0.938, 0.897, 0.907]
0.901 0.02
10
[0.952, 0.919, 0.921, 0.924, 0.926, 0.917, 0.92, 0.931, 0.94, 0.914, 0.92, 0.931, 0.942, 0.916, 0.941, 0.928, 0.925, 0.923, 0.95, 0.918, 0.92, 0.91, 0.918, 0.927, 0.933, 0.925, 0.947, 0.934, 0.927, 0.921, 0.931, 0.922, 0.938, 0.931, 0.926, 0.913, 0.925, 0.916, 0.931, 0.941, 0.919, 0.935, 0.925, 0.919, 0.913, 0.932, 0.924, 0.926, 0.906, 0.934, 0.914, 0.91, 0.872, 0.931, 0.9, 0.926, 0.931, 0.9, 0.902, 0.928, 0.904, 0.929, 0.931, 0.904, 0.931, 0.921, 0.945, 0.923, 0.915, 0.892, 0.923, 0.952, 0.911, 0.919, 0.944, 0.945, 0.935, 0.918, 0.928, 0.93, 0.937, 0.936, 0.918, 0.901, 0.938, 0.917, 0.938, 0.94, 0.923, 0.926, 0.932, 0.929, 0.939, 0.931, 0.877, 0.921, 0.902, 0.949, 0.89, 0.912]
0.924 0.015
20
[0.949, 0.952, 0.946, 0.943, 0.94, 0.956, 0.937, 0.932, 0.932, 0.946, 0.947, 0.931, 0.92, 0.94, 0.945, 0.95, 0.952, 0.948, 0.935, 0.948, 0.935, 0.945, 0.944, 0.932, 0.939, 0.926, 0.944, 0.939, 0.94, 0.955, 0.91, 0.945, 0.951, 0.942, 0.93, 0.947, 0.952, 0.95, 0.944, 0.942, 0.948, 0.944, 0.945, 0.914, 0.934, 0.947, 0.953, 0.955, 0.956, 0.931, 0.953, 0.957, 0.955, 0.95, 0.927, 0.948, 0.911, 0.941, 0.945, 0.943, 0.928, 0.949, 0.936, 0.942, 0.951, 0.932, 0.94, 0.95, 0.946, 0.957, 0.955, 0.934, 0.94, 0.953, 0.951, 0.933, 0.959, 0.934, 0.926, 0.941, 0.945, 0.933, 0.925, 0.951, 0.946, 0.953, 0.954, 0.944, 0.964, 0.934, 0.938, 0.949, 0.944, 0.945, 0.931, 0.951, 0.922, 0.935, 0.932, 0.946]
0.942 0.01
40
[0.962, 0.945, 0.96, 0.95, 0.938, 0.951, 0.954, 0.942, 0.954, 0.941, 0.952, 0.956, 0.938, 0.945, 0.958, 0.956, 0.937, 0.941, 0.934, 0.95, 0.953, 0.955, 0.958, 0.951, 0.944, 0.947, 0.958, 0.94, 0.936, 0.953, 0.956, 0.942, 0.956, 0.957, 0.953, 0.955, 0.94, 0.964, 0.937, 0.939, 0.944, 0.95, 0.954, 0.958, 0.946, 0.938, 0.936, 0.946, 0.937, 0.952, 0.938, 0.952, 0.941, 0.945, 0.953, 0.95, 0.945, 0.957, 0.941, 0.944, 0.955, 0.941, 0.946, 0.942, 0.953, 0.951, 0.95, 0.96, 0.944, 0.943, 0.956, 0.934, 0.942, 0.952, 0.967, 0.939, 0.953, 0.945, 0.954, 0.956, 0.934, 0.948, 0.945, 0.962, 0.963, 0.947, 0.942, 0.935, 0.959, 0.948, 0.954, 0.956, 0.955, 0.934, 0.952, 0.959, 0.947, 0.949, 0.968, 0.96]
0.949 0.008
80
[0.949, 0.954, 0.96, 0.946, 0.948, 0.95, 0.964, 0.939, 0.947, 0.96, 0.949, 0.963, 0.952, 0.961, 0.946, 0.955, 0.944, 0.952, 0.952, 0.953, 0.953, 0.959, 0.951, 0.95, 0.94, 0.956, 0.963, 0.959, 0.947, 0.954, 0.951, 0.946, 0.957, 0.949, 0.966, 0.952, 0.956, 0.955, 0.966, 0.948, 0.957, 0.961, 0.958, 0.946, 0.954, 0.964, 0.951, 0.961, 0.96, 0.955, 0.953, 0.962, 0.953, 0.958, 0.955, 0.951, 0.963, 0.948, 0.943, 0.966, 0.954, 0.948, 0.946, 0.956, 0.965, 0.958, 0.964, 0.966, 0.949, 0.957, 0.957, 0.95, 0.958, 0.963, 0.95, 0.949, 0.956, 0.956, 0.959, 0.961, 0.948, 0.951, 0.955, 0.951, 0.961, 0.951, 0.945, 0.949, 0.954, 0.965, 0.941, 0.954, 0.948, 0.946, 0.96, 0.96, 0.953, 0.95, 0.958, 0.949]
0.954 0.006
160
[0.954, 0.963, 0.952, 0.958, 0.967, 0.961, 0.964, 0.962, 0.958, 0.964, 0.97, 0.95, 0.954, 0.957, 0.959, 0.954, 0.957, 0.96, 0.951, 0.955, 0.961, 0.958, 0.956, 0.953, 0.955, 0.962, 0.961, 0.966, 0.95, 0.967, 0.961, 0.962, 0.966, 0.96, 0.964, 0.962, 0.957, 0.961, 0.96, 0.951, 0.957, 0.953, 0.947, 0.951, 0.964, 0.954, 0.962, 0.959, 0.963, 0.967, 0.957, 0.964, 0.964, 0.966, 0.966, 0.963, 0.951, 0.956, 0.962, 0.949, 0.958, 0.962, 0.964, 0.953, 0.957, 0.958, 0.958, 0.964, 0.96, 0.957, 0.957, 0.964, 0.962, 0.96, 0.958, 0.959, 0.963, 0.96, 0.944, 0.95, 0.963, 0.968, 0.952, 0.966, 0.961, 0.958, 0.941, 0.964, 0.961, 0.955, 0.964, 0.964, 0.961, 0.964, 0.958, 0.961, 0.959, 0.966, 0.966, 0.962]
0.959 0.005
320
[0.963, 0.958, 0.963, 0.963, 0.961, 0.962, 0.96, 0.955, 0.965, 0.961, 0.961, 0.968, 0.958, 0.965, 0.959, 0.957, 0.963, 0.961, 0.967, 0.956, 0.96, 0.96, 0.96, 0.955, 0.958, 0.961, 0.953, 0.965, 0.966, 0.959, 0.968, 0.961, 0.965, 0.96, 0.954, 0.967, 0.96, 0.96, 0.958, 0.965, 0.965, 0.957, 0.952, 0.962, 0.961, 0.959, 0.962, 0.958, 0.962, 0.96, 0.963, 0.964, 0.95, 0.96, 0.963, 0.959, 0.964, 0.953, 0.964, 0.968, 0.964, 0.96, 0.959, 0.961, 0.955, 0.962, 0.96, 0.959, 0.964, 0.942, 0.966, 0.97, 0.968, 0.964, 0.969, 0.962, 0.96, 0.964, 0.954, 0.961, 0.961, 0.959, 0.964, 0.961, 0.954, 0.962, 0.964, 0.959, 0.957, 0.963, 0.961, 0.966, 0.962, 0.961, 0.96, 0.964, 0.963, 0.958, 0.957, 0.962]
0.961 0.004

