double CF  (12, 40, 40, 1)
3
[0.866, 0.874, 0.898, 0.866, 0.921, 0.858, 0.858, 0.811, 0.866, 0.874, 0.874, 0.866, 0.882, 0.906, 0.803, 0.858, 0.882, 0.89, 0.866, 0.874, 0.858, 0.835, 0.866, 0.85, 0.898, 0.85, 0.819, 0.874, 0.866, 0.819, 0.898, 0.803, 0.85, 0.843, 0.866, 0.882, 0.866, 0.85, 0.882, 0.827, 0.858, 0.843, 0.85, 0.858, 0.858, 0.89, 0.827, 0.78, 0.898, 0.898, 0.843, 0.898, 0.866, 0.898, 0.85, 0.827, 0.866, 0.866, 0.89, 0.906, 0.858, 0.858, 0.898, 0.89, 0.874, 0.85, 0.866, 0.85, 0.913, 0.866, 0.858, 0.819, 0.866, 0.874, 0.866, 0.85, 0.882, 0.882, 0.858, 0.874, 0.874, 0.882, 0.898, 0.843, 0.843, 0.882, 0.89, 0.858, 0.882, 0.874, 0.819, 0.843, 0.89, 0.882, 0.827, 0.866, 0.913, 0.89, 0.866, 0.874]
0.865 0.026
5
[0.866, 0.89, 0.898, 0.906, 0.906, 0.85, 0.874, 0.85, 0.882, 0.874, 0.819, 0.874, 0.874, 0.866, 0.866, 0.835, 0.89, 0.858, 0.866, 0.843, 0.898, 0.858, 0.898, 0.874, 0.906, 0.85, 0.898, 0.882, 0.898, 0.843, 0.85, 0.866, 0.929, 0.906, 0.913, 0.85, 0.819, 0.89, 0.866, 0.882, 0.882, 0.906, 0.89, 0.882, 0.858, 0.929, 0.906, 0.882, 0.882, 0.874, 0.874, 0.882, 0.85, 0.85, 0.858, 0.843, 0.906, 0.898, 0.89, 0.913, 0.827, 0.89, 0.858, 0.85, 0.906, 0.882, 0.898, 0.85, 0.858, 0.906, 0.89, 0.882, 0.858, 0.913, 0.913, 0.898, 0.898, 0.858, 0.89, 0.858, 0.89, 0.866, 0.913, 0.882, 0.858, 0.85, 0.906, 0.858, 0.882, 0.835, 0.89, 0.89, 0.882, 0.89, 0.843, 0.882, 0.882, 0.89, 0.913, 0.89]
0.878 0.024
10
[0.874, 0.874, 0.906, 0.913, 0.898, 0.898, 0.898, 0.913, 0.898, 0.866, 0.89, 0.89, 0.89, 0.874, 0.898, 0.929, 0.89, 0.906, 0.898, 0.882, 0.858, 0.89, 0.921, 0.898, 0.874, 0.89, 0.89, 0.906, 0.913, 0.913, 0.882, 0.906, 0.898, 0.882, 0.89, 0.89, 0.89, 0.906, 0.874, 0.89, 0.89, 0.89, 0.882, 0.898, 0.866, 0.882, 0.882, 0.906, 0.858, 0.874, 0.898, 0.882, 0.882, 0.874, 0.898, 0.906, 0.898, 0.874, 0.835, 0.882, 0.882, 0.89, 0.858, 0.913, 0.874, 0.89, 0.85, 0.882, 0.921, 0.906, 0.874, 0.866, 0.906, 0.882, 0.882, 0.913, 0.882, 0.882, 0.898, 0.874, 0.913, 0.882, 0.882, 0.906, 0.882, 0.89, 0.874, 0.898, 0.906, 0.921, 0.874, 0.882, 0.906, 0.89, 0.843, 0.913, 0.866, 0.89, 0.898, 0.866]
0.889 0.017
20
[0.89, 0.898, 0.906, 0.906, 0.898, 0.898, 0.89, 0.89, 0.898, 0.906, 0.89, 0.898, 0.89, 0.89, 0.898, 0.906, 0.882, 0.898, 0.882, 0.882, 0.913, 0.89, 0.898, 0.874, 0.882, 0.882, 0.898, 0.866, 0.89, 0.89, 0.921, 0.89, 0.906, 0.913, 0.906, 0.89, 0.882, 0.898, 0.937, 0.898, 0.874, 0.882, 0.921, 0.906, 0.882, 0.874, 0.913, 0.906, 0.913, 0.882, 0.913, 0.913, 0.921, 0.906, 0.929, 0.906, 0.898, 0.882, 0.906, 0.89, 0.866, 0.89, 0.89, 0.898, 0.89, 0.898, 0.906, 0.874, 0.874, 0.898, 0.89, 0.882, 0.89, 0.882, 0.882, 0.866, 0.874, 0.882, 0.921, 0.882, 0.906, 0.898, 0.913, 0.882, 0.898, 0.913, 0.866, 0.898, 0.921, 0.898, 0.906, 0.906, 0.89, 0.906, 0.929, 0.906, 0.882, 0.89, 0.906, 0.89]
0.896 0.015
40
[0.89, 0.874, 0.89, 0.906, 0.898, 0.929, 0.913, 0.89, 0.882, 0.913, 0.89, 0.898, 0.89, 0.882, 0.913, 0.89, 0.882, 0.898, 0.898, 0.882, 0.898, 0.898, 0.89, 0.937, 0.89, 0.906, 0.906, 0.89, 0.898, 0.89, 0.913, 0.882, 0.898, 0.913, 0.906, 0.882, 0.89, 0.906, 0.874, 0.89, 0.898, 0.866, 0.89, 0.898, 0.898, 0.89, 0.898, 0.866, 0.874, 0.929, 0.882, 0.937, 0.906, 0.89, 0.866, 0.913, 0.898, 0.882, 0.882, 0.874, 0.874, 0.882, 0.913, 0.882, 0.874, 0.882, 0.874, 0.929, 0.882, 0.89, 0.906, 0.906, 0.906, 0.89, 0.898, 0.898, 0.874, 0.882, 0.906, 0.89, 0.89, 0.882, 0.89, 0.882, 0.89, 0.898, 0.882, 0.913, 0.89, 0.89, 0.874, 0.898, 0.898, 0.89, 0.89, 0.89, 0.898, 0.898, 0.906, 0.906]
0.894 0.015
80
[0.89, 0.913, 0.89, 0.898, 0.898, 0.898, 0.906, 0.898, 0.913, 0.898, 0.89, 0.898, 0.89, 0.898, 0.882, 0.913, 0.937, 0.874, 0.89, 0.89, 0.906, 0.89, 0.906, 0.874, 0.89, 0.89, 0.906, 0.906, 0.874, 0.906, 0.913, 0.882, 0.882, 0.874, 0.866, 0.921, 0.874, 0.906, 0.898, 0.89, 0.898, 0.898, 0.898, 0.898, 0.906, 0.906, 0.906, 0.906, 0.921, 0.882, 0.898, 0.929, 0.898, 0.906, 0.882, 0.882, 0.906, 0.906, 0.898, 0.898, 0.89, 0.906, 0.929, 0.906, 0.906, 0.913, 0.898, 0.906, 0.913, 0.898, 0.882, 0.898, 0.89, 0.882, 0.906, 0.882, 0.882, 0.882, 0.882, 0.921, 0.882, 0.898, 0.898, 0.882, 0.89, 0.898, 0.906, 0.906, 0.898, 0.898, 0.906, 0.898, 0.898, 0.929, 0.89, 0.89, 0.866, 0.874, 0.906, 0.89]
0.897 0.014
126
[0.906, 0.906, 0.906, 0.906, 0.898, 0.906, 0.906, 0.89, 0.906, 0.906, 0.906, 0.898, 0.898, 0.913, 0.882, 0.913, 0.906, 0.898, 0.898, 0.898, 0.898, 0.898, 0.913, 0.898, 0.913, 0.906, 0.913, 0.906, 0.906, 0.898, 0.913, 0.89, 0.906, 0.906, 0.898, 0.898, 0.906, 0.898, 0.913, 0.913, 0.906, 0.913, 0.906, 0.906, 0.898, 0.906, 0.898, 0.898, 0.898, 0.898, 0.898, 0.906, 0.913, 0.906, 0.913, 0.882, 0.906, 0.898, 0.898, 0.898, 0.921, 0.921, 0.89, 0.921, 0.89, 0.898, 0.913, 0.898, 0.913, 0.913, 0.906, 0.906, 0.898, 0.906, 0.906, 0.898, 0.921, 0.898, 0.921, 0.906, 0.913, 0.906, 0.898, 0.906, 0.913, 0.913, 0.913, 0.898, 0.906, 0.906, 0.898, 0.906, 0.906, 0.913, 0.913, 0.898, 0.913, 0.906, 0.89, 0.898]
0.904 0.008

double CF (12, 40, 20, 1)
3
[0.913, 0.858, 0.882, 0.882, 0.835, 0.843, 0.89, 0.874, 0.858, 0.882, 0.866, 0.85, 0.819, 0.874, 0.921, 0.882, 0.913, 0.898, 0.858, 0.827, 0.89, 0.882, 0.835, 0.843, 0.906, 0.898, 0.906, 0.89, 0.929, 0.803, 0.866, 0.85, 0.882, 0.835, 0.882, 0.835, 0.882, 0.858, 0.898, 0.882, 0.866, 0.866, 0.858, 0.858, 0.937, 0.874, 0.858, 0.858, 0.874, 0.89, 0.89, 0.819, 0.882, 0.811, 0.795, 0.811, 0.858, 0.882, 0.882, 0.921, 0.803, 0.866, 0.858, 0.866, 0.882, 0.843, 0.906, 0.835, 0.874, 0.898, 0.929, 0.898, 0.89, 0.898, 0.913, 0.882, 0.874, 0.882, 0.795, 0.835, 0.85, 0.882, 0.874, 0.882, 0.913, 0.843, 0.858, 0.906, 0.858, 0.866, 0.898, 0.843, 0.913, 0.882, 0.85, 0.866, 0.866, 0.866, 0.811, 0.882]
0.87 0.031
5
[0.874, 0.898, 0.898, 0.898, 0.882, 0.874, 0.85, 0.906, 0.866, 0.85, 0.874, 0.882, 0.906, 0.858, 0.937, 0.866, 0.906, 0.874, 0.835, 0.906, 0.866, 0.921, 0.89, 0.929, 0.913, 0.906, 0.85, 0.906, 0.906, 0.874, 0.874, 0.74, 0.835, 0.882, 0.89, 0.89, 0.89, 0.921, 0.85, 0.89, 0.882, 0.866, 0.89, 0.898, 0.89, 0.866, 0.882, 0.874, 0.945, 0.874, 0.882, 0.898, 0.913, 0.882, 0.874, 0.874, 0.882, 0.882, 0.866, 0.874, 0.874, 0.882, 0.866, 0.898, 0.874, 0.906, 0.866, 0.89, 0.913, 0.874, 0.89, 0.843, 0.858, 0.858, 0.858, 0.866, 0.827, 0.866, 0.929, 0.85, 0.866, 0.882, 0.874, 0.882, 0.819, 0.906, 0.819, 0.874, 0.882, 0.882, 0.906, 0.882, 0.898, 0.898, 0.882, 0.89, 0.835, 0.85, 0.85, 0.874]
0.879 0.028
10
[0.913, 0.866, 0.882, 0.913, 0.898, 0.89, 0.898, 0.858, 0.866, 0.913, 0.882, 0.866, 0.874, 0.866, 0.882, 0.858, 0.906, 0.874, 0.913, 0.906, 0.89, 0.89, 0.906, 0.898, 0.921, 0.866, 0.937, 0.858, 0.89, 0.89, 0.921, 0.85, 0.898, 0.882, 0.882, 0.898, 0.921, 0.913, 0.89, 0.874, 0.882, 0.874, 0.929, 0.898, 0.882, 0.874, 0.882, 0.89, 0.866, 0.898, 0.89, 0.906, 0.906, 0.866, 0.843, 0.89, 0.89, 0.89, 0.882, 0.913, 0.906, 0.898, 0.85, 0.913, 0.921, 0.906, 0.913, 0.874, 0.89, 0.89, 0.906, 0.866, 0.913, 0.898, 0.913, 0.874, 0.89, 0.866, 0.874, 0.89, 0.906, 0.898, 0.913, 0.882, 0.882, 0.866, 0.906, 0.906, 0.882, 0.858, 0.85, 0.866, 0.874, 0.89, 0.882, 0.921, 0.89, 0.89, 0.898, 0.866]
0.889 0.02
20
[0.866, 0.874, 0.882, 0.882, 0.874, 0.921, 0.898, 0.906, 0.89, 0.882, 0.913, 0.89, 0.898, 0.866, 0.913, 0.874, 0.898, 0.913, 0.882, 0.89, 0.898, 0.906, 0.89, 0.898, 0.921, 0.866, 0.882, 0.882, 0.89, 0.906, 0.898, 0.906, 0.898, 0.89, 0.89, 0.906, 0.866, 0.89, 0.898, 0.866, 0.913, 0.906, 0.898, 0.866, 0.898, 0.913, 0.866, 0.906, 0.882, 0.913, 0.906, 0.882, 0.89, 0.874, 0.913, 0.906, 0.906, 0.906, 0.89, 0.89, 0.874, 0.913, 0.921, 0.882, 0.906, 0.89, 0.89, 0.898, 0.874, 0.89, 0.906, 0.882, 0.882, 0.921, 0.874, 0.906, 0.906, 0.89, 0.898, 0.921, 0.874, 0.906, 0.906, 0.898, 0.874, 0.874, 0.89, 0.866, 0.921, 0.89, 0.898, 0.906, 0.906, 0.89, 0.882, 0.89, 0.882, 0.898, 0.89, 0.89]
0.893 0.015
40
[0.906, 0.921, 0.874, 0.874, 0.906, 0.906, 0.906, 0.874, 0.898, 0.89, 0.906, 0.906, 0.906, 0.874, 0.913, 0.898, 0.882, 0.913, 0.866, 0.874, 0.89, 0.874, 0.89, 0.874, 0.882, 0.898, 0.906, 0.913, 0.906, 0.913, 0.898, 0.906, 0.913, 0.89, 0.882, 0.89, 0.906, 0.898, 0.913, 0.874, 0.906, 0.874, 0.906, 0.921, 0.898, 0.874, 0.89, 0.882, 0.898, 0.89, 0.898, 0.89, 0.913, 0.882, 0.866, 0.898, 0.913, 0.882, 0.898, 0.882, 0.874, 0.898, 0.89, 0.882, 0.898, 0.906, 0.882, 0.874, 0.921, 0.89, 0.898, 0.898, 0.913, 0.874, 0.898, 0.89, 0.913, 0.874, 0.913, 0.913, 0.866, 0.89, 0.898, 0.921, 0.874, 0.906, 0.874, 0.906, 0.866, 0.921, 0.906, 0.89, 0.882, 0.89, 0.89, 0.913, 0.906, 0.882, 0.89, 0.882]
0.894 0.015
80
[0.898, 0.874, 0.898, 0.906, 0.898, 0.89, 0.882, 0.921, 0.898, 0.89, 0.913, 0.89, 0.89, 0.898, 0.906, 0.882, 0.906, 0.906, 0.882, 0.882, 0.913, 0.898, 0.906, 0.913, 0.906, 0.906, 0.898, 0.898, 0.906, 0.898, 0.906, 0.89, 0.906, 0.874, 0.898, 0.89, 0.866, 0.913, 0.929, 0.882, 0.913, 0.921, 0.906, 0.89, 0.898, 0.913, 0.882, 0.906, 0.882, 0.898, 0.906, 0.921, 0.89, 0.906, 0.89, 0.898, 0.906, 0.874, 0.913, 0.913, 0.882, 0.89, 0.906, 0.898, 0.906, 0.906, 0.898, 0.906, 0.906, 0.898, 0.906, 0.906, 0.898, 0.906, 0.921, 0.874, 0.921, 0.898, 0.898, 0.906, 0.906, 0.898, 0.89, 0.906, 0.89, 0.921, 0.882, 0.898, 0.913, 0.882, 0.913, 0.906, 0.898, 0.89, 0.906, 0.882, 0.937, 0.898, 0.898, 0.921]
0.9 0.013
126
[0.898, 0.921, 0.906, 0.929, 0.906, 0.898, 0.89, 0.913, 0.913, 0.913, 0.898, 0.921, 0.913, 0.898, 0.898, 0.913, 0.921, 0.898, 0.913, 0.898, 0.906, 0.906, 0.898, 0.906, 0.906, 0.882, 0.906, 0.906, 0.906, 0.906, 0.898, 0.898, 0.898, 0.906, 0.906, 0.906, 0.898, 0.906, 0.898, 0.921, 0.898, 0.906, 0.906, 0.913, 0.898, 0.906, 0.929, 0.906, 0.906, 0.906, 0.913, 0.906, 0.898, 0.906, 0.898, 0.906, 0.913, 0.906, 0.898, 0.906, 0.906, 0.906, 0.898, 0.898, 0.898, 0.913, 0.913, 0.89, 0.913, 0.898, 0.906, 0.906, 0.906, 0.906, 0.906, 0.906, 0.913, 0.913, 0.898, 0.906, 0.913, 0.898, 0.906, 0.906, 0.906, 0.913, 0.898, 0.913, 0.913, 0.898, 0.898, 0.898, 0.906, 0.913, 0.906, 0.906, 0.906, 0.89, 0.906, 0.89]
0.905 0.008

double CF (12, 40, 60, 1)
3
[0.898, 0.906, 0.803, 0.843, 0.882, 0.898, 0.843, 0.858, 0.858, 0.85, 0.819, 0.843, 0.898, 0.89, 0.89, 0.898, 0.858, 0.874, 0.882, 0.85, 0.89, 0.89, 0.89, 0.866, 0.835, 0.89, 0.882, 0.866, 0.89, 0.89, 0.866, 0.85, 0.898, 0.843, 0.827, 0.866, 0.795, 0.819, 0.858, 0.843, 0.882, 0.874, 0.874, 0.866, 0.866, 0.898, 0.866, 0.874, 0.85, 0.89, 0.89, 0.913, 0.85, 0.835, 0.827, 0.89, 0.866, 0.874, 0.89, 0.858, 0.89, 0.89, 0.843, 0.882, 0.843, 0.835, 0.874, 0.843, 0.913, 0.85, 0.866, 0.89, 0.858, 0.874, 0.85, 0.858, 0.874, 0.882, 0.819, 0.803, 0.874, 0.89, 0.882, 0.811, 0.882, 0.913, 0.85, 0.906, 0.906, 0.898, 0.858, 0.874, 0.866, 0.874, 0.85, 0.882, 0.898, 0.819, 0.874, 0.732]
0.866 0.03
5
[0.89, 0.882, 0.866, 0.874, 0.843, 0.882, 0.898, 0.866, 0.85, 0.843, 0.835, 0.906, 0.866, 0.89, 0.866, 0.85, 0.85, 0.906, 0.866, 0.858, 0.882, 0.882, 0.858, 0.898, 0.843, 0.906, 0.858, 0.866, 0.866, 0.85, 0.882, 0.835, 0.898, 0.89, 0.874, 0.89, 0.843, 0.882, 0.882, 0.85, 0.913, 0.787, 0.874, 0.906, 0.874, 0.843, 0.85, 0.85, 0.874, 0.906, 0.89, 0.866, 0.89, 0.898, 0.898, 0.898, 0.898, 0.89, 0.89, 0.898, 0.843, 0.858, 0.898, 0.89, 0.89, 0.89, 0.906, 0.858, 0.85, 0.906, 0.906, 0.866, 0.874, 0.866, 0.89, 0.882, 0.882, 0.906, 0.874, 0.874, 0.866, 0.89, 0.866, 0.898, 0.858, 0.89, 0.898, 0.882, 0.882, 0.882, 0.85, 0.85, 0.913, 0.874, 0.937, 0.866, 0.858, 0.906, 0.89, 0.882]
0.877 0.023
10
[0.913, 0.906, 0.906, 0.882, 0.89, 0.866, 0.874, 0.874, 0.89, 0.898, 0.882, 0.874, 0.85, 0.874, 0.898, 0.921, 0.898, 0.89, 0.913, 0.882, 0.89, 0.906, 0.882, 0.874, 0.898, 0.874, 0.929, 0.89, 0.843, 0.906, 0.866, 0.906, 0.89, 0.898, 0.913, 0.85, 0.874, 0.906, 0.921, 0.913, 0.913, 0.898, 0.898, 0.906, 0.913, 0.906, 0.843, 0.921, 0.89, 0.882, 0.898, 0.913, 0.906, 0.874, 0.858, 0.906, 0.882, 0.858, 0.882, 0.89, 0.898, 0.85, 0.874, 0.906, 0.882, 0.913, 0.866, 0.906, 0.882, 0.898, 0.89, 0.882, 0.921, 0.866, 0.882, 0.898, 0.882, 0.882, 0.882, 0.882, 0.929, 0.921, 0.874, 0.858, 0.882, 0.898, 0.89, 0.89, 0.898, 0.89, 0.89, 0.874, 0.874, 0.882, 0.85, 0.921, 0.913, 0.906, 0.866, 0.843]
0.889 0.02
20
[0.913, 0.882, 0.906, 0.898, 0.913, 0.898, 0.89, 0.89, 0.882, 0.882, 0.921, 0.898, 0.874, 0.913, 0.906, 0.89, 0.882, 0.882, 0.882, 0.913, 0.89, 0.898, 0.898, 0.906, 0.874, 0.89, 0.906, 0.866, 0.874, 0.906, 0.906, 0.89, 0.913, 0.89, 0.913, 0.882, 0.906, 0.882, 0.921, 0.921, 0.874, 0.898, 0.898, 0.906, 0.89, 0.898, 0.898, 0.874, 0.882, 0.89, 0.882, 0.898, 0.89, 0.898, 0.937, 0.906, 0.874, 0.89, 0.882, 0.874, 0.866, 0.913, 0.898, 0.929, 0.882, 0.906, 0.906, 0.882, 0.89, 0.898, 0.89, 0.913, 0.898, 0.866, 0.898, 0.898, 0.921, 0.913, 0.929, 0.89, 0.89, 0.921, 0.874, 0.913, 0.874, 0.874, 0.882, 0.906, 0.898, 0.89, 0.874, 0.89, 0.913, 0.913, 0.882, 0.89, 0.906, 0.874, 0.882, 0.906]
0.895 0.016
40
[0.898, 0.89, 0.874, 0.882, 0.874, 0.866, 0.882, 0.913, 0.906, 0.898, 0.874, 0.874, 0.89, 0.913, 0.89, 0.874, 0.874, 0.898, 0.882, 0.898, 0.898, 0.921, 0.89, 0.89, 0.898, 0.874, 0.906, 0.874, 0.882, 0.913, 0.906, 0.898, 0.89, 0.898, 0.929, 0.898, 0.898, 0.882, 0.906, 0.874, 0.898, 0.874, 0.874, 0.882, 0.898, 0.882, 0.898, 0.898, 0.898, 0.866, 0.89, 0.89, 0.898, 0.906, 0.913, 0.89, 0.913, 0.906, 0.882, 0.913, 0.898, 0.882, 0.89, 0.874, 0.874, 0.874, 0.913, 0.89, 0.89, 0.874, 0.89, 0.89, 0.929, 0.874, 0.89, 0.89, 0.898, 0.898, 0.89, 0.882, 0.866, 0.89, 0.866, 0.882, 0.898, 0.874, 0.882, 0.874, 0.89, 0.906, 0.874, 0.921, 0.89, 0.906, 0.89, 0.874, 0.898, 0.866, 0.898, 0.906]
0.891 0.015
80
[0.882, 0.874, 0.898, 0.882, 0.89, 0.898, 0.898, 0.89, 0.898, 0.874, 0.906, 0.898, 0.898, 0.898, 0.898, 0.89, 0.921, 0.898, 0.89, 0.898, 0.913, 0.874, 0.89, 0.882, 0.906, 0.898, 0.913, 0.906, 0.882, 0.906, 0.882, 0.921, 0.882, 0.898, 0.898, 0.882, 0.898, 0.874, 0.898, 0.898, 0.898, 0.89, 0.89, 0.906, 0.898, 0.898, 0.882, 0.89, 0.906, 0.898, 0.882, 0.906, 0.882, 0.898, 0.898, 0.921, 0.89, 0.882, 0.906, 0.866, 0.89, 0.882, 0.882, 0.898, 0.898, 0.921, 0.898, 0.906, 0.882, 0.913, 0.882, 0.906, 0.866, 0.882, 0.882, 0.906, 0.898, 0.906, 0.89, 0.882, 0.906, 0.906, 0.874, 0.906, 0.898, 0.921, 0.898, 0.913, 0.89, 0.898, 0.882, 0.874, 0.913, 0.906, 0.882, 0.89, 0.89, 0.906, 0.898, 0.874]
0.895 0.013
126
[0.906, 0.906, 0.906, 0.898, 0.913, 0.913, 0.906, 0.906, 0.906, 0.913, 0.906, 0.89, 0.898, 0.898, 0.898, 0.906, 0.906, 0.906, 0.906, 0.898, 0.921, 0.898, 0.898, 0.921, 0.913, 0.898, 0.89, 0.89, 0.906, 0.89, 0.898, 0.89, 0.898, 0.898, 0.906, 0.921, 0.921, 0.898, 0.921, 0.898, 0.913, 0.906, 0.913, 0.929, 0.913, 0.898, 0.898, 0.906, 0.882, 0.906, 0.906, 0.898, 0.906, 0.898, 0.898, 0.898, 0.913, 0.898, 0.906, 0.906, 0.921, 0.882, 0.898, 0.921, 0.906, 0.898, 0.913, 0.906, 0.898, 0.89, 0.898, 0.89, 0.913, 0.906, 0.898, 0.913, 0.898, 0.898, 0.913, 0.906, 0.913, 0.898, 0.898, 0.906, 0.906, 0.913, 0.898, 0.913, 0.898, 0.906, 0.898, 0.906, 0.898, 0.906, 0.913, 0.898, 0.898, 0.882, 0.898, 0.898]
0.904 0.009

double CF (12, 40, 40, 20, 1)
3
[0.866, 0.882, 0.858, 0.906, 0.835, 0.882, 0.866, 0.866, 0.85, 0.89, 0.898, 0.898, 0.843, 0.937, 0.835, 0.85, 0.835, 0.874, 0.89, 0.858, 0.827, 0.858, 0.858, 0.835, 0.882, 0.843, 0.866, 0.858, 0.866, 0.85, 0.835, 0.85, 0.898, 0.835, 0.835, 0.827, 0.89, 0.882, 0.89, 0.843, 0.843, 0.874, 0.913, 0.858, 0.882, 0.921, 0.921, 0.866, 0.898, 0.85, 0.85, 0.858, 0.843, 0.882, 0.89, 0.874, 0.874, 0.866, 0.858, 0.866, 0.835, 0.858, 0.906, 0.858, 0.89, 0.819, 0.89, 0.843, 0.898, 0.819, 0.874, 0.858, 0.858, 0.843, 0.874, 0.882, 0.929, 0.898, 0.874, 0.898, 0.819, 0.85, 0.874, 0.882, 0.819, 0.882, 0.764, 0.882, 0.898, 0.85, 0.882, 0.906, 0.866, 0.843, 0.866, 0.858, 0.898, 0.85, 0.843, 0.882]
0.867 0.028
5
[0.85, 0.89, 0.89, 0.882, 0.89, 0.835, 0.913, 0.866, 0.906, 0.906, 0.85, 0.921, 0.882, 0.882, 0.866, 0.882, 0.898, 0.882, 0.866, 0.898, 0.874, 0.906, 0.898, 0.843, 0.898, 0.866, 0.866, 0.85, 0.89, 0.898, 0.858, 0.874, 0.906, 0.866, 0.898, 0.913, 0.913, 0.913, 0.858, 0.882, 0.874, 0.85, 0.803, 0.882, 0.882, 0.882, 0.882, 0.858, 0.843, 0.866, 0.866, 0.882, 0.874, 0.874, 0.858, 0.835, 0.898, 0.89, 0.874, 0.89, 0.858, 0.906, 0.866, 0.819, 0.866, 0.913, 0.898, 0.882, 0.866, 0.858, 0.858, 0.898, 0.819, 0.85, 0.89, 0.882, 0.882, 0.858, 0.85, 0.866, 0.874, 0.843, 0.858, 0.89, 0.921, 0.85, 0.882, 0.906, 0.866, 0.89, 0.929, 0.858, 0.819, 0.858, 0.85, 0.827, 0.874, 0.89, 0.89, 0.882]
0.875 0.025
10
[0.906, 0.882, 0.937, 0.874, 0.89, 0.874, 0.898, 0.898, 0.898, 0.929, 0.913, 0.89, 0.843, 0.898, 0.898, 0.89, 0.882, 0.882, 0.89, 0.866, 0.882, 0.937, 0.906, 0.89, 0.858, 0.882, 0.866, 0.89, 0.882, 0.866, 0.882, 0.874, 0.85, 0.866, 0.89, 0.882, 0.929, 0.913, 0.913, 0.913, 0.89, 0.866, 0.882, 0.898, 0.913, 0.803, 0.882, 0.874, 0.858, 0.874, 0.898, 0.882, 0.882, 0.89, 0.898, 0.89, 0.811, 0.906, 0.858, 0.866, 0.906, 0.85, 0.858, 0.89, 0.89, 0.89, 0.866, 0.898, 0.89, 0.819, 0.89, 0.906, 0.913, 0.898, 0.858, 0.906, 0.874, 0.913, 0.89, 0.906, 0.78, 0.921, 0.898, 0.882, 0.913, 0.906, 0.89, 0.874, 0.874, 0.858, 0.906, 0.858, 0.874, 0.874, 0.874, 0.858, 0.89, 0.89, 0.89, 0.874]
0.884 0.025
20
[0.898, 0.874, 0.929, 0.898, 0.929, 0.874, 0.898, 0.858, 0.874, 0.874, 0.89, 0.921, 0.89, 0.882, 0.906, 0.882, 0.898, 0.874, 0.898, 0.874, 0.89, 0.89, 0.898, 0.882, 0.874, 0.89, 0.906, 0.921, 0.89, 0.898, 0.874, 0.882, 0.795, 0.89, 0.898, 0.882, 0.937, 0.898, 0.898, 0.882, 0.89, 0.921, 0.906, 0.898, 0.89, 0.858, 0.89, 0.85, 0.898, 0.882, 0.89, 0.898, 0.882, 0.89, 0.858, 0.882, 0.898, 0.921, 0.874, 0.906, 0.858, 0.898, 0.866, 0.898, 0.843, 0.913, 0.906, 0.906, 0.874, 0.89, 0.874, 0.89, 0.858, 0.913, 0.898, 0.906, 0.898, 0.898, 0.898, 0.898, 0.89, 0.898, 0.882, 0.882, 0.85, 0.906, 0.906, 0.89, 0.913, 0.898, 0.866, 0.906, 0.882, 0.89, 0.882, 0.906, 0.85, 0.89, 0.937, 0.89]
0.89 0.021
40
[0.913, 0.882, 0.882, 0.906, 0.921, 0.882, 0.913, 0.898, 0.898, 0.89, 0.898, 0.906, 0.882, 0.874, 0.913, 0.898, 0.898, 0.874, 0.906, 0.921, 0.898, 0.882, 0.89, 0.898, 0.882, 0.913, 0.89, 0.906, 0.89, 0.906, 0.89, 0.89, 0.913, 0.913, 0.898, 0.874, 0.882, 0.898, 0.913, 0.898, 0.906, 0.898, 0.913, 0.874, 0.874, 0.945, 0.874, 0.882, 0.866, 0.882, 0.89, 0.906, 0.874, 0.89, 0.874, 0.882, 0.898, 0.874, 0.874, 0.906, 0.89, 0.906, 0.898, 0.89, 0.874, 0.882, 0.898, 0.882, 0.89, 0.882, 0.882, 0.898, 0.89, 0.898, 0.882, 0.898, 0.906, 0.898, 0.89, 0.913, 0.906, 0.898, 0.882, 0.89, 0.874, 0.913, 0.882, 0.882, 0.874, 0.898, 0.882, 0.89, 0.906, 0.906, 0.89, 0.882, 0.882, 0.89, 0.89, 0.882]
0.893 0.014
80
[0.898, 0.89, 0.882, 0.898, 0.913, 0.898, 0.89, 0.898, 0.898, 0.89, 0.866, 0.89, 0.898, 0.906, 0.906, 0.89, 0.898, 0.874, 0.898, 0.906, 0.89, 0.89, 0.874, 0.89, 0.898, 0.882, 0.898, 0.913, 0.89, 0.866, 0.89, 0.906, 0.882, 0.866, 0.882, 0.89, 0.906, 0.898, 0.882, 0.89, 0.882, 0.882, 0.89, 0.89, 0.906, 0.906, 0.89, 0.898, 0.882, 0.906, 0.866, 0.906, 0.898, 0.89, 0.906, 0.906, 0.898, 0.882, 0.882, 0.906, 0.874, 0.921, 0.906, 0.89, 0.898, 0.882, 0.906, 0.898, 0.882, 0.898, 0.898, 0.906, 0.89, 0.882, 0.874, 0.913, 0.898, 0.906, 0.882, 0.866, 0.898, 0.906, 0.874, 0.913, 0.89, 0.882, 0.898, 0.898, 0.898, 0.913, 0.898, 0.898, 0.882, 0.906, 0.906, 0.882, 0.89, 0.89, 0.898, 0.913]
0.893 0.012
126
[0.898, 0.906, 0.898, 0.898, 0.898, 0.906, 0.882, 0.898, 0.929, 0.898, 0.906, 0.898, 0.898, 0.898, 0.89, 0.898, 0.898, 0.929, 0.921, 0.89, 0.906, 0.898, 0.898, 0.906, 0.906, 0.882, 0.898, 0.89, 0.898, 0.906, 0.906, 0.898, 0.913, 0.913, 0.89, 0.913, 0.898, 0.898, 0.89, 0.906, 0.906, 0.906, 0.906, 0.898, 0.89, 0.906, 0.89, 0.898, 0.906, 0.89, 0.913, 0.913, 0.89, 0.882, 0.906, 0.898, 0.898, 0.898, 0.898, 0.906, 0.898, 0.898, 0.898, 0.921, 0.898, 0.913, 0.898, 0.921, 0.89, 0.906, 0.882, 0.898, 0.913, 0.913, 0.89, 0.898, 0.898, 0.898, 0.898, 0.906, 0.898, 0.874, 0.937, 0.89, 0.906, 0.89, 0.882, 0.906, 0.898, 0.906, 0.898, 0.906, 0.906, 0.89, 0.906, 0.913, 0.898, 0.898, 0.89, 0.898]
0.901 0.01

