double CF (12, 20, 10, 1)
3
[0.835, 0.858, 0.882, 0.811, 0.835, 0.835, 0.858, 0.811, 0.913, 0.843, 0.835, 0.843, 0.866, 0.874, 0.803, 0.811, 0.803, 0.811, 0.843, 0.795, 0.874, 0.472, 0.764, 0.858, 0.843, 0.843, 0.827, 0.827, 0.866, 0.858, 0.874, 0.858, 0.819, 0.827, 0.827, 0.858, 0.85, 0.827, 0.827, 0.874, 0.858, 0.85, 0.866, 0.835, 0.835, 0.819, 0.89, 0.906, 0.827, 0.898, 0.874, 0.882, 0.866, 0.858, 0.866, 0.874, 0.89, 0.811, 0.772, 0.835, 0.85, 0.811, 0.835, 0.835, 0.843, 0.843, 0.787, 0.827, 0.874, 0.858, 0.882, 0.843, 0.811, 0.874, 0.819, 0.85, 0.858, 0.858, 0.811, 0.85, 0.827, 0.748, 0.858, 0.827, 0.78, 0.843, 0.803, 0.803, 0.756, 0.811, 0.906, 0.882, 0.858, 0.787, 0.819, 0.866, 0.85, 0.795, 0.835, 0.827]
0.836 0.049
5
[0.858, 0.858, 0.827, 0.866, 0.866, 0.906, 0.85, 0.835, 0.866, 0.882, 0.89, 0.85, 0.89, 0.858, 0.843, 0.866, 0.843, 0.874, 0.843, 0.882, 0.819, 0.858, 0.89, 0.811, 0.89, 0.866, 0.85, 0.882, 0.843, 0.874, 0.85, 0.858, 0.819, 0.85, 0.866, 0.898, 0.811, 0.811, 0.858, 0.85, 0.835, 0.89, 0.827, 0.898, 0.701, 0.827, 0.835, 0.858, 0.85, 0.843, 0.835, 0.843, 0.89, 0.874, 0.827, 0.874, 0.882, 0.874, 0.795, 0.85, 0.835, 0.835, 0.795, 0.85, 0.882, 0.819, 0.827, 0.835, 0.843, 0.835, 0.811, 0.85, 0.866, 0.866, 0.858, 0.85, 0.811, 0.835, 0.874, 0.858, 0.866, 0.858, 0.866, 0.843, 0.858, 0.882, 0.882, 0.803, 0.906, 0.866, 0.819, 0.85, 0.858, 0.874, 0.89, 0.906, 0.882, 0.866, 0.882, 0.858]
0.854 0.03
10
[0.906, 0.835, 0.882, 0.866, 0.85, 0.906, 0.866, 0.882, 0.874, 0.843, 0.85, 0.803, 0.882, 0.874, 0.858, 0.858, 0.913, 0.89, 0.898, 0.874, 0.858, 0.89, 0.866, 0.874, 0.843, 0.866, 0.874, 0.866, 0.843, 0.89, 0.858, 0.874, 0.882, 0.85, 0.827, 0.874, 0.772, 0.827, 0.858, 0.866, 0.858, 0.89, 0.89, 0.858, 0.85, 0.843, 0.874, 0.898, 0.85, 0.882, 0.85, 0.866, 0.835, 0.843, 0.858, 0.898, 0.843, 0.882, 0.866, 0.843, 0.882, 0.921, 0.866, 0.906, 0.866, 0.85, 0.827, 0.866, 0.866, 0.811, 0.843, 0.827, 0.874, 0.858, 0.85, 0.843, 0.89, 0.85, 0.85, 0.874, 0.874, 0.882, 0.866, 0.835, 0.843, 0.89, 0.85, 0.866, 0.874, 0.874, 0.898, 0.882, 0.882, 0.819, 0.819, 0.843, 0.835, 0.866, 0.866, 0.858]
0.863 0.025
20
[0.874, 0.898, 0.882, 0.882, 0.898, 0.882, 0.866, 0.866, 0.882, 0.835, 0.874, 0.866, 0.882, 0.858, 0.906, 0.843, 0.882, 0.866, 0.85, 0.874, 0.866, 0.858, 0.874, 0.882, 0.858, 0.874, 0.89, 0.882, 0.843, 0.866, 0.748, 0.882, 0.874, 0.866, 0.882, 0.874, 0.858, 0.874, 0.858, 0.843, 0.866, 0.858, 0.858, 0.866, 0.858, 0.906, 0.882, 0.898, 0.882, 0.866, 0.866, 0.89, 0.874, 0.89, 0.85, 0.874, 0.874, 0.858, 0.866, 0.858, 0.882, 0.874, 0.874, 0.89, 0.898, 0.858, 0.882, 0.89, 0.874, 0.85, 0.898, 0.866, 0.89, 0.874, 0.866, 0.858, 0.858, 0.898, 0.858, 0.874, 0.882, 0.866, 0.882, 0.89, 0.866, 0.882, 0.882, 0.874, 0.843, 0.858, 0.882, 0.866, 0.835, 0.85, 0.85, 0.874, 0.898, 0.866, 0.858, 0.874]
0.87 0.02
40
[0.85, 0.858, 0.898, 0.85, 0.906, 0.866, 0.906, 0.882, 0.858, 0.866, 0.906, 0.882, 0.898, 0.866, 0.858, 0.882, 0.89, 0.882, 0.921, 0.874, 0.913, 0.866, 0.866, 0.906, 0.882, 0.858, 0.874, 0.85, 0.866, 0.898, 0.882, 0.85, 0.866, 0.874, 0.89, 0.85, 0.906, 0.874, 0.882, 0.874, 0.882, 0.858, 0.89, 0.882, 0.874, 0.913, 0.882, 0.882, 0.906, 0.882, 0.882, 0.882, 0.843, 0.882, 0.898, 0.874, 0.882, 0.787, 0.882, 0.898, 0.882, 0.89, 0.866, 0.874, 0.858, 0.874, 0.858, 0.898, 0.866, 0.874, 0.858, 0.882, 0.858, 0.874, 0.874, 0.882, 0.858, 0.898, 0.866, 0.906, 0.898, 0.882, 0.898, 0.898, 0.89, 0.874, 0.866, 0.85, 0.858, 0.874, 0.827, 0.866, 0.874, 0.874, 0.858, 0.866, 0.858, 0.866, 0.874, 0.858]
0.876 0.02
80
[0.85, 0.913, 0.843, 0.913, 0.898, 0.866, 0.882, 0.89, 0.882, 0.89, 0.898, 0.906, 0.906, 0.882, 0.866, 0.882, 0.882, 0.882, 0.913, 0.85, 0.906, 0.898, 0.898, 0.866, 0.866, 0.874, 0.898, 0.906, 0.858, 0.858, 0.906, 0.89, 0.913, 0.89, 0.906, 0.882, 0.78, 0.898, 0.89, 0.874, 0.89, 0.906, 0.89, 0.882, 0.874, 0.906, 0.85, 0.866, 0.898, 0.89, 0.906, 0.898, 0.921, 0.906, 0.898, 0.898, 0.89, 0.819, 0.866, 0.866, 0.85, 0.882, 0.898, 0.874, 0.913, 0.89, 0.866, 0.898, 0.898, 0.874, 0.906, 0.866, 0.843, 0.906, 0.929, 0.85, 0.882, 0.866, 0.858, 0.89, 0.882, 0.882, 0.898, 0.89, 0.866, 0.89, 0.866, 0.843, 0.906, 0.898, 0.874, 0.89, 0.858, 0.843, 0.843, 0.882, 0.85, 0.882, 0.874, 0.843]
0.882 0.024
126
[0.89, 0.874, 0.89, 0.858, 0.898, 0.89, 0.85, 0.866, 0.89, 0.843, 0.898, 0.866, 0.882, 0.85, 0.898, 0.843, 0.882, 0.882, 0.882, 0.882, 0.898, 0.89, 0.89, 0.866, 0.874, 0.906, 0.906, 0.898, 0.89, 0.906, 0.866, 0.866, 0.835, 0.906, 0.85, 0.827, 0.882, 0.858, 0.874, 0.85, 0.858, 0.898, 0.906, 0.921, 0.898, 0.89, 0.898, 0.882, 0.921, 0.89, 0.874, 0.866, 0.882, 0.843, 0.835, 0.89, 0.913, 0.866, 0.866, 0.898, 0.85, 0.89, 0.882, 0.898, 0.866, 0.866, 0.866, 0.898, 0.874, 0.89, 0.866, 0.882, 0.89, 0.89, 0.858, 0.898, 0.906, 0.906, 0.866, 0.89, 0.89, 0.882, 0.89, 0.89, 0.89, 0.898, 0.898, 0.898, 0.882, 0.882, 0.89, 0.898, 0.906, 0.913, 0.913, 0.898, 0.89, 0.882, 0.874, 0.874]
0.882 0.02

double CF (12, 20, 5, 1)
3
[0.85, 0.85, 0.874, 0.85, 0.803, 0.866, 0.866, 0.843, 0.843, 0.882, 0.803, 0.874, 0.89, 0.85, 0.764, 0.874, 0.85, 0.843, 0.819, 0.843, 0.85, 0.835, 0.866, 0.835, 0.85, 0.835, 0.803, 0.843, 0.835, 0.843, 0.858, 0.819, 0.866, 0.827, 0.748, 0.717, 0.74, 0.874, 0.827, 0.858, 0.85, 0.78, 0.866, 0.843, 0.835, 0.803, 0.819, 0.835, 0.827, 0.835, 0.843, 0.835, 0.835, 0.843, 0.858, 0.898, 0.843, 0.866, 0.811, 0.819, 0.819, 0.89, 0.858, 0.787, 0.866, 0.795, 0.858, 0.835, 0.819, 0.858, 0.827, 0.866, 0.858, 0.85, 0.787, 0.811, 0.835, 0.827, 0.843, 0.819, 0.89, 0.85, 0.795, 0.543, 0.843, 0.843, 0.85, 0.866, 0.843, 0.874, 0.858, 0.882, 0.835, 0.732, 0.858, 0.795, 0.827, 0.827, 0.866, 0.874]
0.835 0.044
5
[0.819, 0.803, 0.819, 0.858, 0.843, 0.882, 0.843, 0.866, 0.866, 0.827, 0.843, 0.858, 0.811, 0.827, 0.882, 0.835, 0.858, 0.866, 0.858, 0.858, 0.803, 0.803, 0.748, 0.866, 0.835, 0.795, 0.858, 0.874, 0.858, 0.827, 0.866, 0.787, 0.89, 0.827, 0.843, 0.819, 0.827, 0.874, 0.85, 0.819, 0.772, 0.858, 0.535, 0.858, 0.866, 0.843, 0.89, 0.85, 0.85, 0.827, 0.669, 0.866, 0.835, 0.858, 0.85, 0.866, 0.819, 0.874, 0.827, 0.843, 0.835, 0.89, 0.906, 0.874, 0.866, 0.835, 0.858, 0.89, 0.858, 0.858, 0.866, 0.827, 0.843, 0.858, 0.874, 0.882, 0.819, 0.827, 0.866, 0.543, 0.843, 0.866, 0.827, 0.835, 0.866, 0.85, 0.827, 0.827, 0.843, 0.85, 0.906, 0.858, 0.764, 0.827, 0.827, 0.827, 0.858, 0.866, 0.85, 0.835]
0.838 0.054
10
[0.882, 0.866, 0.843, 0.898, 0.882, 0.882, 0.858, 0.858, 0.827, 0.858, 0.866, 0.858, 0.882, 0.882, 0.819, 0.874, 0.866, 0.874, 0.843, 0.85, 0.835, 0.874, 0.843, 0.882, 0.858, 0.843, 0.882, 0.882, 0.89, 0.874, 0.89, 0.866, 0.874, 0.866, 0.795, 0.89, 0.858, 0.85, 0.89, 0.858, 0.858, 0.819, 0.89, 0.85, 0.874, 0.882, 0.858, 0.882, 0.819, 0.78, 0.906, 0.835, 0.835, 0.866, 0.803, 0.866, 0.882, 0.858, 0.85, 0.819, 0.85, 0.874, 0.866, 0.85, 0.874, 0.858, 0.866, 0.843, 0.858, 0.858, 0.858, 0.835, 0.89, 0.835, 0.858, 0.843, 0.874, 0.89, 0.874, 0.843, 0.906, 0.874, 0.874, 0.89, 0.89, 0.89, 0.858, 0.866, 0.858, 0.874, 0.85, 0.882, 0.843, 0.866, 0.843, 0.843, 0.843, 0.866, 0.882, 0.874]
0.862 0.023
20
[0.866, 0.898, 0.866, 0.866, 0.882, 0.882, 0.874, 0.858, 0.866, 0.827, 0.898, 0.85, 0.835, 0.898, 0.882, 0.874, 0.874, 0.827, 0.874, 0.874, 0.898, 0.866, 0.866, 0.882, 0.874, 0.835, 0.882, 0.874, 0.874, 0.898, 0.882, 0.882, 0.874, 0.882, 0.874, 0.898, 0.882, 0.85, 0.882, 0.866, 0.874, 0.882, 0.874, 0.89, 0.85, 0.874, 0.85, 0.906, 0.843, 0.929, 0.874, 0.496, 0.866, 0.858, 0.858, 0.866, 0.866, 0.882, 0.898, 0.882, 0.874, 0.874, 0.843, 0.811, 0.874, 0.866, 0.874, 0.843, 0.89, 0.858, 0.858, 0.827, 0.874, 0.874, 0.898, 0.882, 0.882, 0.874, 0.843, 0.858, 0.874, 0.874, 0.858, 0.85, 0.85, 0.835, 0.85, 0.866, 0.874, 0.85, 0.843, 0.866, 0.827, 0.85, 0.866, 0.858, 0.866, 0.89, 0.906, 0.858]
0.865 0.042
40
[0.858, 0.866, 0.906, 0.874, 0.913, 0.858, 0.874, 0.882, 0.89, 0.89, 0.866, 0.85, 0.898, 0.882, 0.858, 0.882, 0.858, 0.89, 0.835, 0.85, 0.913, 0.906, 0.874, 0.913, 0.882, 0.874, 0.882, 0.835, 0.89, 0.882, 0.882, 0.913, 0.898, 0.882, 0.898, 0.898, 0.898, 0.874, 0.882, 0.85, 0.906, 0.835, 0.89, 0.858, 0.866, 0.835, 0.882, 0.89, 0.874, 0.898, 0.85, 0.913, 0.803, 0.874, 0.874, 0.866, 0.866, 0.89, 0.858, 0.898, 0.866, 0.85, 0.843, 0.874, 0.866, 0.89, 0.906, 0.882, 0.866, 0.882, 0.882, 0.866, 0.874, 0.874, 0.898, 0.882, 0.89, 0.858, 0.882, 0.866, 0.874, 0.89, 0.866, 0.898, 0.858, 0.882, 0.874, 0.866, 0.866, 0.882, 0.89, 0.843, 0.874, 0.882, 0.89, 0.858, 0.866, 0.874, 0.874, 0.866]
0.876 0.02
80
[0.874, 0.89, 0.866, 0.874, 0.874, 0.921, 0.85, 0.89, 0.866, 0.874, 0.89, 0.874, 0.89, 0.898, 0.906, 0.906, 0.89, 0.89, 0.874, 0.874, 0.835, 0.882, 0.89, 0.866, 0.89, 0.921, 0.874, 0.874, 0.85, 0.898, 0.874, 0.882, 0.898, 0.898, 0.89, 0.874, 0.906, 0.89, 0.89, 0.89, 0.858, 0.85, 0.898, 0.89, 0.906, 0.898, 0.882, 0.835, 0.906, 0.882, 0.874, 0.827, 0.858, 0.866, 0.882, 0.874, 0.874, 0.866, 0.843, 0.874, 0.882, 0.898, 0.874, 0.874, 0.89, 0.874, 0.913, 0.874, 0.858, 0.898, 0.866, 0.921, 0.874, 0.866, 0.906, 0.85, 0.843, 0.882, 0.882, 0.85, 0.882, 0.898, 0.913, 0.874, 0.906, 0.898, 0.898, 0.898, 0.85, 0.866, 0.874, 0.874, 0.89, 0.882, 0.89, 0.835, 0.882, 0.913, 0.89, 0.89]
0.881 0.02
126
[0.85, 0.913, 0.866, 0.898, 0.858, 0.882, 0.874, 0.89, 0.882, 0.89, 0.882, 0.882, 0.843, 0.827, 0.906, 0.882, 0.913, 0.874, 0.858, 0.85, 0.906, 0.898, 0.882, 0.921, 0.89, 0.85, 0.921, 0.874, 0.882, 0.882, 0.874, 0.882, 0.85, 0.89, 0.882, 0.906, 0.874, 0.882, 0.882, 0.898, 0.89, 0.866, 0.921, 0.89, 0.89, 0.898, 0.898, 0.89, 0.85, 0.882, 0.874, 0.906, 0.858, 0.819, 0.906, 0.898, 0.89, 0.921, 0.874, 0.882, 0.803, 0.858, 0.874, 0.89, 0.898, 0.874, 0.874, 0.85, 0.913, 0.874, 0.858, 0.898, 0.921, 0.866, 0.882, 0.874, 0.882, 0.874, 0.85, 0.85, 0.866, 0.913, 0.898, 0.866, 0.898, 0.906, 0.858, 0.858, 0.882, 0.898, 0.898, 0.858, 0.89, 0.85, 0.882, 0.89, 0.882, 0.835, 0.89, 0.874]
0.88 0.023

double CF (12, 20, 15, 1)
3
[0.866, 0.906, 0.85, 0.874, 0.843, 0.787, 0.85, 0.835, 0.85, 0.819, 0.835, 0.843, 0.835, 0.858, 0.882, 0.835, 0.843, 0.874, 0.835, 0.843, 0.811, 0.811, 0.819, 0.74, 0.827, 0.858, 0.843, 0.78, 0.835, 0.85, 0.756, 0.85, 0.772, 0.835, 0.874, 0.827, 0.827, 0.843, 0.874, 0.803, 0.882, 0.858, 0.811, 0.843, 0.858, 0.866, 0.756, 0.843, 0.843, 0.772, 0.827, 0.89, 0.858, 0.858, 0.78, 0.787, 0.835, 0.882, 0.85, 0.85, 0.811, 0.858, 0.858, 0.827, 0.803, 0.843, 0.811, 0.78, 0.882, 0.858, 0.787, 0.843, 0.811, 0.866, 0.819, 0.89, 0.685, 0.85, 0.866, 0.843, 0.898, 0.85, 0.85, 0.803, 0.866, 0.866, 0.787, 0.843, 0.866, 0.811, 0.835, 0.827, 0.85, 0.74, 0.827, 0.827, 0.819, 0.843, 0.858, 0.866]
0.835 0.037
5
[0.843, 0.819, 0.858, 0.827, 0.874, 0.858, 0.835, 0.866, 0.858, 0.85, 0.866, 0.874, 0.882, 0.835, 0.866, 0.835, 0.866, 0.858, 0.843, 0.85, 0.866, 0.858, 0.85, 0.843, 0.874, 0.835, 0.85, 0.858, 0.874, 0.827, 0.866, 0.85, 0.858, 0.882, 0.803, 0.85, 0.85, 0.827, 0.843, 0.85, 0.866, 0.843, 0.866, 0.843, 0.874, 0.913, 0.85, 0.843, 0.819, 0.819, 0.843, 0.835, 0.882, 0.843, 0.827, 0.866, 0.819, 0.882, 0.85, 0.89, 0.89, 0.866, 0.843, 0.898, 0.858, 0.811, 0.874, 0.874, 0.874, 0.866, 0.874, 0.898, 0.874, 0.843, 0.827, 0.866, 0.89, 0.78, 0.717, 0.835, 0.858, 0.843, 0.787, 0.866, 0.858, 0.85, 0.866, 0.835, 0.795, 0.819, 0.835, 0.835, 0.85, 0.827, 0.827, 0.827, 0.866, 0.874, 0.866, 0.85]
0.85 0.027
10
[0.866, 0.882, 0.89, 0.866, 0.835, 0.882, 0.858, 0.866, 0.819, 0.882, 0.89, 0.89, 0.882, 0.858, 0.866, 0.874, 0.85, 0.882, 0.787, 0.898, 0.803, 0.874, 0.827, 0.843, 0.882, 0.874, 0.85, 0.882, 0.882, 0.913, 0.764, 0.858, 0.874, 0.866, 0.858, 0.874, 0.85, 0.89, 0.827, 0.827, 0.866, 0.866, 0.866, 0.858, 0.858, 0.874, 0.858, 0.835, 0.843, 0.858, 0.89, 0.874, 0.843, 0.89, 0.843, 0.882, 0.874, 0.764, 0.843, 0.858, 0.85, 0.866, 0.858, 0.85, 0.874, 0.858, 0.874, 0.898, 0.882, 0.85, 0.874, 0.906, 0.85, 0.866, 0.866, 0.866, 0.898, 0.835, 0.898, 0.898, 0.874, 0.874, 0.858, 0.85, 0.85, 0.866, 0.85, 0.866, 0.866, 0.858, 0.835, 0.874, 0.858, 0.858, 0.874, 0.866, 0.866, 0.874, 0.882, 0.866]
0.863 0.025
20
[0.866, 0.89, 0.858, 0.866, 0.898, 0.882, 0.89, 0.843, 0.866, 0.858, 0.85, 0.858, 0.874, 0.89, 0.858, 0.866, 0.89, 0.827, 0.874, 0.811, 0.858, 0.843, 0.906, 0.874, 0.898, 0.89, 0.89, 0.898, 0.89, 0.89, 0.882, 0.874, 0.898, 0.866, 0.898, 0.89, 0.85, 0.866, 0.913, 0.866, 0.906, 0.858, 0.858, 0.85, 0.866, 0.898, 0.85, 0.819, 0.858, 0.858, 0.89, 0.89, 0.874, 0.906, 0.882, 0.89, 0.85, 0.843, 0.795, 0.89, 0.882, 0.866, 0.898, 0.858, 0.866, 0.874, 0.874, 0.882, 0.866, 0.858, 0.843, 0.795, 0.874, 0.874, 0.898, 0.866, 0.882, 0.882, 0.858, 0.874, 0.898, 0.858, 0.858, 0.858, 0.906, 0.882, 0.874, 0.874, 0.858, 0.866, 0.874, 0.89, 0.882, 0.866, 0.85, 0.866, 0.858, 0.843, 0.843, 0.874]
0.87 0.022
40
[0.858, 0.898, 0.858, 0.874, 0.874, 0.858, 0.913, 0.858, 0.874, 0.85, 0.882, 0.882, 0.874, 0.874, 0.85, 0.882, 0.874, 0.89, 0.882, 0.882, 0.882, 0.843, 0.89, 0.882, 0.85, 0.906, 0.898, 0.89, 0.866, 0.898, 0.858, 0.874, 0.89, 0.85, 0.866, 0.858, 0.882, 0.866, 0.874, 0.866, 0.843, 0.874, 0.882, 0.89, 0.874, 0.898, 0.882, 0.866, 0.874, 0.882, 0.874, 0.874, 0.874, 0.866, 0.882, 0.898, 0.874, 0.85, 0.89, 0.866, 0.866, 0.866, 0.866, 0.866, 0.764, 0.85, 0.866, 0.882, 0.882, 0.882, 0.866, 0.85, 0.874, 0.858, 0.882, 0.858, 0.858, 0.874, 0.906, 0.89, 0.882, 0.882, 0.866, 0.866, 0.835, 0.843, 0.882, 0.827, 0.906, 0.866, 0.819, 0.882, 0.858, 0.882, 0.89, 0.89, 0.913, 0.89, 0.921, 0.89]
0.873 0.021
80
[0.85, 0.906, 0.85, 0.898, 0.882, 0.882, 0.898, 0.874, 0.882, 0.874, 0.882, 0.89, 0.843, 0.882, 0.913, 0.858, 0.89, 0.858, 0.882, 0.882, 0.811, 0.874, 0.882, 0.882, 0.866, 0.835, 0.898, 0.874, 0.89, 0.898, 0.898, 0.882, 0.89, 0.898, 0.898, 0.898, 0.835, 0.843, 0.906, 0.898, 0.866, 0.85, 0.89, 0.866, 0.858, 0.866, 0.866, 0.858, 0.85, 0.898, 0.882, 0.874, 0.898, 0.874, 0.898, 0.89, 0.866, 0.866, 0.882, 0.874, 0.898, 0.89, 0.913, 0.85, 0.89, 0.906, 0.89, 0.89, 0.866, 0.866, 0.858, 0.906, 0.858, 0.882, 0.843, 0.89, 0.866, 0.906, 0.882, 0.882, 0.89, 0.89, 0.89, 0.913, 0.89, 0.874, 0.913, 0.89, 0.85, 0.874, 0.906, 0.874, 0.882, 0.882, 0.85, 0.866, 0.843, 0.89, 0.898, 0.882]
0.879 0.02
126
[0.913, 0.913, 0.89, 0.866, 0.874, 0.874, 0.89, 0.882, 0.898, 0.89, 0.898, 0.89, 0.843, 0.827, 0.898, 0.906, 0.898, 0.898, 0.843, 0.898, 0.874, 0.89, 0.874, 0.906, 0.906, 0.898, 0.882, 0.906, 0.89, 0.882, 0.882, 0.921, 0.882, 0.866, 0.882, 0.906, 0.89, 0.882, 0.874, 0.898, 0.89, 0.906, 0.913, 0.921, 0.89, 0.85, 0.898, 0.898, 0.85, 0.874, 0.89, 0.882, 0.866, 0.874, 0.882, 0.89, 0.882, 0.874, 0.866, 0.882, 0.913, 0.882, 0.882, 0.882, 0.882, 0.89, 0.929, 0.874, 0.89, 0.874, 0.866, 0.89, 0.85, 0.898, 0.882, 0.913, 0.882, 0.882, 0.874, 0.898, 0.874, 0.85, 0.882, 0.85, 0.906, 0.898, 0.874, 0.874, 0.89, 0.85, 0.874, 0.835, 0.882, 0.882, 0.858, 0.85, 0.89, 0.898, 0.811, 0.858]
0.883 0.021

double CF (12, 20, 10, 10, 1)
3
[0.906, 0.795, 0.843, 0.858, 0.858, 0.827, 0.874, 0.85, 0.795, 0.874, 0.811, 0.811, 0.669, 0.827, 0.78, 0.811, 0.89, 0.843, 0.843, 0.756, 0.764, 0.764, 0.874, 0.85, 0.843, 0.835, 0.819, 0.811, 0.874, 0.85, 0.795, 0.827, 0.787, 0.835, 0.819, 0.866, 0.874, 0.843, 0.803, 0.709, 0.835, 0.85, 0.85, 0.85, 0.819, 0.882, 0.843, 0.89, 0.835, 0.827, 0.827, 0.882, 0.787, 0.835, 0.795, 0.772, 0.803, 0.827, 0.787, 0.843, 0.811, 0.882, 0.866, 0.795, 0.843, 0.827, 0.795, 0.811, 0.803, 0.827, 0.835, 0.866, 0.898, 0.803, 0.819, 0.811, 0.772, 0.843, 0.811, 0.866, 0.803, 0.858, 0.787, 0.858, 0.85, 0.819, 0.78, 0.803, 0.858, 0.858, 0.819, 0.843, 0.835, 0.803, 0.795, 0.835, 0.827, 0.866, 0.858, 0.819]
0.828 0.038
5
[0.811, 0.756, 0.843, 0.85, 0.866, 0.795, 0.795, 0.866, 0.874, 0.819, 0.882, 0.827, 0.819, 0.866, 0.866, 0.803, 0.858, 0.85, 0.795, 0.835, 0.882, 0.866, 0.787, 0.819, 0.827, 0.898, 0.85, 0.85, 0.866, 0.795, 0.78, 0.827, 0.819, 0.85, 0.85, 0.858, 0.835, 0.811, 0.843, 0.819, 0.858, 0.858, 0.866, 0.764, 0.843, 0.85, 0.803, 0.827, 0.882, 0.835, 0.866, 0.835, 0.85, 0.803, 0.819, 0.843, 0.882, 0.811, 0.85, 0.85, 0.85, 0.858, 0.858, 0.811, 0.858, 0.85, 0.835, 0.874, 0.811, 0.858, 0.866, 0.85, 0.882, 0.827, 0.874, 0.858, 0.866, 0.843, 0.843, 0.835, 0.835, 0.866, 0.874, 0.843, 0.803, 0.835, 0.835, 0.85, 0.835, 0.787, 0.819, 0.858, 0.827, 0.843, 0.89, 0.835, 0.795, 0.803, 0.85, 0.882]
0.84 0.028
10
[0.843, 0.835, 0.858, 0.866, 0.866, 0.858, 0.866, 0.835, 0.843, 0.858, 0.858, 0.874, 0.858, 0.843, 0.882, 0.866, 0.843, 0.858, 0.874, 0.756, 0.858, 0.843, 0.874, 0.874, 0.843, 0.874, 0.85, 0.827, 0.85, 0.866, 0.882, 0.843, 0.858, 0.866, 0.858, 0.89, 0.866, 0.866, 0.85, 0.843, 0.795, 0.874, 0.866, 0.827, 0.85, 0.858, 0.874, 0.85, 0.811, 0.835, 0.866, 0.843, 0.858, 0.882, 0.89, 0.843, 0.795, 0.898, 0.843, 0.882, 0.85, 0.835, 0.858, 0.874, 0.89, 0.858, 0.874, 0.874, 0.874, 0.701, 0.882, 0.858, 0.858, 0.89, 0.85, 0.874, 0.858, 0.843, 0.874, 0.787, 0.858, 0.795, 0.89, 0.874, 0.874, 0.85, 0.882, 0.858, 0.89, 0.882, 0.858, 0.85, 0.85, 0.843, 0.843, 0.89, 0.843, 0.803, 0.882, 0.858]
0.855 0.029
20
[0.85, 0.843, 0.89, 0.835, 0.866, 0.843, 0.866, 0.906, 0.882, 0.866, 0.89, 0.866, 0.898, 0.866, 0.882, 0.882, 0.858, 0.866, 0.882, 0.913, 0.874, 0.843, 0.89, 0.85, 0.874, 0.85, 0.843, 0.827, 0.866, 0.85, 0.866, 0.85, 0.89, 0.882, 0.874, 0.866, 0.843, 0.874, 0.882, 0.858, 0.89, 0.882, 0.858, 0.89, 0.85, 0.85, 0.866, 0.898, 0.858, 0.827, 0.843, 0.882, 0.85, 0.882, 0.898, 0.874, 0.882, 0.89, 0.85, 0.835, 0.858, 0.85, 0.874, 0.858, 0.882, 0.874, 0.843, 0.882, 0.874, 0.858, 0.882, 0.866, 0.866, 0.858, 0.866, 0.858, 0.874, 0.85, 0.874, 0.85, 0.898, 0.858, 0.874, 0.858, 0.803, 0.89, 0.89, 0.827, 0.882, 0.858, 0.874, 0.835, 0.874, 0.85, 0.866, 0.874, 0.795, 0.827, 0.835, 0.882]
0.865 0.021
40
[0.882, 0.85, 0.827, 0.843, 0.866, 0.874, 0.85, 0.89, 0.866, 0.874, 0.874, 0.882, 0.866, 0.866, 0.866, 0.882, 0.843, 0.89, 0.874, 0.795, 0.843, 0.85, 0.874, 0.858, 0.882, 0.827, 0.882, 0.858, 0.898, 0.882, 0.874, 0.898, 0.866, 0.898, 0.898, 0.906, 0.85, 0.858, 0.89, 0.89, 0.882, 0.874, 0.874, 0.898, 0.906, 0.874, 0.843, 0.866, 0.866, 0.866, 0.89, 0.858, 0.882, 0.874, 0.858, 0.858, 0.921, 0.874, 0.89, 0.898, 0.89, 0.898, 0.866, 0.843, 0.89, 0.85, 0.882, 0.866, 0.866, 0.89, 0.882, 0.874, 0.858, 0.866, 0.866, 0.906, 0.858, 0.906, 0.866, 0.866, 0.843, 0.89, 0.858, 0.882, 0.858, 0.866, 0.874, 0.882, 0.858, 0.874, 0.866, 0.89, 0.874, 0.866, 0.89, 0.866, 0.89, 0.858, 0.835, 0.898]
0.872 0.02
80
[0.858, 0.866, 0.874, 0.898, 0.858, 0.85, 0.89, 0.858, 0.874, 0.874, 0.843, 0.882, 0.89, 0.89, 0.874, 0.874, 0.874, 0.882, 0.89, 0.89, 0.906, 0.874, 0.858, 0.898, 0.882, 0.858, 0.858, 0.85, 0.89, 0.882, 0.866, 0.866, 0.89, 0.866, 0.898, 0.898, 0.866, 0.874, 0.866, 0.898, 0.882, 0.882, 0.866, 0.874, 0.874, 0.898, 0.858, 0.874, 0.882, 0.882, 0.882, 0.882, 0.906, 0.882, 0.866, 0.89, 0.85, 0.898, 0.874, 0.898, 0.866, 0.898, 0.882, 0.882, 0.866, 0.906, 0.874, 0.858, 0.874, 0.874, 0.898, 0.874, 0.85, 0.882, 0.772, 0.89, 0.843, 0.89, 0.89, 0.89, 0.874, 0.906, 0.882, 0.89, 0.858, 0.89, 0.85, 0.89, 0.874, 0.827, 0.898, 0.882, 0.874, 0.898, 0.874, 0.882, 0.85, 0.882, 0.89, 0.843]
0.876 0.019
126
[0.89, 0.898, 0.882, 0.874, 0.874, 0.874, 0.843, 0.89, 0.874, 0.89, 0.874, 0.921, 0.882, 0.858, 0.874, 0.882, 0.89, 0.898, 0.882, 0.866, 0.843, 0.898, 0.882, 0.89, 0.85, 0.827, 0.898, 0.89, 0.906, 0.882, 0.866, 0.906, 0.89, 0.906, 0.898, 0.858, 0.898, 0.89, 0.89, 0.866, 0.874, 0.898, 0.85, 0.858, 0.843, 0.874, 0.835, 0.835, 0.89, 0.866, 0.89, 0.85, 0.866, 0.882, 0.882, 0.89, 0.89, 0.882, 0.874, 0.882, 0.882, 0.906, 0.85, 0.913, 0.89, 0.874, 0.858, 0.882, 0.858, 0.89, 0.898, 0.843, 0.882, 0.906, 0.89, 0.874, 0.811, 0.906, 0.898, 0.89, 0.906, 0.898, 0.89, 0.89, 0.882, 0.85, 0.85, 0.874, 0.913, 0.913, 0.874, 0.906, 0.858, 0.882, 0.898, 0.882, 0.898, 0.874, 0.906, 0.898]
0.88 0.021

